"model","scenario","region","variable","unit","version","2020","2021","2025","2030","2035","2040","2045","2050","2055","2060","2065","2070","2075","2080","2085","2090","2095","2100"
"AIM 3.0","Medium - SSP1","Africa (R10)","Capacity|Electricity|Biomass","GW",1,0.8001,,0.8055000000000001,0.4803,0.5803,0.6194000000000001,0.819199999999999,1.1777,1.6704,2.0909,2.4983,2.8946,3.3051,3.7277,4.1662,4.5927,5.1234,5.7695
"AIM 3.0","Medium - SSP1","Africa (R10)","Capacity|Electricity|Coal","GW",1,47.2213,,52.9759,77.10669999999999,74.0877,57.1612,23.3923,15.1432,11.5885,9.3173,9.481,10.898,12.4317,14.0084,15.6141,17.2215,19.2059,21.704
"AIM 3.0","Medium - SSP1","Africa (R10)","Capacity|Electricity|Fossil","GW",1,155.4588,,164.1166,400.3197,474.7478,432.5347,276.9324,248.4593,306.6649,355.2912,415.7734,450.9633,447.7567,407.741,389.5845,394.5359,402.7081,310.2704
"AIM 3.0","Medium - SSP1","Africa (R10)","Capacity|Electricity|Gas","GW",1,98.29150000000001,,99.82560000000001,322.1349,400.1188,374.8237,252.795,232.1541,293.333,343.7301,403.5876,436.9231,431.7349,389.6883,369.4661,372.3457,377.9617,282.2991
"AIM 3.0","Medium - SSP1","Africa (R10)","Capacity|Electricity|Geothermal","GW",1,0.6935,,0.6736000000000001,1.3741,1.3587,1.4161,1.6826,1.9242,2.9169,3.2554,3.2344,3.2251,3.2136,3.2023,3.1938,3.1859,3.1812,3.1704
"AIM 3.0","Medium - SSP1","Africa (R10)","Capacity|Electricity|Hydro","GW",1,32.6106,,47.2771,66.9173,82.476,92.3281,96.0523,101.5602,106.5422,119.563,135.5259,158.1518,157.8633,157.2112,156.7448,156.3461,156.1315,155.6837
"AIM 3.0","Medium - SSP1","Africa (R10)","Capacity|Electricity|Nuclear","GW",1,2.2367,,2.2937,1.9297,1.926,1.9313,1.9379,1.9361,1.9388,1.9402,1.5814,1.8324,2.0922,2.3597,2.6371,2.907,3.243,3.6522
"AIM 3.0","Medium - SSP1","Africa (R10)","Capacity|Electricity|Oil","GW",1,9.946,,11.315,1.0781,0.5412,0.5499,0.745,1.162,1.7433,2.2437,2.7048,3.1421,3.5901,4.0443,4.5043,4.9687,5.5406,6.2672
"AIM 3.0","Medium - SSP1","Africa (R10)","Capacity|Electricity|Solar|PV","GW",1,7.3331,,12.7067,53.051,59.0263,104.9498,194.1172,516.207,748.7962,932.4407,1122.6879,1304.1558,1468.4245,1681.5644,1950.2575,2267.9061,2639.1285,3035.0864
"AIM 3.0","Medium - SSP1","Africa (R10)","Capacity|Electricity|Wind|Onshore","GW",1,8.6766,,9.926300000000001,51.3533,84.74950000000001,155.4682,523.4544,818.6494,1234.4958,1592.9414,1931.0592,2265.9008,2690.1243,3140.8749,3563.8987,3922.9885,4382.5948,5061.3142
"AIM 3.0","Medium - SSP1","China+ (R10)","Capacity|Electricity|Biomass","GW",1,25.0173,,31.4119,1.7712,2.0518,2.0708,2.1806,2.3546,2.4312,2.5162,2.5756,2.5172,2.532,2.4609,2.4274,2.3561,2.3697,2.3172
"AIM 3.0","Medium - SSP1","China+ (R10)","Capacity|Electricity|Coal","GW",1,1244.2272,,1483.5965,909.3633,770.3425,355.5103,320.357,287.9498,271.4058,204.2638,73.8523,31.6663,35.5157,49.4124,25.945,25.5707,13.8755,14.2573
"AIM 3.0","Medium - SSP1","China+ (R10)","Capacity|Electricity|Fossil","GW",1,1393.0241,,1898.7243,920.1249,777.5238,362.758,365.9983,296.191,279.915,213.0704,232.7633,247.7092,255.3099,255.7505,235.7676,234.6971,191.2053,187.9528
"AIM 3.0","Medium - SSP1","China+ (R10)","Capacity|Electricity|Gas","GW",1,127.6936,,259.8016,6.7067,3.5907,3.6238,41.8252,4.1206,4.2546,4.4033,154.4038,211.6378,215.3633,202.0315,205.5746,205.0033,173.1829,169.6403
"AIM 3.0","Medium - SSP1","China+ (R10)","Capacity|Electricity|Hydro","GW",1,429.0153,,571.7549,527.9532,516.4394,500.5183,800.8829,777.2363,742.8805,647.5688,544.8333,498.4297,409.9624,407.1903,406.0431,405.6971,403.9674,404.1173
"AIM 3.0","Medium - SSP1","China+ (R10)","Capacity|Electricity|Nuclear","GW",1,52.0092,,100.9987,32.7018,29.8315,29.3458,25.3591,25.202,6.1384,6.1048,6.1193,5.9991,6.1157,6.0739,5.2927,2.0699,2.0938,2.0475
"AIM 3.0","Medium - SSP1","China+ (R10)","Capacity|Electricity|Oil","GW",1,21.1033,,155.3263,4.0549,3.5907,3.6238,3.8161,4.1206,4.2546,4.4033,4.5072,4.4051,4.431,4.3066,4.248,4.1232,4.1469,4.0551
"AIM 3.0","Medium - SSP1","China+ (R10)","Capacity|Electricity|Solar|PV","GW",1,267.8669,,351.1893,1120.2078,1058.6905,881.7386,703.7538,668.4057,712.7491,947.3813,1090.8378,1062.9662,940.9689,793.8676,959.1874,934.472,974.6971,1055.5063
"AIM 3.0","Medium - SSP1","China+ (R10)","Capacity|Electricity|Wind|Onshore","GW",1,239.7856,,347.3484,554.9313,1260.2731,1963.1433,2219.2996,2599.1594,2776.2564,2875.9786,2928.7605,2859.3825,2920.4426,2878.7148,2782.3896,2686.6985,2745.0925,2618.9036
"AIM 3.0","Medium - SSP1","Europe (R10)","Capacity|Electricity|Biomass","GW",1,85.98250000000002,,83.91629999999999,2.670499999999999,1.1274,1.2846,1.4049,1.5074,1.5673,1.5962,1.6471,1.6753,1.7351,1.8086,1.8578,1.8661,1.8488,1.8203
"AIM 3.0","Medium - SSP1","Europe (R10)","Capacity|Electricity|Coal","GW",1,199.1235,,247.4268,100.5506,68.8888,28.4644,26.3536,18.5949,16.0599,14.4736,12.0881,13.9068,14.0064,14.4244,14.5273,12.0099,12.9441,12.5943
"AIM 3.0","Medium - SSP1","Europe (R10)","Capacity|Electricity|Fossil","GW",1,527.1125999999999,,560.8136000000001,127.9263,82.6321,38.6383,35.8095,29.6121,26.8962,28.1114,27.5315,26.9763,26.543,26.8402,26.9051,24.6183,24.7654,24.1889
"AIM 3.0","Medium - SSP1","Europe (R10)","Capacity|Electricity|Gas","GW",1,292.9829,,268.631,25.6087,12.0259,8.213000000000001,7.3106,8.713000000000001,8.442,11.2007,12.929,10.5123,9.889,9.6583,9.5466,9.765699999999999,9.004,8.818100000000001
"AIM 3.0","Medium - SSP1","Europe (R10)","Capacity|Electricity|Geothermal","GW",1,9.1406,,9.1248,8.5349,9.2356,9.7466,10.5547,10.2144,10.2245,10.2496,10.3326,10.7191,14.6373,18.8058,20.2283,20.216,20.1983,20.1953
"AIM 3.0","Medium - SSP1","Europe (R10)","Capacity|Electricity|Hydro","GW",1,205.5039,,197.1854,161.4796,184.8258,192.8176,196.855,203.4198,202.901,202.3651,202.277,202.236,202.0998,201.4768,201.2781,201.269,201.0116,201.0221
"AIM 3.0","Medium - SSP1","Europe (R10)","Capacity|Electricity|Nuclear","GW",1,115.5762,,103.1072,121.5287,120.5834,119.7162,119.3689,118.2475,117.8315,114.6947,110.2625,106.7702,105.8327,103.7986,53.5804,19.0703,7.7885,1.4629
"AIM 3.0","Medium - SSP1","Europe (R10)","Capacity|Electricity|Oil","GW",1,35.0064,,44.7558,1.7671,1.717399999999999,1.960799999999999,2.1452,2.3042,2.3943,2.4372,2.5143,2.5572,2.6477,2.757599999999999,2.8313,2.8427,2.817399999999999,2.7766
"AIM 3.0","Medium - SSP1","Europe (R10)","Capacity|Electricity|Other","GW",1,3.106099999999999,,3.3556,0.7893,0.921199999999999,1.043,1.139,1.2181,1.2692,1.2948,1.3368,1.359899999999999,1.4099,1.4737,1.516,1.525,1.5089,1.481399999999999
"AIM 3.0","Medium - SSP1","Europe (R10)","Capacity|Electricity|Solar|PV","GW",1,159.307,,253.4061,271.3438,293.0104,359.0672,436.3439,536.7583999999999,582.4079,585.9306,672.3147,729.4316,805.2448999999999,856.2298999999999,953.8055000000002,1013.0698,1024.9637,1029.9708
"AIM 3.0","Medium - SSP1","Europe (R10)","Capacity|Electricity|Wind|Onshore","GW",1,233.7086,,242.3551,633.4395999999999,882.4892,1131.5683,1278.3026,1404.2443,1474.3269,1513.0932,1568.3183,1597.47,1652.0832,1733.3129,1858.3954,1916.8148,1912.4631,1888.2627
"AIM 3.0","Medium - SSP1","India+ (R10)","Capacity|Electricity|Biomass","GW",1,7.5286,,8.3637,0.5007,0.6371,0.7438,0.8614,0.8561000000000001,0.8004,0.7939,0.8407,0.9228000000000001,0.9693,1.0179,1.1145,1.18,1.2666,1.2869
"AIM 3.0","Medium - SSP1","India+ (R10)","Capacity|Electricity|Coal","GW",1,249.4448,,279.5714,214.973,265.6062,89.6662,105.686,103.4566,62.9537,35.5288,11.3725,9.6192,9.5309,11.2341,9.3267,13.0172,16.869,22.0835
"AIM 3.0","Medium - SSP1","India+ (R10)","Capacity|Electricity|Fossil","GW",1,282.7012,,319.2799,232.7058,293.2871,101.6241,108.6016,106.025,88.8022,104.2066,107.3133,97.6886,97.117,97.291,95.4608,96.4811,100.9871,96.7842
"AIM 3.0","Medium - SSP1","India+ (R10)","Capacity|Electricity|Gas","GW",1,28.458,,30.6366,16.9818,26.7252,10.8422,1.6235,1.2842,24.6478,67.4869,94.6798,86.6853,86.1321,84.53,84.4624,81.6939,82.2182,72.7704
"AIM 3.0","Medium - SSP1","India+ (R10)","Capacity|Electricity|Hydro","GW",1,54.0679,,74.5098,71.0907,77.609,83.44,88.6643,99.9796,98.8542,98.796,98.8486,99.0751,99.0398,98.0405,97.5954,97.1685,96.9051,96.8945
"AIM 3.0","Medium - SSP1","India+ (R10)","Capacity|Electricity|Nuclear","GW",1,7.2473,,10.5863,6.0154,5.8376,5.5043,5.3539,5.2934,4.0333,3.9773,40.1813,114.6269,145.7944,197.3898,225.0261,238.9781,253.226,268.0921
"AIM 3.0","Medium - SSP1","India+ (R10)","Capacity|Electricity|Oil","GW",1,4.7984,,9.0719,0.751,0.9556,1.1157,1.2921,1.2842,1.2006,1.1909,1.261,1.3841,1.454,1.5269,1.6717,1.77,1.8999,1.9303
"AIM 3.0","Medium - SSP1","India+ (R10)","Capacity|Electricity|Solar|PV","GW",1,45.8618,,163.012,608.2161,790.0654,949.5146,1177.724,1155.5033,1138.5709,1138.2909,1154.3112,1143.8118,1164.9039,1148.1663,1354.4797,1497.9044,1685.4667,1698.4377
"AIM 3.0","Medium - SSP1","India+ (R10)","Capacity|Electricity|Wind|Onshore","GW",1,39.436,,41.1417,37.5088,88.5931,676.9331,770.1659,757.9063,700.9978,683.5836,683.4496,666.7224,666.0079,630.3619,639.6936,651.6866,677.3235,672.5443
"AIM 3.0","Medium - SSP1","Latin America (R10)","Capacity|Electricity|Biomass","GW",1,22.4188,,20.0694,0.9025000000000001,0.8996999999999991,1.035499999999999,1.1839,1.3843,1.5322,1.6966,1.9213,2.1162,2.2917,2.3968,2.4797,2.5293,2.5936,2.6516
"AIM 3.0","Medium - SSP1","Latin America (R10)","Capacity|Electricity|Coal","GW",1,17.8809,,22.1382,6.311,2.4817,0.9598000000000001,0.7892999999999991,0.9228000000000001,1.021399999999999,1.1311,1.2993,1.4108,1.5278,1.597799999999999,1.6532,1.6862,1.729,1.7678
"AIM 3.0","Medium - SSP1","Latin America (R10)","Capacity|Electricity|Fossil","GW",1,187.9507,,183.7423,42.4775,39.3895,20.5972,22.1897,22.6247,21.747,24.1551,19.9737,30.7128,37.3088,35.8745,36.6696,36.9467,40.4036,40.5932
"AIM 3.0","Medium - SSP1","Latin America (R10)","Capacity|Electricity|Gas","GW",1,124.6888,,121.6191,34.4525,36.0081,18.602,20.2165,20.3175,19.1932,21.3274,16.753,27.186,33.4892,31.8799,32.5367,32.7311,36.081,36.1738
"AIM 3.0","Medium - SSP1","Latin America (R10)","Capacity|Electricity|Geothermal","GW",1,1.7547,,1.4924,20.4955,19.3547,19.9082,19.7099,18.9154,18.85,18.8458,18.8053,18.7469,18.7623,18.7277,18.7015,18.6877,18.6791,18.6678
"AIM 3.0","Medium - SSP1","Latin America (R10)","Capacity|Electricity|Hydro","GW",1,163.153,,230.4038,207.0184,291.9257,343.2437,384.5259,419.2195,413.6552,418.4196,414.7244,413.2817,413.2959,412.6912,411.8419,408.3161,406.8122,411.1572
"AIM 3.0","Medium - SSP1","Latin America (R10)","Capacity|Electricity|Nuclear","GW",1,5.3399,,5.6841,4.840400000000001,4.8184,4.7557,4.7958,4.7654,4.7089,4.2896,2.9628,2.9523,2.1015,1.2032,1.2448,1.2697,1.302,1.3311
"AIM 3.0","Medium - SSP1","Latin America (R10)","Capacity|Electricity|Oil","GW",1,45.381,,39.9849,1.7139,0.8996999999999991,1.035499999999999,1.1839,1.3843,1.5322,1.6966,1.9213,2.1162,2.2917,2.3968,2.4797,2.5293,2.5936,2.6516
"AIM 3.0","Medium - SSP1","Latin America (R10)","Capacity|Electricity|Solar|PV","GW",1,23.2506,,51.1657,122.3773,126.3517,126.8111,145.3158,258.1802,302.2703,367.3678,497.246,578.7885,651.5353,676.7066,703.6197,700.2153,715.0385,720.2478
"AIM 3.0","Medium - SSP1","Latin America (R10)","Capacity|Electricity|Wind|Onshore","GW",1,30.996,,47.3765,198.2496,266.3825,350.9019,414.5738,482.3749,577.6605,668.6038,812.515,935.5933,1045.8338,1119.361,1169.2256,1206.2599,1245.9579,1281.8137
"AIM 3.0","Medium - SSP1","Middle East (R10)","Capacity|Electricity|Biomass","GW",1,0.3803,,0.3351,0.2712,0.312,0.3466,0.4002,0.4476,0.4934,0.5189,0.5333,0.5344,0.5484,0.5808,0.623,0.6499,0.6451,0.6478
"AIM 3.0","Medium - SSP1","Middle East (R10)","Capacity|Electricity|Coal","GW",1,6.1713,,8.8609,0.3691,0.4159,0.4621,0.5336000000000001,0.5969,0.6578,0.6919000000000001,0.7111000000000001,0.7126,0.7313000000000001,0.7744000000000001,0.8307,0.8666,0.8602000000000001,0.8637
"AIM 3.0","Medium - SSP1","Middle East (R10)","Capacity|Electricity|Fossil","GW",1,359.8727,,365.9172,484.0271,562.5631,609.9874,588.8366,586.6684,617.1609,650.9868,627.0171,594.6113,594.545,546.2769,507.52,552.9937,547.6813,438.6306
"AIM 3.0","Medium - SSP1","Middle East (R10)","Capacity|Electricity|Gas","GW",1,252.9546,,251.4201,478.4287,561.5232,608.8322,587.5025,585.1763,615.4384,649.2572,625.2393,592.8298,592.7169,544.3409,505.4432,550.8273,545.5308,436.4712
"AIM 3.0","Medium - SSP1","Middle East (R10)","Capacity|Electricity|Hydro","GW",1,20.4532,,18.4881,17.6843,18.2386,21.6532,22.1314,22.2448,27.896,27.7764,27.687,27.6119,27.6777,27.5338,27.5467,27.7158,27.6354,27.5511
"AIM 3.0","Medium - SSP1","Middle East (R10)","Capacity|Electricity|Nuclear","GW",1,1.0043,,6.8426,1.2142,1.0323,1.0272,1.0146,1.0087,0.5946,0.6254000000000001,0.6428,0.6441,0.661,0.7000000000000001,0.7509,0.7833,0.7775000000000001,0.7807000000000001
"AIM 3.0","Medium - SSP1","Middle East (R10)","Capacity|Electricity|Oil","GW",1,100.7468,,105.6361,5.2293,0.6239,0.6932,0.8005,0.8953000000000001,1.0647,1.0378,1.0667,1.0689,1.0969,1.1616,1.2461,1.2998,1.2903,1.2956
"AIM 3.0","Medium - SSP1","Middle East (R10)","Capacity|Electricity|Solar|PV","GW",1,7.026,,177.3295,39.139,37.8037,77.6527,360.1565,582.7003,720.6902,759.7905,858.6918,923.5728,981.1099,1226.5215,1393.0405,1419.7172,1415.9888,1399.4738
"AIM 3.0","Medium - SSP1","Middle East (R10)","Capacity|Electricity|Wind|Onshore","GW",1,0.8754000000000001,,3.8907,22.5128,22.3229,21.3608,18.0718,10.4127,1.5642,1.314,1.3506,1.3534,1.3889,1.4708,65.1399,66.5409,66.3083,220.1964
"AIM 3.0","Medium - SSP1","North America (R10)","Capacity|Electricity|Biomass","GW",1,22.096,,20.7623,1.3302,1.5491,2.1604,2.6519,2.964299999999999,3.2181,3.3815,3.4779,3.5658,3.6691,3.7537,3.8198,3.8651,3.8771,3.865
"AIM 3.0","Medium - SSP1","North America (R10)","Capacity|Electricity|Coal","GW",1,304.0056,,267.8581,148.1231,65.22359999999999,8.420300000000001,10.2776,11.5024,12.5153,13.1442,13.498,13.8185,14.2191,14.5471,14.8083,14.9942,15.0542,15.0233
"AIM 3.0","Medium - SSP1","North America (R10)","Capacity|Electricity|Fossil","GW",1,849.6001,,830.6990000000001,355.4592,110.1619,117.3752,106.3919,57.9781,43.211,28.3886,23.1688,23.7851,23.5777,24.1219,24.5512,24.851,24.9397,24.8751
"AIM 3.0","Medium - SSP1","North America (R10)","Capacity|Electricity|Gas","GW",1,529.3949,,511.9117,205.525,42.9574,106.1999,92.7335,42.6971,26.5949,10.9347,5.2367,5.4189,4.6793,4.7874,4.8714,4.9284,4.9427,4.9259
"AIM 3.0","Medium - SSP1","North America (R10)","Capacity|Electricity|Geothermal","GW",1,5.474,,4.756,4.6998,4.7268,4.5172,4.4672,4.4277,4.3993,4.3958,4.3869,4.3853,4.3863,4.3844,4.3824,4.3816,4.3784,4.3785
"AIM 3.0","Medium - SSP1","North America (R10)","Capacity|Electricity|Hydro","GW",1,180.2854,,212.6005,160.2086,191.7895,197.2417,204.6184,207.4151,211.4709,211.4043,210.661,210.5309,210.1888,205.1737,205.1588,205.146,205.6893,206.1314
"AIM 3.0","Medium - SSP1","North America (R10)","Capacity|Electricity|Nuclear","GW",1,130.7665,,137.6372,130.3915,130.8907,125.6805,124.3185,123.2886,121.2434,115.4854,111.1259,108.7512,105.6225,105.2574,105.2124,104.0734,77.893,60.10910000000001
"AIM 3.0","Medium - SSP1","North America (R10)","Capacity|Electricity|Oil","GW",1,16.1997,,50.9293,1.8112,1.981,2.754899999999999,3.3807,3.7786,4.1009,4.3095,4.434,4.5477,4.6793,4.7874,4.8714,4.9284,4.9427,4.9259
"AIM 3.0","Medium - SSP1","North America (R10)","Capacity|Electricity|Other","GW",1,1.0165,,0.9691000000000001,0.9696,1.132,1.574199999999999,1.9319,2.1592,2.3433,2.4626,2.5337,2.5987,2.6739,2.7357,2.7837,2.8162,2.8244,2.8148
"AIM 3.0","Medium - SSP1","North America (R10)","Capacity|Electricity|Solar|PV","GW",1,78.7857,,122.581,655.6394,650.027,591.9925999999999,666.1225999999999,1183.4016,1206.9915,1368.3653,1463.8189,1499.6598,1444.3753,1478.8538,1524.4912,1571.1015,1615.215,1618.1078
"AIM 3.0","Medium - SSP1","North America (R10)","Capacity|Electricity|Wind|Onshore","GW",1,124.4964,,247.4117,466.4136,976.4899,1813.8751,2413.6379,2655.861,3007.8856,3180.2491,3278.1991,3380.882,3541.9874,3643.0834,3708.9461,3749.4816,3797.6321,3815.1604
"AIM 3.0","Medium - SSP1","Pacific OECD (R10)","Capacity|Electricity|Biomass","GW",1,9.319099999999999,,10.1642,0.3399,0.2921,0.3099,0.3368,0.3755,0.4107,0.437899999999999,0.4588,0.4759,0.492299999999999,0.5013000000000001,0.5092,0.5119,0.5112,0.5037
"AIM 3.0","Medium - SSP1","Pacific OECD (R10)","Capacity|Electricity|Coal","GW",1,87.2995,,110.7663,126.3888,120.8112,106.8576,62.1885,38.3054,9.0456,7.124700000000001,6.181999999999999,6.4674,6.8991,5.801399999999999,5.6067,5.6037,5.5324,4.9041
"AIM 3.0","Medium - SSP1","Pacific OECD (R10)","Capacity|Electricity|Fossil","GW",1,257.6801,,267.0747,153.4832,157.5679,142.8294,92.0638,84.8526,91.56389999999999,95.5655,96.7779,95.92490000000001,94.8617,93.26259999999999,92.1806,89.4257,85.99780000000001,79.2089
"AIM 3.0","Medium - SSP1","Pacific OECD (R10)","Capacity|Electricity|Gas","GW",1,127.6966,,118.5693,26.6843,36.3185,35.5071,29.2558,45.6975,81.83579999999999,87.784,89.90769999999999,88.7436,87.22409999999999,86.7092,85.81009999999999,83.05420000000001,79.69879999999999,73.5493
"AIM 3.0","Medium - SSP1","Pacific OECD (R10)","Capacity|Electricity|Geothermal","GW",1,2.1771,,2.151399999999999,3.6319,4.0975,4.6159,5.3575,6.2721,7.1775,7.159499999999999,7.8449,8.2464,8.3414,11.0374,15.4764,21.0962,26.8456,27.7199
"AIM 3.0","Medium - SSP1","Pacific OECD (R10)","Capacity|Electricity|Hydro","GW",1,28.7643,,32.5135,34.3255,36.9035,36.8279,36.7682,36.8778,36.6746,36.4577,36.38639999999999,35.8771,34.735,34.647,34.6036,34.5699,34.5642,34.4661
"AIM 3.0","Medium - SSP1","Pacific OECD (R10)","Capacity|Electricity|Nuclear","GW",1,32.8786,,28.9691,18.0626,7.9735,3.6411,1.4832,1.4985,1.3564,1.5321,1.7487,5.0004,9.9888,9.991800000000001,9.0013,8.653300000000002,8.6304,8.6009
"AIM 3.0","Medium - SSP1","Pacific OECD (R10)","Capacity|Electricity|Oil","GW",1,42.6839,,37.7392,0.4101,0.4382,0.4647,0.619499999999999,0.8497,0.682399999999999,0.6568,0.688299999999999,0.7139,0.738599999999999,0.7519,0.7638,0.7678,0.766699999999999,0.7555000000000001
"AIM 3.0","Medium - SSP1","Pacific OECD (R10)","Capacity|Electricity|Solar|PV","GW",1,93.60929999999999,,98.65369999999999,63.1198,67.5232,68.6291,104.5035,193.292,207.4821,230.3559,251.6071,268.1744,284.9393,292.6712,299.1918,301.5153,297.532,299.4925
"AIM 3.0","Medium - SSP1","Pacific OECD (R10)","Capacity|Electricity|Wind|Onshore","GW",1,14.5789,,16.458,71.2518,107.6445,158.1925,255.3623,283.6993,323.8117,350.8186,369.9166,383.5917,392.5907,397.4339,400.3134,394.9213999999999,384.6065,377.5836
"AIM 3.0","Medium - SSP1","Reforming Economies (R10)","Capacity|Electricity|Biomass","GW",1,14.4929,,13.8992,0.5026,0.5329,0.5671,0.6119,0.6418,0.673,0.6885,0.726,0.7572,0.7817000000000001,0.8032,0.8515,0.8922,0.9299000000000001,0.9556
"AIM 3.0","Medium - SSP1","Reforming Economies (R10)","Capacity|Electricity|Coal","GW",1,119.4968,,125.8276,132.4624,111.6122,76.3379,71.6447,57.0021,54.9222,44.8508,43.7166,43.6779,46.514,37.9566,39.952,43.0176,42.54,39.8959
"AIM 3.0","Medium - SSP1","Reforming Economies (R10)","Capacity|Electricity|Fossil","GW",1,634.6111,,648.7552,371.7704,357.1207,304.6239,179.4418,159.9443,156.4458,131.7842,118.6344,117.9608,119.2756,102.4529,96.531,93.6625,91.0459,86.9894
"AIM 3.0","Medium - SSP1","Reforming Economies (R10)","Capacity|Electricity|Gas","GW",1,488.058,,474.3386,238.1987,244.8423,227.5772,107.0322,102.1399,100.6824,86.0729,74.0104,73.3364,71.7845,63.4923,55.5147,49.5296,47.3435,45.899
"AIM 3.0","Medium - SSP1","Reforming Economies (R10)","Capacity|Electricity|Geothermal","GW",1,0.1119,,0.1007,0.3866,0.41,0.4362,0.4707,0.4937,0.5177,0.5296000000000001,0.5584,0.5824,0.6013000000000001,1.0241,2.189,2.3865,2.3819,2.5265
"AIM 3.0","Medium - SSP1","Reforming Economies (R10)","Capacity|Electricity|Hydro","GW",1,69.5595,,70.6379,58.9237,81.9085,86.6336,84.5,86.0642,93.9083,102.0286,130.2696,163.6818,180.2432,218.9656,300.1687,298.192,297.6475,298.9992
"AIM 3.0","Medium - SSP1","Reforming Economies (R10)","Capacity|Electricity|Nuclear","GW",1,37.5129,,38.8513,42.249,41.7249,41.7157,40.4902,40.0499,39.0367,28.714,19.519,8.2746,7.347,6.2962,2.7297,0.5599000000000001,0.5861000000000001,0.6023000000000001
"AIM 3.0","Medium - SSP1","Reforming Economies (R10)","Capacity|Electricity|Oil","GW",1,27.0563,,48.589,1.1093,0.6662,0.7089000000000001,0.7649,0.8023,0.8412000000000001,0.8606,0.9074000000000001,0.9464,0.9771000000000001,1.004,1.0643,1.1153,1.1623,1.1945
"AIM 3.0","Medium - SSP1","Reforming Economies (R10)","Capacity|Electricity|Solar|PV","GW",1,8.6663,,8.4122,26.7912,60.8578,56.9214,51.3786,54.6663,52.1041,52.7068,55.6728,69.8333,72.3594,74.2485,81.0935,87.6623,92.6882,95.6586
"AIM 3.0","Medium - SSP1","Reforming Economies (R10)","Capacity|Electricity|Wind|Onshore","GW",1,2.6994,,5.7944,30.729,48.7728,154.2752,357.1837,424.7976,464.6674,527.051,572.9188,590.6096,599.9524,602.4803,571.5996,631.7285,683.9811,720.7175
"AIM 3.0","Medium - SSP1","Rest of Asia (R10)","Capacity|Electricity|Biomass","GW",1,9.7732,,12.7311,0.6358,0.6608,0.764,0.8619,0.953399999999999,1.02,1.0948,1.188,1.2689,1.360199999999999,1.4649,1.5569,1.625,1.674399999999999,1.7117
"AIM 3.0","Medium - SSP1","Rest of Asia (R10)","Capacity|Electricity|Coal","GW",1,179.2794,,192.3181,268.269,314.3427,290.2748,223.1039,159.268,174.292,212.5379,165.5285,131.6384,127.5321,110.783,103.1725,113.6478,110.1074,92.7017
"AIM 3.0","Medium - SSP1","Rest of Asia (R10)","Capacity|Electricity|Fossil","GW",1,435.8478,,447.5237,345.6928,386.1228,334.7004,305.8928,292.6411,318.1058,355.3544,329.5884,325.6741,344.5166,319.6847,313.1628,308.7963,303.6949,298.1183
"AIM 3.0","Medium - SSP1","Rest of Asia (R10)","Capacity|Electricity|Gas","GW",1,216.8239,,201.5652,74.8101,70.6235,43.0885,81.2806,131.7047,142.0289,140.9006,161.9809,191.815,214.6042,206.338,207.2658,192.3047,190.6572,202.4211
"AIM 3.0","Medium - SSP1","Rest of Asia (R10)","Capacity|Electricity|Geothermal","GW",1,6.5924,,6.1356,7.9949,9.1309,9.0653,9.0095,8.9163,8.8515,8.8273,8.749600000000001,8.7241,8.7171,8.6838,8.6702,8.6641,8.665,8.6554
"AIM 3.0","Medium - SSP1","Rest of Asia (R10)","Capacity|Electricity|Hydro","GW",1,80.791,,101.0818,129.1239,125.2931,121.5607,117.1961,116.7169,111.9394,107.7028,102.0908,92.89580000000001,79.4077,64.2508,63.028,63.0055,62.9778,62.923
"AIM 3.0","Medium - SSP1","Rest of Asia (R10)","Capacity|Electricity|Nuclear","GW",1,28.7459,,35.6505,34.4234,41.7674,52.8477,67.061,71.6239,70.7866,69.9212,65.52940000000001,65.3048,62.96129999999999,66.7278,66.1849,65.9689,65.9352,65.86880000000001
"AIM 3.0","Medium - SSP1","Rest of Asia (R10)","Capacity|Electricity|Oil","GW",1,39.7445,,53.6404,2.6136,1.1565,1.337,1.5083,1.668499999999999,1.785,1.9159,2.078999999999999,2.2207,2.3804,2.5637,2.7245,2.8437,2.9303,2.9955
"AIM 3.0","Medium - SSP1","Rest of Asia (R10)","Capacity|Electricity|Solar|PV","GW",1,46.2528,,75.6726,639.2018,757.5632,829.2832999999999,840.755,962.1729,1148.1224,1279.3621,1547.5402,1644.8581,1780.1189,2041.7743,2300.9319,2389.0866,2483.761,2541.7733
"AIM 3.0","Medium - SSP1","Rest of Asia (R10)","Capacity|Electricity|Wind|Onshore","GW",1,7.8167,,41.466,108.0514,150.3335,325.5797,543.4429,664.7971,660.6065000000001,677.7079,768.6234,911.5255999999999,1005.3127,1120.103,1208.8063,1316.9732,1385.0384,1455.8961
"AIM 3.0","Medium - SSP1","World","Capacity|Electricity|Biomass","GW",1,197.8088,,202.4587,9.405,8.6432,9.9021,11.3127,12.6627,13.8167,14.8154,15.867,16.7282,17.685,18.5159,19.4061,20.0683,20.8397,21.5293
"AIM 3.0","Medium - SSP1","World","Capacity|Electricity|Coal","GW",1,2454.1502,,2791.3397,1983.9171,1793.8126,1014.1147,844.3267,692.742,614.4623,543.0643,337.7293,263.8159,268.9078,260.5396,231.4364,247.6354,238.7177,225.7956
"AIM 3.0","Medium - SSP1","World","Capacity|Electricity|Fossil","GW",1,5083.8592,,5686.6463,3433.9872,3241.1165,2465.6686,2082.1584,1884.9966,1950.5125,1986.9142,1998.5418,2012.0063,2040.8121,1909.2962,1818.3333,1857.0085,1813.4291,1587.6118
"AIM 3.0","Medium - SSP1","World","Capacity|Electricity|Gas","GW",1,2287.0427,,2338.3188,1429.5314,1434.7335,1437.3096,1221.5756,1174.0049,1316.451,1423.0976,1638.7284,1725.0881,1747.6175,1623.4559,1560.4916,1582.1841,1546.6208,1332.9683
"AIM 3.0","Medium - SSP1","World","Capacity|Electricity|Geothermal","GW",1,25.9441,,24.4346,47.1177,48.3141,49.7056,51.252,51.1638,52.9374,53.2629,53.9121,54.6292,58.6592,65.8654,72.8417,78.6181,84.3295,85.3139
"AIM 3.0","Medium - SSP1","World","Capacity|Electricity|Hydro","GW",1,1264.204,,1556.4528,1434.7252,1607.4092,1676.2647,2032.1945,2070.7342,2046.7224,1972.0822,1903.3041,1901.7718,1814.5138,1827.1809,1904.009,1897.426,1893.3421,1898.9455
"AIM 3.0","Medium - SSP1","World","Capacity|Electricity|Nuclear","GW",1,413.3175,,470.6207,393.3566,386.3856,386.1656,391.1829,392.9139,367.6685,347.2847,359.6729,420.1559,448.517,499.7984,471.6602,444.3337,421.4753,412.5476
"AIM 3.0","Medium - SSP1","World","Capacity|Electricity|Oil","GW",1,342.6663,,556.9878,20.5387,12.5703,14.2444,16.2562,18.2497,19.5992,20.7524,22.0841,23.1022,24.2868,25.3007,26.4053,27.189,28.0906,28.8479
"AIM 3.0","Medium - SSP1","World","Capacity|Electricity|Other","GW",1,4.1226,,4.3246,1.7589,2.0532,2.6172,3.0708,3.3773,3.6125,3.7574,3.8706,3.9586,4.0839,4.2094,4.2997,4.3412,4.3333,4.2962
"AIM 3.0","Medium - SSP1","World","Capacity|Electricity|Solar|PV","GW",1,737.9596,,1314.1288,3599.087,3900.9192,4046.5606,4680.1709,6111.2877,6820.1846,7661.9919,8714.7283,9225.2524,9593.9803,10270.6043,11520.0986,12182.6508,12944.4796,13493.7552
"AIM 3.0","Medium - SSP1","World","Capacity|Electricity|Wind|Onshore","GW",1,703.0694,,1003.1688,2174.4413,3888.0508,6751.2981,8793.4949,10101.9021,11222.2728,12071.3411,12915.1112,13593.0314,14515.7238,15267.1968,15968.4083,16544.0939,17280.998,18112.3924
"AIM 3.0","Very Low - SSP1","Africa (R10)","Capacity|Electricity|Biomass","GW",1,0.7996000000000001,,0.8037000000000001,0.4371,0.4641,0.821199999999999,1.3064,15.389,33.417,46.1848,19.9986,46.0996,49.17740000000001,49.3198,49.7436,32.7873,26.9482,27.5783
"AIM 3.0","Very Low - SSP1","Africa (R10)","Capacity|Electricity|Coal","GW",1,47.2056,,53.64190000000001,77.8987,5.2413,2.7808,4.3868,6.0573,7.7837,9.3553,11.1691,11.2626,12.7676,14.2487,15.4098,17.2281,18.9513,19.8318
"AIM 3.0","Very Low - SSP1","Africa (R10)","Capacity|Electricity|Fossil","GW",1,155.2359,,165.0074,345.6987,138.5697,46.7997,28.2688,19.0686,14.6891,17.5308,37.3234,23.365,26.4575,29.9282,32.6177,36.6648,37.5422,37.4654
"AIM 3.0","Very Low - SSP1","Africa (R10)","Capacity|Electricity|Gas","GW",1,98.0849,,99.78960000000001,266.8377,132.929,43.244,22.6366,11.2842,4.6838,5.5011,22.9445,8.879199999999999,10.032,11.5962,12.7917,14.4926,13.1428,11.9495
"AIM 3.0","Very Low - SSP1","Africa (R10)","Capacity|Electricity|Geothermal","GW",1,0.6935,,0.6754,1.3769,1.3469,1.3678,1.6426,1.883,2.8884,3.2264,3.2796,3.2256,3.2461,3.2413,3.2415,3.2444,3.2033,3.1911
"AIM 3.0","Very Low - SSP1","Africa (R10)","Capacity|Electricity|Hydro","GW",1,32.6125,,48.0979,69.3694,107.0153,113.8567,118.4876,122.0392,131.5503,144.6474,162.0388,159.1551,160.0206,159.6418,159.5399,159.678,157.6757,157.9734
"AIM 3.0","Very Low - SSP1","Africa (R10)","Capacity|Electricity|Nuclear","GW",1,2.235999999999999,,2.2859,1.9323,1.9016,1.8767,1.9106,1.9379,1.994,2.0202,1.9176,1.9597,2.2135,2.468299999999999,2.6686,2.9702,3.248,3.4334
"AIM 3.0","Very Low - SSP1","Africa (R10)","Capacity|Electricity|Oil","GW",1,9.9454,,11.5758,0.9622,0.3995,0.7749,1.2454,1.7271,2.2216,2.6745,3.2097,3.2232,3.6579,4.0832,4.4163,4.9441,5.4482,5.6841
"AIM 3.0","Very Low - SSP1","Africa (R10)","Capacity|Electricity|Solar|PV","GW",1,7.3241,,12.8324,52.3894,317.7979,332.1016,575.2904000000001,922.3872,1236.1284,1506.4526,1711.8458,1786.4245,2049.058,2311.8638,2533.6625,2853.1833,3392.3826,3626.8474
"AIM 3.0","Very Low - SSP1","Africa (R10)","Capacity|Electricity|Wind|Onshore","GW",1,8.6638,,9.9672,48.4518,139.1014,662.1841,1084.1193,1371.573,1785.2465,2148.3334,2600.9425,2615.9154,2970.939,3333.9644,3610.8151,4070.8481,4351.4277,4608.6942
"AIM 3.0","Very Low - SSP1","China+ (R10)","Capacity|Electricity|Biomass","GW",1,25.0173,,31.2902,1.7788,2.0266,5.0251,5.2557,5.3135,14.9897,19.4213,4.5494,11.7447,59.779,63.1995,63.0107,48.4006,53.051,55.3168
"AIM 3.0","Very Low - SSP1","China+ (R10)","Capacity|Electricity|Coal","GW",1,1244.2278,,1477.7183,928.8538,35.7917,15.2711,16.7698,18.889,21.4275,22.7294,22.0059,21.1477,19.8263,19.4798,19.2289,18.9307,17.9941,17.3257
"AIM 3.0","Very Low - SSP1","China+ (R10)","Capacity|Electricity|Fossil","GW",1,1393.0248,,1899.9401,939.8424,72.7258,25.1786,26.7733,30.1594,34.1941,36.2638,35.108,33.7352,31.6283,31.0632,30.6632,30.1877,28.6949,27.6283
"AIM 3.0","Very Low - SSP1","China+ (R10)","Capacity|Electricity|Gas","GW",1,127.6937,,266.5319,6.9162,33.3876,5.3533,5.0018,5.6352,6.3833,6.7672,6.551,6.2938,5.901,5.791700000000001,5.7171,5.6285,5.3504,5.1513
"AIM 3.0","Very Low - SSP1","China+ (R10)","Capacity|Electricity|Hydro","GW",1,429.0155,,571.7549,528.7654,502.4117,487.3102,784.5911,766.2831,698.1503,627.1865,538.7874,496.8411,394.5869,396.4082,395.4715,392.4016,384.7002,366.6301
"AIM 3.0","Very Low - SSP1","China+ (R10)","Capacity|Electricity|Nuclear","GW",1,52.0093,,100.6614,32.7521,76.4188,75.2308,70.768,65.6455,44.4237,45.5314,46.5995,46.0496,9.0657,2.9286,2.8908,2.846,2.7054,2.6047
"AIM 3.0","Very Low - SSP1","China+ (R10)","Capacity|Electricity|Oil","GW",1,21.1033,,155.6899,4.0725,3.5466,4.5542,5.0018,5.6352,6.3833,6.7672,6.551,6.2938,5.901,5.791700000000001,5.7171,5.6285,5.3504,5.1513
"AIM 3.0","Very Low - SSP1","China+ (R10)","Capacity|Electricity|Solar|PV","GW",1,267.867,,350.5985,1070.0723,2228.5566,2131.4495,1451.651,1495.1292,2854.6596,2968.7665,3053.742,2705.4939,2020.9814,2219.9663,2273.9363,2255.0673,1883.228,2028.3772
"AIM 3.0","Very Low - SSP1","China+ (R10)","Capacity|Electricity|Wind|Onshore","GW",1,239.7857,,347.375,562.9896,1390.5384,2449.3328,3181.7559,3810.0673,4124.1754,4533.0212,4183.8286,4042.1278,4002.1134,3779.4384,3679.1485,3614.3604,3544.3912,3409.8731
"AIM 3.0","Very Low - SSP1","Europe (R10)","Capacity|Electricity|Biomass","GW",1,85.9799,,83.9501,2.723799999999999,2.0581,3.274299999999999,5.3222,19.5607,37.3351,53.4694,48.33730000000001,55.248,57.8739,60.51559999999999,60.3857,56.0833,58.69090000000001,62.6165
"AIM 3.0","Very Low - SSP1","Europe (R10)","Capacity|Electricity|Coal","GW",1,199.1235,,249.2986,33.7111,6.340999999999999,6.5796,7.5344,8.5851,10.5811,10.7704,10.4875,10.7796,10.4486,10.4142,10.3503,10.3247,10.5152,10.5869
"AIM 3.0","Very Low - SSP1","Europe (R10)","Capacity|Electricity|Fossil","GW",1,527.1032,,562.2374,64.5512,21.8161,18.1597,16.2987,15.8325,19.2362,19.6956,19.5205,19.4744,18.8891,18.924,18.8201,18.7907,19.0898,19.3794
"AIM 3.0","Very Low - SSP1","Europe (R10)","Capacity|Electricity|Gas","GW",1,292.9734,,268.5744,28.874,13.5997,9.286999999999999,6.117500000000001,4.2508,5.0098,5.189999999999999,5.3918,4.992199999999999,4.8581,4.923500000000001,4.905200000000001,4.908300000000001,4.960599999999999,5.1282
"AIM 3.0","Very Low - SSP1","Europe (R10)","Capacity|Electricity|Geothermal","GW",1,9.1392,,9.1344,9.833300000000001,10.5509,10.5896,12.1755,11.9084,12.5403,12.7031,10.9381,13.4324,17.6865,22.1777,23.6583,23.7276,23.4642,23.1378
"AIM 3.0","Very Low - SSP1","Europe (R10)","Capacity|Electricity|Hydro","GW",1,205.4703,,197.4732,161.1255,184.7906,193.8858,201.9777,209.8484,208.9791,205.326,210.8374,211.4576,206.1778,209.0344,208.9341,209.2851,209.3213,210.1573
"AIM 3.0","Very Low - SSP1","Europe (R10)","Capacity|Electricity|Nuclear","GW",1,115.5717,,103.1477,120.6016,124.454,123.4592,124.0838,126.6821,128.8127,122.7448,119.1835,117.8229,111.4497,108.5771,56.1008,20.1118,8.2973,1.8395
"AIM 3.0","Very Low - SSP1","Europe (R10)","Capacity|Electricity|Oil","GW",1,35.0064,,44.3644,1.9662,1.8754,2.292799999999999,2.6467,2.996699999999999,3.645299999999999,3.7353,3.6412,3.7026,3.5823,3.5862,3.564699999999999,3.5576,3.6141,3.664399999999999
"AIM 3.0","Very Low - SSP1","Europe (R10)","Capacity|Electricity|Other","GW",1,3.106099999999999,,3.3567,0.8135000000000001,1.0087,1.2111,1.3847,1.5627,1.897,1.9385,1.8921,1.9443,1.8792,1.8759,1.8643,1.8605,1.8924,1.905
"AIM 3.0","Very Low - SSP1","Europe (R10)","Capacity|Electricity|Solar|PV","GW",1,159.302,,251.9163,411.4142,397.6032,637.4838,833.3157000000001,1006.9982,1512.896,1566.8724,1482.9633,1478.2425,1464.2203,1398.5037,1355.8448,1436.8955,1490.1075,1587.1863
"AIM 3.0","Very Low - SSP1","Europe (R10)","Capacity|Electricity|Wind|Onshore","GW",1,233.7012,,241.0503,636.0957000000001,1029.9328,1358.911,1624.122,1879.5584,2340.2475,2435.2569,2359.3271,2399.0888,2292.0031,2294.8486,2383.5521,2424.0643,2484.1189,2528.33
"AIM 3.0","Very Low - SSP1","India+ (R10)","Capacity|Electricity|Biomass","GW",1,7.5286,,8.3646,0.5013000000000001,0.6754,1.1021,1.4165,1.7092,2.0438,2.1256,2.2703,2.3802,2.4353,2.4586,4.5236,9.383,2.4678,2.5032
"AIM 3.0","Very Low - SSP1","India+ (R10)","Capacity|Electricity|Coal","GW",1,249.445,,278.6824,214.5389,3.3997,5.0367,6.6032,8.0748,9.6484,10.0988,10.7498,11.271,11.5636,11.715,11.6078,11.2799,11.9195,12.1332
"AIM 3.0","Very Low - SSP1","India+ (R10)","Capacity|Electricity|Fossil","GW",1,282.7013,,318.1098,234.1712,61.9412,56.3391,26.6655,13.3813,15.3934,16.1109,17.1499,17.9797,18.4466,18.688,18.5171,17.994,19.0142,19.3551
"AIM 3.0","Very Low - SSP1","India+ (R10)","Capacity|Electricity|Gas","GW",1,28.458,,30.4558,18.8803,57.5284,49.8005,18.0926,2.9009,2.8725,3.006,3.2,3.3544,3.4415,3.4865,3.4546,3.357,3.5474,3.611
"AIM 3.0","Very Low - SSP1","India+ (R10)","Capacity|Electricity|Hydro","GW",1,54.068,,73.1494,71.0575,69.8766,75.6875,87.1687,99.2522,100.9801,96.6558,107.7746,113.2994,110.9313,106.9925,102.9149,98.3212,100.0451,98.1086
"AIM 3.0","Very Low - SSP1","India+ (R10)","Capacity|Electricity|Nuclear","GW",1,7.2473,,10.3595,6.0126,53.9898,72.1104,96.8721,104.7063,105.295,100.7259,111.8872,167.8028,221.6715,230.2468,198.747,179.9643,181.7996,178.2667
"AIM 3.0","Very Low - SSP1","India+ (R10)","Capacity|Electricity|Oil","GW",1,4.7984,,8.9716,0.752,1.0131,1.5019,1.9697,2.4056,2.8725,3.006,3.2,3.3544,3.4415,3.4865,3.4546,3.357,3.5474,3.611
"AIM 3.0","Very Low - SSP1","India+ (R10)","Capacity|Electricity|Solar|PV","GW",1,45.8618,,157.8149,609.2179,1607.7214,1930.4731,1998.9035,2626.9891,3570.1533,3797.7451,3939.5358,3654.2892,3665.9342,3728.4184,3766.5153,3685.8279,4126.8325,4394.6186
"AIM 3.0","Very Low - SSP1","India+ (R10)","Capacity|Electricity|Wind|Onshore","GW",1,39.436,,41.146,37.4923,77.569,576.6647,1225.6567,1475.6528,1569.4036,1656.2804,1805.5935,2055.3228,2021.152,2034.5939,2070.9298,2040.1789,2044.8761,1983.1549
"AIM 3.0","Very Low - SSP1","Latin America (R10)","Capacity|Electricity|Biomass","GW",1,22.4117,,20.0505,1.0159,1.0846,5.3178,15.939,30.5173,38.3853,38.5019,28.9003,43.814,77.0732,116.6382,127.4086,142.4152,144.4916,146.8052
"AIM 3.0","Very Low - SSP1","Latin America (R10)","Capacity|Electricity|Coal","GW",1,17.8809,,22.2376,3.7406,1.6189,0.919899999999999,1.0573,1.2459,1.8699,2.1147,2.1089,2.070799999999999,2.1516,2.1714,2.1388,2.1564,2.3407,2.5027
"AIM 3.0","Very Low - SSP1","Latin America (R10)","Capacity|Electricity|Fossil","GW",1,187.8348,,183.5317,29.3714,25.6579,8.416,7.1444,7.7668,7.4795,8.4587,8.4357,8.283,8.6066,8.6853,8.5552,8.6254,9.3626,10.0107
"AIM 3.0","Very Low - SSP1","Latin America (R10)","Capacity|Electricity|Gas","GW",1,124.5729,,121.3092,23.9394,23.0355,6.1163,4.5012,4.652,2.8048,3.172,3.163399999999999,3.106099999999999,3.2275,3.257,3.208199999999999,3.234499999999999,3.510899999999999,3.754
"AIM 3.0","Very Low - SSP1","Latin America (R10)","Capacity|Electricity|Geothermal","GW",1,1.7527,,1.4955,20.4173,19.4461,18.8731,18.3183,18.3102,16.5756,13.8792,15.085,15.8466,18.7538,18.7429,18.6936,18.5439,18.6607,18.35
"AIM 3.0","Very Low - SSP1","Latin America (R10)","Capacity|Electricity|Hydro","GW",1,163.0517,,229.9547,210.938,298.6518,411.7506,426.523,428.5029,404.551,375.902,394.5641,397.7576,415.0863,415.2354,414.8908,414.3645,415.365,419.2805
"AIM 3.0","Very Low - SSP1","Latin America (R10)","Capacity|Electricity|Nuclear","GW",1,5.3362,,5.664,4.7967,4.8256,5.5221,5.2133,4.8319,4.5345,3.7831,2.7826,2.795499999999999,2.5332,1.6351,1.6105,1.6237,1.7625,1.8845
"AIM 3.0","Very Low - SSP1","Latin America (R10)","Capacity|Electricity|Oil","GW",1,45.381,,39.9849,1.6914,1.0035,1.3798,1.5859,1.8689,2.8048,3.172,3.163399999999999,3.106099999999999,3.2275,3.257,3.208199999999999,3.234499999999999,3.510899999999999,3.754
"AIM 3.0","Very Low - SSP1","Latin America (R10)","Capacity|Electricity|Solar|PV","GW",1,23.2324,,51.0328,179.7096,232.5849,345.9382,362.8280999999999,542.9292,823.4331999999999,872.7428,855.7433000000001,859.3516,915.9973,869.9135,866.3467,833.5957000000001,935.6100999999999,1023.1012
"AIM 3.0","Very Low - SSP1","Latin America (R10)","Capacity|Electricity|Wind|Onshore","GW",1,30.9794,,47.2901,196.2711,312.1192,463.8672,592.6895,702.4758999999999,1350.4856,1615.4073,1618.898,1549.3469,1556.6747,1524.9215,1473.6512,1474.5439,1650.3208,1781.7476
"AIM 3.0","Very Low - SSP1","Middle East (R10)","Capacity|Electricity|Biomass","GW",1,0.3803,,0.3351,0.2717,0.3167,0.4281,0.5799000000000001,4.4181,12.1448,18.925,4.6781,21.2184,21.6836,25.2251,24.8848,20.8333,16.953,16.6279
"AIM 3.0","Very Low - SSP1","Middle East (R10)","Capacity|Electricity|Coal","GW",1,6.1713,,8.9413,0.3733,0.4223,0.5422,0.745,0.9154,1.0414,1.0473,0.9215000000000001,1.0917,1.1468,1.1892,1.2121,1.2221,1.2429,1.2759
"AIM 3.0","Very Low - SSP1","Middle East (R10)","Capacity|Electricity|Fossil","GW",1,359.8383,,364.9547,486.6444,304.6542,46.9365,33.0408,22.3096,10.4741,10.5388,18.3628,11.9665,11.5231,11.9712,12.201,12.3029,12.512,12.8447
"AIM 3.0","Very Low - SSP1","Middle East (R10)","Capacity|Electricity|Gas","GW",1,252.9202,,251.2889,481.0854,303.5984,45.581,31.1783,20.021,7.8706,7.920500000000001,16.0591,9.2373,8.6562,8.9982,9.1707,9.2475,9.4048,9.6549
"AIM 3.0","Very Low - SSP1","Middle East (R10)","Capacity|Electricity|Hydro","GW",1,20.4516,,18.4866,17.681,18.3401,21.4123,24.8475,25.3336,30.5401,29.31,27.9487,28.1648,28.4979,28.5506,28.2736,28.238,28.1248,28.3179
"AIM 3.0","Very Low - SSP1","Middle East (R10)","Capacity|Electricity|Nuclear","GW",1,1.0042,,6.839,1.0395,1.038,1.0157,1.0145,1.0243,1.0461,1.0521,0.9256000000000001,1.0966,1.152,1.1946,1.2176,1.2277,1.2485,1.2817
"AIM 3.0","Very Low - SSP1","Middle East (R10)","Capacity|Electricity|Oil","GW",1,100.7468,,104.7245,5.1856,0.6335000000000001,0.8133,1.1175,1.3732,1.5621,1.571,1.3822,1.6375,1.7202,1.7838,1.8182,1.8332,1.8643,1.9139
"AIM 3.0","Very Low - SSP1","Middle East (R10)","Capacity|Electricity|Solar|PV","GW",1,7.025,,179.515,39.1314,494.4882,548.4434,760.2999,1107.7671,1267.3606,1273.263,1182.9154,1260.2796,1334.654,1338.8096,1310.7831,1400.4368,1480.7273,1615.3814
"AIM 3.0","Very Low - SSP1","Middle East (R10)","Capacity|Electricity|Wind|Onshore","GW",1,0.8752000000000001,,3.9392,22.5085,93.875,603.6672,877.8073,965.28,1126.0981,1139.1912,976.8386,1218.3428,1283.8862,1357.104,1418.2219,1396.8601,1400.8155,1385.6048
"AIM 3.0","Very Low - SSP1","North America (R10)","Capacity|Electricity|Biomass","GW",1,22.0738,,20.7661,1.314099999999999,2.2168,2.9785,3.2704,24.518,44.4792,64.93469999999999,42.9478,67.38860000000001,70.3555,73.905,74.0481,47.4783,47.29040000000001,43.8535
"AIM 3.0","Very Low - SSP1","North America (R10)","Capacity|Electricity|Coal","GW",1,304.0056,,267.8581,6.0346,7.3072,10.4189,11.5801,13.3117,14.898,15.7186,15.3819,15.8825,15.8075,15.8981,16.0746,16.3023,16.4519,16.4266
"AIM 3.0","Very Low - SSP1","North America (R10)","Capacity|Electricity|Fossil","GW",1,849.0507,,830.0048,244.1694,57.2624,21.5454,19.4081,22.0192,24.8794,26.6132,25.9987,26.9352,26.8243,26.6374,26.7608,27.1636,27.3221,27.2417
"AIM 3.0","Very Low - SSP1","North America (R10)","Capacity|Electricity|Gas","GW",1,528.8599,,511.1548,236.0899,47.564,7.7313,4.0456,4.3538,4.9907,5.4473,5.3083,5.5263,5.5084,5.3697,5.3431,5.4306,5.435099999999999,5.407500000000001
"AIM 3.0","Very Low - SSP1","North America (R10)","Capacity|Electricity|Geothermal","GW",1,5.4684,,4.7491,4.6088,4.5297,4.4623,4.303,4.617,4.5369,4.5459,4.558,4.6848,4.5588,4.5294,4.5041,4.4886,4.4865,4.5162
"AIM 3.0","Very Low - SSP1","North America (R10)","Capacity|Electricity|Hydro","GW",1,180.1248,,212.7949,163.2474,189.3574,197.8007,201.6442,210.8321,196.7387,191.7161,94.84200000000001,206.0241,219.1747,215.9091,214.9876,222.064,228.0103,224.2311
"AIM 3.0","Very Low - SSP1","North America (R10)","Capacity|Electricity|Nuclear","GW",1,130.6363,,137.4305,128.0324,126.1661,124.5455,120.3122,127.8998,122.503,117.2007,109.5945,115.6013,109.7605,108.8455,108.1867,106.6801,79.85900000000001,62.032
"AIM 3.0","Very Low - SSP1","North America (R10)","Capacity|Electricity|Oil","GW",1,16.1852,,50.992,2.0448,2.391299999999999,3.3953,3.782499999999999,4.3538,4.9907,5.4473,5.3083,5.5263,5.5084,5.3697,5.3431,5.4306,5.435099999999999,5.407500000000001
"AIM 3.0","Very Low - SSP1","North America (R10)","Capacity|Electricity|Other","GW",1,1.0156,,0.9679000000000001,0.958299999999999,1.3665,1.9402,2.1614,2.4878,2.8518,3.1127,3.0334,3.1579,3.1476,3.0684,3.0531,3.103199999999999,3.1058,3.09
"AIM 3.0","Very Low - SSP1","North America (R10)","Capacity|Electricity|Solar|PV","GW",1,78.7063,,122.594,891.8276000000001,1088.1201,1056.8812,958.2624,1105.6168,756.1432,707.9674,776.0054,902.6785,887.333,914.6331,902.6789,909.0819,906.4538,926.1651
"AIM 3.0","Very Low - SSP1","North America (R10)","Capacity|Electricity|Wind|Onshore","GW",1,124.3729,,247.5514,454.5177,1229.8833,2277.9733,2718.7282,3076.8465,4000.3132,4504.4971,4517.0121,4463.1039,4448.3256,4315.5525,4301.5638,4440.2165,4494.9953,4508.1499
"AIM 3.0","Very Low - SSP1","Pacific OECD (R10)","Capacity|Electricity|Biomass","GW",1,9.318299999999999,,10.163,0.3344,0.4149,0.4659,0.5441,3.242,8.4397,11.5767,5.2,11.7554,12.159,12.0301,12.046,8.1408,7.359399999999999,7.9854
"AIM 3.0","Very Low - SSP1","Pacific OECD (R10)","Capacity|Electricity|Coal","GW",1,87.2696,,110.9045,73.06660000000001,4.0747,1.0753,1.2418,1.4776,1.809699999999999,1.8816,1.7328,1.8566,1.9942,2.0387,2.0877,2.0724,2.083199999999999,2.1018
"AIM 3.0","Very Low - SSP1","Pacific OECD (R10)","Capacity|Electricity|Fossil","GW",1,257.6314,,266.9755,156.5081,70.4221,45.7747,27.8451,19.0406,6.285,6.2547,18.343,17.722,9.151499999999999,7.5001,6.6995,6.652,5.972799999999999,5.6033
"AIM 3.0","Very Low - SSP1","Pacific OECD (R10)","Capacity|Electricity|Gas","GW",1,127.6779,,118.3286,83.0385,65.8734,44.1463,25.9303,16.7769,3.4929,3.3646,15.7165,14.9255,6.175899999999999,4.4706,3.608899999999999,3.5883,2.887,2.4813
"AIM 3.0","Very Low - SSP1","Pacific OECD (R10)","Capacity|Electricity|Geothermal","GW",1,2.1756,,2.1496,4.0739,4.0557,4.5713,5.2958,6.349600000000001,7.6732,7.5221,7.9335,8.4836,8.7758,11.6173,16.3854,21.9651,28.0406,29.9315
"AIM 3.0","Very Low - SSP1","Pacific OECD (R10)","Capacity|Electricity|Hydro","GW",1,28.7521,,32.4869,35.4936,36.6302,36.4875,36.3755,37.2224,39.1107,38.6559,36.8623,36.6541,36.001,35.9015,35.9121,35.6905,36.0505,37.4626
"AIM 3.0","Very Low - SSP1","Pacific OECD (R10)","Capacity|Electricity|Nuclear","GW",1,32.8786,,28.9691,22.4654,27.6319,35.8678,35.8976,36.0566,38.1664,38.6194,36.3612,36.2731,36.5183,36.609,36.6128,36.7154,37.2464,38.8481
"AIM 3.0","Very Low - SSP1","Pacific OECD (R10)","Capacity|Electricity|Oil","GW",1,42.6839,,37.7426,0.402999999999999,0.474,0.553,0.673,0.7862,0.9824,1.0085,0.893699999999999,0.9399000000000001,0.9815,0.990699999999999,1.003099999999999,0.9914000000000001,1.0026,1.0201
"AIM 3.0","Very Low - SSP1","Pacific OECD (R10)","Capacity|Electricity|Solar|PV","GW",1,93.58749999999999,,98.6165,71.939,103.0772,151.4508,333.3149,490.7986,507.3562000000001,513.4672,435.0955,474.7136,596.5279,595.7886,597.5375,568.9967,562.9440999999999,545.2214
"AIM 3.0","Very Low - SSP1","Pacific OECD (R10)","Capacity|Electricity|Wind|Onshore","GW",1,14.5677,,16.4416,70.76820000000001,226.7165,295.8875,358.1224,395.74,595.6088,618.0591999999999,530.8283,542.22,542.1306999999999,548.1360999999999,550.0975000000001,546.9776,549.3227999999999,556.6225
"AIM 3.0","Very Low - SSP1","Reforming Economies (R10)","Capacity|Electricity|Biomass","GW",1,14.4896,,13.8947,0.5041,0.5253,1.1033,1.2028,17.2536,44.8788,73.0985,5.7821,49.6436,86.98,98.0671,105.0932,126.5562,116.5169,111.5223
"AIM 3.0","Very Low - SSP1","Reforming Economies (R10)","Capacity|Electricity|Coal","GW",1,119.4939,,124.6551,133.2606,7.709,0.5337000000000001,0.6249,0.7154,0.7038,0.7263000000000001,0.7464000000000001,0.8268000000000001,0.8123,0.8164,0.808,0.8144,0.8493,0.8964000000000001
"AIM 3.0","Very Low - SSP1","Reforming Economies (R10)","Capacity|Electricity|Fossil","GW",1,634.5294,,647.3052,373.5263,88.2879,9.5393,6.2754,7.1928,7.0792,7.3065,7.5036,8.3174,8.1715,8.2122,8.1281,8.1953,8.5496,9.024
"AIM 3.0","Very Low - SSP1","Reforming Economies (R10)","Capacity|Electricity|Gas","GW",1,487.9792,,474.1601,239.1525,79.9223,8.205,4.7131,5.4044,5.3197,5.4907,5.6375,6.2503,6.1407,6.1713,6.1081,6.1592,6.4265,6.7831
"AIM 3.0","Very Low - SSP1","Reforming Economies (R10)","Capacity|Electricity|Geothermal","GW",1,0.1119,,0.1007,0.3878,4.6401,4.531,4.6871,4.7431,4.6604,4.6844,4.6053,4.5771,12.9241,12.932,12.9317,12.8281,13.2667,13.4318
"AIM 3.0","Very Low - SSP1","Reforming Economies (R10)","Capacity|Electricity|Hydro","GW",1,69.5437,,70.201,59.0788,212.2275,207.7613,205.172,210.1494,214.3049,222.3288,244.0951,270.3924,285.2023,296.1093,296.1016,293.73,303.7965,307.5527
"AIM 3.0","Very Low - SSP1","Reforming Economies (R10)","Capacity|Electricity|Nuclear","GW",1,37.5044,,38.6115,42.3602,43.4333,41.5739,40.9752,41.4679,39.7403,29.466,19.6541,8.629,7.09,5.9621,2.6927,0.6133000000000001,0.6423,0.6779000000000001
"AIM 3.0","Very Low - SSP1","Reforming Economies (R10)","Capacity|Electricity|Oil","GW",1,27.0563,,48.49,1.1131,0.6566000000000001,0.8006000000000001,0.9374,1.073,1.0557,1.0895,1.1197,1.2402,1.2185,1.2245,1.212,1.2217,1.2739,1.3445
"AIM 3.0","Very Low - SSP1","Reforming Economies (R10)","Capacity|Electricity|Solar|PV","GW",1,8.6643,,8.4087,27.0679,58.2554,54.4905,54.5163,52.6727,60.7668,60.8893,73.0252,77.2246,53.8533,89.6235,84.8565,88.2542,93.9413,73.1119
"AIM 3.0","Very Low - SSP1","Reforming Economies (R10)","Capacity|Electricity|Wind|Onshore","GW",1,2.6987,,5.7258,29.9082,56.2171,305.223,464.0028,465.514,520.4357,579.1372,708.4364,685.4302,637.4425,615.4561,593.5062,562.5561,627.5076,716.7512
"AIM 3.0","Very Low - SSP1","Rest of Asia (R10)","Capacity|Electricity|Biomass","GW",1,9.7655,,12.7172,0.689299999999999,0.6599,1.0808,6.2119,30.9009,47.2192,51.4326,32.08,53.1437,84.8698,94.1919,100.5228,104.1809,109.1421,110.3212
"AIM 3.0","Very Low - SSP1","Rest of Asia (R10)","Capacity|Electricity|Coal","GW",1,179.1424,,191.8609,305.3473,4.6549,4.4599,5.3422,6.5084,7.8124,7.9385,7.747299999999999,7.4284,7.5808,7.7809,8.0086,8.1439,8.2137,8.5582
"AIM 3.0","Very Low - SSP1","Rest of Asia (R10)","Capacity|Electricity|Fossil","GW",1,435.5913,,446.8954,342.1388,60.8454,26.6768,18.2117,14.4128,16.5539,17.7602,32.7401,19.7801,18.4777,19.5692,20.6136,21.4454,21.7497,22.353
"AIM 3.0","Very Low - SSP1","Rest of Asia (R10)","Capacity|Electricity|Gas","GW",1,216.7044,,201.3801,34.0613,55.0356,20.6464,10.9318,5.498699999999999,5.8325,6.7332,21.9526,9.3277,7.730700000000001,8.4529,9.1039,9.6736,9.8607,10.0104
"AIM 3.0","Very Low - SSP1","Rest of Asia (R10)","Capacity|Electricity|Geothermal","GW",1,6.5871,,6.1288,7.949,8.7561,8.5629,8.6357,9.2758,8.9183,8.7646,8.8675,8.5988,8.5864,8.6201,8.6306,8.6621,8.7684,8.9728
"AIM 3.0","Very Low - SSP1","Rest of Asia (R10)","Capacity|Electricity|Hydro","GW",1,80.7462,,100.9687,128.5963,118.7927,114.3784,112.2538,120.1429,110.288,107.4168,102.8857,92.5313,78.84049999999999,63.9439,62.7939,62.9738,63.6392,64.8453
"AIM 3.0","Very Low - SSP1","Rest of Asia (R10)","Capacity|Electricity|Nuclear","GW",1,28.7241,,35.6161,30.505,55.10760000000001,58.6427,64.26950000000001,74.3906,71.0976,71.1807,67.03099999999999,66.2012,66.1299,66.3143,65.9074,65.9455,66.6802,68.1068
"AIM 3.0","Very Low - SSP1","Rest of Asia (R10)","Capacity|Electricity|Oil","GW",1,39.7445,,53.6543,2.7301,1.1548,1.5707,1.9377,2.405599999999999,2.9089,3.0884,3.040199999999999,3.024,3.1661,3.3353,3.501,3.6281,3.6752,3.784399999999999
"AIM 3.0","Very Low - SSP1","Rest of Asia (R10)","Capacity|Electricity|Solar|PV","GW",1,46.2172,,75.5868,625.1719,1599.122,2052.497,2465.339,2830.6604,3080.7775,3339.3154,3289.3436,3420.0572,3505.4351,3667.9889,3798.2352,3851.7155,3913.4435,4069.1001
"AIM 3.0","Very Low - SSP1","Rest of Asia (R10)","Capacity|Electricity|Wind|Onshore","GW",1,7.8119,,41.3351,108.1055,257.4973,531.1759999999999,678.6155,932.4429,1385.5707,1452.8736,1446.9636,1326.3722,1384.2647,1487.2571,1600.1134,1715.809,1724.2396,1764.8826
"AIM 3.0","Very Low - SSP1","World","Capacity|Electricity|Biomass","GW",1,197.7645,,202.335,9.5705,10.4423,21.5974,41.0491,152.8222,283.3325,379.6707,194.7439,362.436,522.3867,595.551,621.667,596.2588,582.9112,585.1302
"AIM 3.0","Very Low - SSP1","World","Capacity|Electricity|Coal","GW",1,2453.9656,,2785.7985,1776.8254,76.5608,47.618,55.8856,65.7805,77.5759,82.381,83.0512,83.6175,84.0994,85.7523,86.9265,88.4749,90.5617,91.6391
"AIM 3.0","Very Low - SSP1","World","Capacity|Electricity|Fossil","GW",1,5082.5411,,5684.9621,3216.6217,902.1827,305.3657,209.9317,171.1837,156.2638,166.5334,220.4859,187.5585,178.1762,181.1788,183.5762,188.0217,189.81,190.9054
"AIM 3.0","Very Low - SSP1","World","Capacity|Electricity|Gas","GW",1,2285.9244,,2342.9734,1418.8754,812.4738,240.1112,133.1488,80.7779,49.2606,52.5926,105.925,71.8929,61.6719,62.5177,63.4114,65.7201,64.5262,63.9311
"AIM 3.0","Very Low - SSP1","World","Capacity|Electricity|Geothermal","GW",1,25.9285,,24.4334,48.6469,53.3253,52.9582,55.0581,57.087,57.7932,55.3256,55.2669,58.8488,74.5315,81.8608,88.045,93.4597,99.8905,101.5313
"AIM 3.0","Very Low - SSP1","World","Capacity|Electricity|Hydro","GW",1,1263.8363,,1555.3683,1445.3531,1738.094,1860.3309,2199.0414,2229.606,2135.1934,2039.1453,1920.6358,2012.2775,1934.5194,1927.7266,1919.82,1916.7467,1926.7284,1914.5595
"AIM 3.0","Very Low - SSP1","World","Capacity|Electricity|Nuclear","GW",1,413.148,,469.5848,390.4977,514.9668,539.845,561.3168,584.643,557.6132,532.3241,515.9369,564.2318,567.5845,564.7814,476.6351,418.698,383.4893,358.9753
"AIM 3.0","Very Low - SSP1","World","Capacity|Electricity|Oil","GW",1,342.6512,,556.1901,20.9209,13.1482,17.6365,20.8974,24.6253,29.4273,31.5598,31.5096,32.0481,32.4048,32.9088,33.2382,33.8267,34.7221,35.3352
"AIM 3.0","Very Low - SSP1","World","Capacity|Electricity|Other","GW",1,4.1217,,4.3246,1.7718,2.3751,3.1513,3.5461,4.0506,4.7488,5.0513,4.9255,5.1022,5.0268,4.9443,4.9175,4.9637,4.9981,4.9951
"AIM 3.0","Very Low - SSP1","World","Capacity|Electricity|Solar|PV","GW",1,737.7878,,1308.9156,3977.9413,8127.3269,9241.2092,9793.7213,12181.9486,15669.6749,16607.4815,16800.2153,16618.7553,16493.9945,17135.5094,17490.3967,17883.0547,18785.6707,19889.1105
"AIM 3.0","Very Low - SSP1","World","Capacity|Electricity|Wind|Onshore","GW",1,702.8926,,1001.8217,2167.1088,4813.4499,9524.8868,12805.6195,15075.1509,18797.5852,20682.0574,20748.6689,20897.2707,21138.9318,21291.2726,21681.5995,22286.415,22872.0155,23243.8107
"AIM 3.0","Low - SSP2","Africa (R10)","Capacity|Electricity|Biomass","GW",1,0.7996000000000001,,0.8037000000000001,0.4482,0.4608,0.5143,0.649,0.9679000000000001,1.2832,16.2339,40.8045,63.6411,78.7415,78.7975,80.8774,80.65700000000001,80.9117,36.4803
"AIM 3.0","Low - SSP2","Africa (R10)","Capacity|Electricity|Coal","GW",1,47.2111,,53.6927,85.51920000000001,33.3606,55.32559999999999,4.8395,3.1359,4.3224,5.510300000000001,6.8638,8.741499999999998,10.6228,12.1491,14.1076,15.89,18.0792,19.9587
"AIM 3.0","Low - SSP2","Africa (R10)","Capacity|Electricity|Fossil","GW",1,155.2425,,165.0494,338.7787,178.2231,197.4775,160.9358,89.60499999999999,36.1251,27.4023,15.078,16.9413,20.3923,23.1198,26.8066,30.0561,34.0319,37.2958
"AIM 3.0","Low - SSP2","Africa (R10)","Capacity|Electricity|Gas","GW",1,98.0846,,99.7909,252.293,144.4626,141.7288,155.5435,85.5978,30.5883,20.3387,6.278399999999999,5.7288,6.758599999999999,7.518700000000001,8.688500000000001,9.6431,10.7995,11.6365
"AIM 3.0","Low - SSP2","Africa (R10)","Capacity|Electricity|Geothermal","GW",1,0.6936,,0.6755,1.3834,1.3662,1.4342,1.6929,1.9139,2.8912,3.243,3.2445,3.249,3.2397,3.2597,3.2994,3.2754,3.2567,3.1817
"AIM 3.0","Low - SSP2","Africa (R10)","Capacity|Electricity|Hydro","GW",1,32.6169,,48.1714,83.06049999999999,108.3756,128.1265,145.6772,162.1468,160.0727,159.7526,159.7443,160.2089,160.2503,160.6235,163.0414,161.7551,160.9103,156.9085
"AIM 3.0","Low - SSP2","Africa (R10)","Capacity|Electricity|Nuclear","GW",1,2.2361,,2.2857,1.9895,1.9263,1.9459,1.931199999999999,1.9298,1.9358,1.970899999999999,1.252,1.5769,1.8995,2.1553,2.4989,2.8029,3.1748,3.4813
"AIM 3.0","Low - SSP2","Africa (R10)","Capacity|Electricity|Oil","GW",1,9.9467,,11.5658,0.9665,0.3999,0.4232,0.5528000000000001,0.8714000000000001,1.2144,1.5533,1.9357,2.471,3.011,3.4521,4.0105,4.523,5.1532,5.7006
"AIM 3.0","Low - SSP2","Africa (R10)","Capacity|Electricity|Solar|PV","GW",1,7.3246,,12.8344,52.4627,280.2383,309.5127,408.7506,836.6805999999999,1228.4335,1658.5889,2012.1113,2362.3075,2639.1929,3154.9266,3553.6902,3989.9491,4305.3528,4776.3822
"AIM 3.0","Low - SSP2","Africa (R10)","Capacity|Electricity|Wind|Onshore","GW",1,8.664200000000001,,9.9679,48.2436,94.31049999999999,90.8914,255.0247,478.544,726.7396,815.5026,1113.2479,1576.8389,2062.8625,2298.9266,2765.6203,3142.0257,3706.7625,4143.1042
"AIM 3.0","Low - SSP2","China+ (R10)","Capacity|Electricity|Biomass","GW",1,25.0173,,31.3008,1.8436,1.9636,2.0873,2.3241,4.912,32.6494,133.4192,314.0627,341.3142,268.9251,340.659,301.9357,301.5676,282.0459,169.2308
"AIM 3.0","Low - SSP2","China+ (R10)","Capacity|Electricity|Coal","GW",1,1244.2293,,1477.6177,1035.5084,554.6587,561.1612,150.3556,16.2436,18.0844,18.5229,18.8512,22.3134,24.8331,27.4374,27.4845,28.2572,27.6143,25.9546
"AIM 3.0","Low - SSP2","China+ (R10)","Capacity|Electricity|Fossil","GW",1,1393.0265,,1899.963,1046.9037,561.5315,568.4667,179.4506,56.6664,29.2851,29.5563,30.0751,35.5947,39.6143,43.7687,43.8438,45.0764,44.0509,41.4032
"AIM 3.0","Low - SSP2","China+ (R10)","Capacity|Electricity|Gas","GW",1,127.6938,,266.6804,7.1721,3.4364,3.6527,25.0279,35.5749,5.8116,5.5167,5.6119,6.6407,7.3906,8.1656,8.1796,8.4096,8.2183,7.7243
"AIM 3.0","Low - SSP2","China+ (R10)","Capacity|Electricity|Hydro","GW",1,429.0161,,571.7549,527.6365,518.8951,510.9134,806.1728,775.5826,746.4355,657.413,541.1334,502.8812,360.2366,403.9329,404.9107,404.3988,405.0318,398.8152
"AIM 3.0","Low - SSP2","China+ (R10)","Capacity|Electricity|Nuclear","GW",1,52.0093,,100.688,32.6822,75.8606,75.8114,262.3839,276.3484,290.2342,302.4322,314.1334,312.8383,246.7231,267.9301,123.3882,294.0277,264.3589,242.8118
"AIM 3.0","Low - SSP2","China+ (R10)","Capacity|Electricity|Oil","GW",1,21.1034,,155.6648,4.2233,3.4364,3.6527,4.0671,4.8479,5.3892,5.5167,5.6119,6.6407,7.3906,8.1656,8.1796,8.4096,8.2183,7.7243
"AIM 3.0","Low - SSP2","China+ (R10)","Capacity|Electricity|Solar|PV","GW",1,267.8674,,350.6372,1090.2501,1016.348,998.7603,1330.6604,2186.5124,2291.9476,2186.4637,1995.3418,2299.8223,2791.1151,3120.559,3235.7196,3067.2804,3035.469,2932.9722
"AIM 3.0","Low - SSP2","China+ (R10)","Capacity|Electricity|Wind|Onshore","GW",1,239.786,,347.3768,522.4884,1257.7253,1437.8787,1841.3119,2257.2053,2725.8203,2724.3607,2669.1862,3554.7512,4507.6469,4888.9536,5201.1239,5173.4869,5091.318,4898.266
"AIM 3.0","Low - SSP2","Europe (R10)","Capacity|Electricity|Biomass","GW",1,85.9148,,83.87440000000001,3.627699999999999,2.104899999999999,2.2468,2.3468,2.4694,2.7632,5.4909,33.6985,72.295,95.7576,125.1226,107.7239,115.365,112.7075,111.8742
"AIM 3.0","Low - SSP2","Europe (R10)","Capacity|Electricity|Coal","GW",1,199.1056,,248.9972,40.1274,9.7483,11.446,9.1903,7.6007,9.2564,9.7651,10.2767,11.3079,12.1115,12.3542,13.5575,14.8419,14.8074,14.9438
"AIM 3.0","Low - SSP2","Europe (R10)","Capacity|Electricity|Fossil","GW",1,526.8906999999999,,561.6351999999999,84.4307,29.1529,26.3544,22.2386,20.1958,17.4506,18.102,18.8221,20.5295,21.9107,22.5059,24.3791,26.4956,26.5557,26.6984
"AIM 3.0","Low - SSP2","Europe (R10)","Capacity|Electricity|Gas","GW",1,292.7788,,268.3313,42.2727,17.5313,12.8147,10.7126,9.9742,5.0558,5.0194,5.0393,5.3414,5.6517,5.9184,6.1948,6.6134,6.7075,6.688000000000001
"AIM 3.0","Low - SSP2","Europe (R10)","Capacity|Electricity|Geothermal","GW",1,9.1329,,9.1266,10.71,11.3628,10.5166,12.8004,12.4376,12.4308,12.5313,12.7712,15.7572,19.6642,24.2422,24.2369,25.6282,25.026,24.9397
"AIM 3.0","Low - SSP2","Europe (R10)","Capacity|Electricity|Hydro","GW",1,205.3564,,197.3535,160.4269,183.5417,192.5307,196.5658,203.2804,202.6025,203.3035,204.0836,207.0924,206.1067,208.3855,195.9716,206.8639,202.8349,202.2437
"AIM 3.0","Low - SSP2","Europe (R10)","Capacity|Electricity|Nuclear","GW",1,115.4867,,103.0431,119.2198,126.3547,126.1277,126.2813,124.9715,127.6622,125.149,120.9597,119.2412,114.4355,110.9681,54.2371,22.4984,8.366,2.5435
"AIM 3.0","Low - SSP2","Europe (R10)","Capacity|Electricity|Oil","GW",1,35.0064,,44.3064,2.0305,1.8732,2.0937,2.3357,2.6209,3.1384,3.3176,3.5061,3.8801,4.1475,4.2333,4.6267,5.0402,5.0408,5.0666
"AIM 3.0","Low - SSP2","Europe (R10)","Capacity|Electricity|Other","GW",1,3.1037,,3.3528,0.8228000000000001,1.0072,1.1198,1.2496,1.3866,1.6741,1.7632,1.8536,2.0334,2.1771,2.2208,2.4398,2.6759,2.6664,2.6923
"AIM 3.0","Low - SSP2","Europe (R10)","Capacity|Electricity|Solar|PV","GW",1,159.1706,,251.6415,487.6135,504.658,518.7275000000001,563.5341000000001,742.9479,1168.1196,1222.5909,1336.0144,1583.9187,1721.3708,1776.8248,1981.2378,2058.5852,2147.6304,2178.2076
"AIM 3.0","Low - SSP2","Europe (R10)","Capacity|Electricity|Wind|Onshore","GW",1,233.5178,,240.7846,641.498,952.7246,1078.6072,1230.8791,1415.5912,1663.952,1789.2911,1842.9649,2103.2142,2349.0965,2417.4546,2881.9059,3256.1773,3287.6513,3312.1815
"AIM 3.0","Low - SSP2","India+ (R10)","Capacity|Electricity|Biomass","GW",1,7.5213,,8.351,0.5646,0.5756,0.6393,0.6964,0.9993000000000001,1.2341,6.6267,28.3211,42.8079,52.049,52.3172,52.2135,52.1317,52.6987,52.5519
"AIM 3.0","Low - SSP2","India+ (R10)","Capacity|Electricity|Coal","GW",1,249.279,,278.4098,198.468,2.8889,13.1036,3.5026,4.1436,5.3576,7.1656,9.046,11.3905,12.4325,12.8799,13.6893,14.224,14.6054,14.7506
"AIM 3.0","Low - SSP2","India+ (R10)","Capacity|Electricity|Fossil","GW",1,282.5353,,317.7755,312.95,69.1549,89.868,68.5761,60.8777,47.8808,23.2797,23.535,18.171,19.8331,20.5469,21.8381,22.6905,23.2989,23.5305
"AIM 3.0","Low - SSP2","India+ (R10)","Capacity|Electricity|Gas","GW",1,28.458,,30.402,113.635,65.4026,75.8055,64.0289,55.4991,40.9266,13.979,11.794,3.3903,3.7003,3.8335,4.0744,4.2333,4.3467,4.3899
"AIM 3.0","Low - SSP2","India+ (R10)","Capacity|Electricity|Hydro","GW",1,54.032,,73.0939,65.5865,72.2073,81.9301,88.5839,95.9648,94.7163,94.5355,95.8186,93.933,93.0547,93.3428,92.8418,92.4896,93.4112,93.0818
"AIM 3.0","Low - SSP2","India+ (R10)","Capacity|Electricity|Nuclear","GW",1,7.2424,,10.35,5.9315,55.7906,78.058,98.4448,118.0089,132.4417,145.3141,162.0149,173.2654,185.9491,200.8728,214.0657,227.4707,244.0959,257.5431
"AIM 3.0","Low - SSP2","India+ (R10)","Capacity|Electricity|Oil","GW",1,4.7984,,8.9637,0.847,0.8634000000000001,0.9590000000000001,1.0446,1.235,1.5967,2.1351,2.695,3.3903,3.7003,3.8335,4.0744,4.2333,4.3467,4.3899
"AIM 3.0","Low - SSP2","India+ (R10)","Capacity|Electricity|Solar|PV","GW",1,45.8174,,157.8331,687.3378,1222.0127,1258.9051,1431.8151,1791.0699,2672.3609,3824.3365,4949.4926,6638.0584,7374.1006,7625.0368,8200.6468,8543.6463,7834.0346,7426.6104
"AIM 3.0","Low - SSP2","India+ (R10)","Capacity|Electricity|Wind|Onshore","GW",1,39.4098,,41.079,30.4786,74.1637,66.4193,54.7258,53.1559,14.7998,71.3642,72.7893,71.9236,71.2821,77.5744,63.775,63.3295,633.1691,919.6076
"AIM 3.0","Low - SSP2","Latin America (R10)","Capacity|Electricity|Biomass","GW",1,22.3908,,20.032,1.1856,1.149,1.3174,1.4884,1.670799999999999,1.9181,33.072,80.1166,124.7087,151.9187,154.2675,153.1604,153.5262,152.4262,106.8665
"AIM 3.0","Low - SSP2","Latin America (R10)","Capacity|Electricity|Coal","GW",1,17.8808,,22.2308,1.0309,0.6189,0.742599999999999,0.8601000000000001,0.986599999999999,1.1608,1.3185,1.5048,1.9265,2.2146,2.2982,2.5678,2.9416,3.0593,3.1476
"AIM 3.0","Low - SSP2","Latin America (R10)","Capacity|Electricity|Fossil","GW",1,187.8317,,183.4941,36.2446,10.2843,14.7281,12.7184,8.6488,4.7446,5.2743,6.0194,7.7058,8.8585,9.1928,10.2713,11.7666,12.237,12.5905
"AIM 3.0","Low - SSP2","Latin America (R10)","Capacity|Electricity|Gas","GW",1,124.57,,121.2786,33.4907,8.7372,12.8716,10.5682,6.1824,1.8424,1.9779,2.2572,2.8897,3.322,3.4473,3.8517,4.4124,4.588900000000001,4.7215
"AIM 3.0","Low - SSP2","Latin America (R10)","Capacity|Electricity|Geothermal","GW",1,1.7527,,1.4958,20.4234,20.1984,19.9292,20.025,20.1242,19.991,19.8863,19.6802,19.4314,19.4338,19.7166,19.3571,19.2412,18.9053,18.6963
"AIM 3.0","Low - SSP2","Latin America (R10)","Capacity|Electricity|Hydro","GW",1,162.9465,,229.8055,230.6271,307.6935,348.5876,384.7356,417.8916,421.9823,424.5483,421.4609,421.2603,416.9789,423.137,419.3827,418.57,415.0002,412.3331
"AIM 3.0","Low - SSP2","Latin America (R10)","Capacity|Electricity|Nuclear","GW",1,5.3337,,5.6594,4.802899999999999,4.826700000000001,4.8179,4.8013,4.7581,4.7966,4.350300000000001,3.008499999999999,3.0078,2.4952,1.7305,1.933599999999999,2.215,2.3037,2.3702
"AIM 3.0","Low - SSP2","Latin America (R10)","Capacity|Electricity|Oil","GW",1,45.3808,,39.98479999999999,1.7232,0.928199999999999,1.1139,1.2901,1.4798,1.741299999999999,1.9779,2.2572,2.8897,3.322,3.4473,3.8517,4.4124,4.588900000000001,4.7215
"AIM 3.0","Low - SSP2","Latin America (R10)","Capacity|Electricity|Solar|PV","GW",1,23.2233,,50.9956,167.7903,261.9465,332.8241,394.2439,509.2212,632.0503,626.3041000000001,831.2681,1096.0226,1190.6254,1188.8409,1279.0558,1464.1154,1584.372,1648.83
"AIM 3.0","Low - SSP2","Latin America (R10)","Capacity|Electricity|Wind|Onshore","GW",1,30.9582,,47.2542,194.5446,252.8958,324.3784,403.8881,459.3836,619.1225999999999,618.9059000000001,740.1183,1110.6497,1405.7988,1487.4643,1767.6269,2136.1638,2235.0247,2392.7221
"AIM 3.0","Low - SSP2","Middle East (R10)","Capacity|Electricity|Biomass","GW",1,0.3803,,0.3351,0.2788,0.3145,0.3287,0.3643,0.4481,0.5308,1.2601,19.9237,32.2251,43.124,41.7062,45.9874,45.8537,46.0433,43.4607
"AIM 3.0","Low - SSP2","Middle East (R10)","Capacity|Electricity|Coal","GW",1,6.1713,,8.9397,0.3822,0.4194,0.4382,0.4857,0.5564,0.6748000000000001,0.9448000000000001,1.1066,1.3795,1.5303,1.5012,1.731,1.7284,1.7953,1.7881
"AIM 3.0","Low - SSP2","Middle East (R10)","Capacity|Electricity|Fossil","GW",1,359.8353,,364.9387,500.495,379.9129,391.1101,366.2215,126.2038,38.1211,31.4205,17.1071,13.876,15.393,15.8128,17.4136,17.3883,18.0605,17.9886
"AIM 3.0","Low - SSP2","Middle East (R10)","Capacity|Electricity|Gas","GW",1,252.9179,,251.2866,494.7928,378.8645,390.0146,365.0071,124.8128,36.434,29.0586,14.3406,10.4273,11.5673,12.0597,13.0861,13.0672,13.5724,13.5183
"AIM 3.0","Low - SSP2","Middle East (R10)","Capacity|Electricity|Hydro","GW",1,20.4514,,18.4864,17.7914,18.3398,21.8758,22.4217,27.7777,26.8729,26.7411,26.863,27.5943,29.0328,27.6889,29.9981,29.662,29.7574,28.7541
"AIM 3.0","Low - SSP2","Middle East (R10)","Capacity|Electricity|Nuclear","GW",1,1.0041,,6.839,1.046,1.038,1.0377,1.0279,19.4152,19.8267,20.572,21.6108,23.1698,25.3989,25.1972,28.3539,29.0796,23.4492,21.5016
"AIM 3.0","Low - SSP2","Middle East (R10)","Capacity|Electricity|Oil","GW",1,100.7461,,104.7124,5.32,0.629,0.6573,0.7286,0.8346,1.0123,1.4171,1.6599,2.0692,2.2954,2.2519,2.5965,2.5927,2.6929,2.6822
"AIM 3.0","Low - SSP2","Middle East (R10)","Capacity|Electricity|Solar|PV","GW",1,7.0249,,179.5725,39.4105,444.4666,473.1845,676.1688,1057.0959,1671.4398,2496.9408,2912.6218,3768.8654,4215.6564,4125.8095,3917.6425,3804.2744,3589.5907,3501.6365
"AIM 3.0","Low - SSP2","Middle East (R10)","Capacity|Electricity|Wind|Onshore","GW",1,0.8752000000000001,,3.9395,22.6491,22.3119,21.5478,17.672,131.4137,113.7237,140.0765,140.359,167.3101,176.2066,167.4115,715.2076,773.1727,1038.662,1090.8763
"AIM 3.0","Low - SSP2","North America (R10)","Capacity|Electricity|Biomass","GW",1,22.0738,,20.7693,2.2751,2.2806,2.7728,3.116,3.4749,3.8314,10.7447,33.6836,47.25069999999999,52.47539999999999,57.61049999999999,51.0577,50.2522,51.4295,55.2914
"AIM 3.0","Low - SSP2","North America (R10)","Capacity|Electricity|Coal","GW",1,304.0056,,267.8581,5.292400000000001,7.4814,9.4837,10.8734,12.2215,13.7102,14.4535,15.4088,16.2577,16.8604,17.1046,17.9819,18.9681,19.7727,19.5533
"AIM 3.0","Low - SSP2","North America (R10)","Capacity|Electricity|Fossil","GW",1,849.0504,,829.9961999999999,211.2341,75.6152,122.9797,68.5287,46.6467,37.8101,32.0736,25.4979,26.8975,27.9749,28.4236,29.9951,31.8494,33.6439,33.4347
"AIM 3.0","Low - SSP2","North America (R10)","Capacity|Electricity|Gas","GW",1,528.8595,,511.1551,203.8369,65.6783,110.4032,54.094,30.4157,19.6189,12.8926,5.0446,5.32,5.557300000000001,5.6596,6.0066,6.4407,6.9356,6.9406
"AIM 3.0","Low - SSP2","North America (R10)","Capacity|Electricity|Geothermal","GW",1,5.4684,,4.7491,4.6368,4.5586,4.512,4.3799,4.4634,4.4531,4.4492,4.441,4.5426,4.5,4.4532,4.5,4.4943,4.4809,4.4424
"AIM 3.0","Low - SSP2","North America (R10)","Capacity|Electricity|Hydro","GW",1,180.1242,,212.8228,178.1746,188.748,196.8198,203.3566,208.5361,213.2147,213.417,215.5554,218.8646,225.1685,220.333,206.8179,181.5697,208.3052,214.874
"AIM 3.0","Low - SSP2","North America (R10)","Capacity|Electricity|Nuclear","GW",1,130.6361,,137.4305,129.0109,126.7263,125.511,122.229,124.2294,122.6258,116.8422,112.6092,112.6758,108.4106,106.9774,108.1494,106.9518,80.0816,61.4022
"AIM 3.0","Low - SSP2","North America (R10)","Capacity|Electricity|Oil","GW",1,16.1852,,50.9831,2.1048,2.4555,3.0928,3.5611,4.0095,4.481,4.727600000000001,5.0446,5.32,5.557300000000001,5.6596,6.0066,6.4407,6.9356,6.9406
"AIM 3.0","Low - SSP2","North America (R10)","Capacity|Electricity|Other","GW",1,1.0156,,0.9679000000000001,0.9878,1.4032,1.767299999999999,2.0349,2.291099999999999,2.5606,2.7015,2.8826,3.0399,3.175599999999999,3.234,3.4323,3.6803,3.9632,3.9661
"AIM 3.0","Low - SSP2","North America (R10)","Capacity|Electricity|Solar|PV","GW",1,78.7062,,122.621,1051.5256,1215.1037,1267.5976,1429.1982,1845.8835,2088.5878,2364.5528,2474.7811,2550.8961,2517.5656,2333.9715,2361.3359,2328.4254,2184.5213,2107.7714
"AIM 3.0","Low - SSP2","North America (R10)","Capacity|Electricity|Wind|Onshore","GW",1,124.3728,,247.6133,449.4745,1218.5008,1783.0347,2245.3467,2462.958,2684.6786,2799.6672,2956.6836,3253.5831,3558.6204,3819.3929,4256.7773,4754.2345,5455.2588,5545.4779
"AIM 3.0","Low - SSP2","Pacific OECD (R10)","Capacity|Electricity|Biomass","GW",1,9.318299999999999,,10.1631,0.3407,0.4015,0.4346,0.492,0.5428000000000001,0.6029,3.0032,14.4378,23.5955,31.0173,30.731,32.5101,31.2084,31.4311,30.6579
"AIM 3.0","Low - SSP2","Pacific OECD (R10)","Capacity|Electricity|Coal","GW",1,87.27019999999999,,110.9122,75.2704,4.7253,12.8208,2.0777,2.8203,1.5134,1.6349,1.8162,2.0626,2.2647,2.3521,2.5803,2.7051,2.8991,3.0339
"AIM 3.0","Low - SSP2","Pacific OECD (R10)","Capacity|Electricity|Fossil","GW",1,257.6327,,266.9852,146.1142,71.4118,72.26379999999999,59.1918,46.6471,24.0878,20.1109,9.3046,6.497,4.8593,6.296699999999999,5.5458,5.7431,6.1625,6.125999999999999
"AIM 3.0","Low - SSP2","Pacific OECD (R10)","Capacity|Electricity|Gas","GW",1,127.6785,,118.3307,70.4302,66.22500000000001,58.9316,56.5339,43.1705,21.824,17.6477,6.5648,3.393199999999999,1.437199999999999,2.7925,1.6959,1.7317,1.904,1.7134
"AIM 3.0","Low - SSP2","Pacific OECD (R10)","Capacity|Electricity|Geothermal","GW",1,2.1756,,2.1496,4.3607,4.3136,4.8213,5.5185,6.4433,7.266500000000001,7.2644,7.967600000000001,9.4708,9.8272,12.5213,17.2152,16.4896,21.4548,22.5099
"AIM 3.0","Low - SSP2","Pacific OECD (R10)","Capacity|Electricity|Hydro","GW",1,28.7522,,32.489,36.7922,36.5864,36.42010000000001,36.219,36.5912,36.0982,35.9683,36.0356,36.1308,36.6437,35.779,37.35,33.5598,34.0544,33.6742
"AIM 3.0","Low - SSP2","Pacific OECD (R10)","Capacity|Electricity|Nuclear","GW",1,32.8786,,28.9691,28.941,31.436,35.9394,35.734,36.0479,35.6979,35.7784,35.7876,36.5217,38.8623,37.4061,39.8667,39.8692,39.9313,38.6843
"AIM 3.0","Low - SSP2","Pacific OECD (R10)","Capacity|Electricity|Oil","GW",1,42.684,,37.7422,0.4136,0.4616,0.5114000000000001,0.5801000000000001,0.656199999999999,0.7504000000000001,0.8282,0.9235000000000001,1.0413,1.1575,1.152,1.2697,1.3064,1.3594,1.3787
"AIM 3.0","Low - SSP2","Pacific OECD (R10)","Capacity|Electricity|Solar|PV","GW",1,93.5882,,98.6179,78.18419999999999,119.4349,127.4699,198.934,243.0787,376.7059,407.5925,487.2798,520.1743,487.1616,546.6778,555.884,469.3848,517.9448,530.5907
"AIM 3.0","Low - SSP2","Pacific OECD (R10)","Capacity|Electricity|Wind|Onshore","GW",1,14.5678,,16.4418,71.8367,190.1608,213.6028,256.1767,305.1849,359.3238,414.7733,454.8432,545.662,659.9664,627.8105,713.2874999999999,791.0607,804.5174,812.5056
"AIM 3.0","Low - SSP2","Reforming Economies (R10)","Capacity|Electricity|Biomass","GW",1,14.4917,,13.8982,0.5233,0.5531,0.5908,0.6344000000000001,1.3107,1.4044,4.2522,48.7637,88.9057,107.8627,103.478,111.0873,110.5485,109.3742,102.6219
"AIM 3.0","Low - SSP2","Reforming Economies (R10)","Capacity|Electricity|Coal","GW",1,119.4957,,124.5281,157.0692,59.799,42.438,23.3854,0.8177000000000001,0.6446000000000001,0.7012,0.7623000000000001,0.8243,0.9075000000000001,0.9264,0.983,1.036,1.0855,1.1113
"AIM 3.0","Low - SSP2","Reforming Economies (R10)","Capacity|Electricity|Fossil","GW",1,634.5772,,647.3015,392.0551,225.8702,187.0557,83.0548,27.4016,7.7177,7.0496,7.6654,8.2929,9.1313,9.3198,9.8884,10.4246,10.928,11.1878
"AIM 3.0","Low - SSP2","Reforming Economies (R10)","Capacity|Electricity|Gas","GW",1,488.0251,,474.3192,233.8306,165.3798,143.8791,58.8763,25.6975,6.1061,5.2967,5.7596,6.2322,6.8626,7.0038,7.4311,7.8346,8.2143,8.4096
"AIM 3.0","Low - SSP2","Reforming Economies (R10)","Capacity|Electricity|Geothermal","GW",1,0.1119,,0.1007,0.4025,0.4255,0.4545,0.488,0.5455,0.5951000000000001,0.6472,0.7037,0.7609,0.8377,1.0037,2.4001,2.6197,2.5901,2.6342
"AIM 3.0","Low - SSP2","Reforming Economies (R10)","Capacity|Electricity|Hydro","GW",1,69.554,,70.1593,59.2763,178.5526,219.9535,254.8394,254.1663,248.4898,257.1347,282.4244,305.5032,321.6213,306.503,329.1093,327.3307,323.6613,311.7424
"AIM 3.0","Low - SSP2","Reforming Economies (R10)","Capacity|Electricity|Nuclear","GW",1,37.5099,,38.5966,42.5018,43.0581,43.2397,43.1601,43.0494,39.7809,29.356,20.035,9.2297,8.1424,6.5876,3.4398,0.7801,0.8174,0.8403
"AIM 3.0","Low - SSP2","Reforming Economies (R10)","Capacity|Electricity|Oil","GW",1,27.0563,,48.4541,1.1553,0.6914,0.7385,0.793,0.8864000000000001,0.967,1.0517,1.1435,1.2364,1.3612,1.3896,1.4744,1.554,1.6282,1.6669
"AIM 3.0","Low - SSP2","Reforming Economies (R10)","Capacity|Electricity|Solar|PV","GW",1,8.6656,,8.4107,16.4516,70.3752,68.7474,63.8773,70.7247,59.2594,85.8046,94.12,112.8067,153.6534,154.155,171.5849,177.41,193.5595,195.4209
"AIM 3.0","Low - SSP2","Reforming Economies (R10)","Capacity|Electricity|Wind|Onshore","GW",1,2.6991,,5.723100000000001,26.3258,49.9577,95.4992,207.0567,363.3062,482.5906,566.5948,486.7624,579.9256,713.0249,763.9526,842.2149,933.3185,1015.183,1083.2057
"AIM 3.0","Low - SSP2","Rest of Asia (R10)","Capacity|Electricity|Biomass","GW",1,9.7653,,12.717,0.7277,0.6527000000000001,0.7552,0.8742000000000001,1.3063,13.153,61.3092,110.949,139.349,138.5125,148.7283,156.7246,156.6886,134.5298,174.4035
"AIM 3.0","Low - SSP2","Rest of Asia (R10)","Capacity|Electricity|Coal","GW",1,179.1399,,191.877,440.9847,213.6374,246.2743,131.5808,84.86149999999999,5.9185,6.446099999999999,7.1894,9.048200000000001,10.7295,10.9424,12.5163,12.9875,13.398,13.2075
"AIM 3.0","Low - SSP2","Rest of Asia (R10)","Capacity|Electricity|Fossil","GW",1,435.5846,,446.8996,487.8513,375.8473,347.4066,229.3417,140.9494,24.6759,16.6464,15.4921,20.0115,23.7716,24.732,28.0346,29.3948,30.6827,30.8905
"AIM 3.0","Low - SSP2","Rest of Asia (R10)","Capacity|Electricity|Gas","GW",1,216.7005,,201.3767,43.89,161.0677,99.8106,96.231,54.25539999999999,16.5646,7.807500000000001,5.5885,7.4759,8.902899999999999,9.4987,10.6469,11.3095,11.9747,12.3571
"AIM 3.0","Low - SSP2","Rest of Asia (R10)","Capacity|Electricity|Geothermal","GW",1,6.587,,6.1287,7.7745,9.0444,9.0273,8.874,8.7361,8.49,8.5403,8.6499,8.9419,9.2402,9.1628,9.9211,9.8521,9.7698,9.3709
"AIM 3.0","Low - SSP2","Rest of Asia (R10)","Capacity|Electricity|Hydro","GW",1,80.7448,,100.9907,126.7176,124.2681,121.5318,117.1022,115.341,108.6258,104.8683,101.1721,95.2136,83.90520000000001,67.6838,71.5333,70.92739999999999,70.2149,67.5204
"AIM 3.0","Low - SSP2","Rest of Asia (R10)","Capacity|Electricity|Nuclear","GW",1,28.7238,,35.6156,30.5775,53.1691,57.1664,60.6247,71.6532,69.703,69.3885,66.5139,68.6741,78.2679,77.6336,88.3298,87.2491,86.3662,82.9187
"AIM 3.0","Low - SSP2","Rest of Asia (R10)","Capacity|Electricity|Oil","GW",1,39.7441,,53.6458,2.9767,1.142199999999999,1.321699999999999,1.5298,1.8324,2.1928,2.3926,2.7142,3.4872,4.1392,4.2908,4.8713,5.0978,5.3098,5.3258
"AIM 3.0","Low - SSP2","Rest of Asia (R10)","Capacity|Electricity|Solar|PV","GW",1,46.2166,,75.5913,363.0427,672.0532000000001,828.0263,1242.5426,1800.8048,2925.403,3082.6084,3371.9545,3988.3608,5060.8525,5249.907,5905.2172,6269.3739,6685.6976,6505.752899999999
"AIM 3.0","Low - SSP2","Rest of Asia (R10)","Capacity|Electricity|Wind|Onshore","GW",1,7.8117,,41.3564,97.0839,201.4357,297.5418,488.2205,626.1717,622.9374,659.4586999999999,844.9139,1376.8583,1575.4326,1646.6128,1947.5383,2042.4873,2140.218,2194.156
"AIM 3.0","Low - SSP2","World","Capacity|Electricity|Biomass","GW",1,197.6731,,202.2445,11.8155,10.4565,11.6872,12.9855,18.1021,59.3706,275.4122,724.7613,976.0929,1020.384,1133.4177,1093.278,1097.7988,1053.5977,883.4392
"AIM 3.0","Low - SSP2","World","Capacity|Electricity|Coal","GW",1,2453.7884,,2785.0634,2039.6527,887.3378,953.2339,337.1512,133.3876,60.6432,66.463,72.8259,85.2519,94.5068,99.9456,107.1992,113.5797,117.1161,117.4494
"AIM 3.0","Low - SSP2","World","Capacity|Electricity|Fossil","GW",1,5082.2067,,5684.0383,3557.0573,1977.0041,2017.7107,1250.2578,623.8423,267.8989,210.9155,168.5966,174.5172,191.7392,203.719,218.0163,230.8853,239.652,241.146
"AIM 3.0","Low - SSP2","World","Capacity|Electricity|Gas","GW",1,2285.767,,2342.9515,1495.6438,1076.7856,1049.9125,896.6235,471.1804,184.7722,119.5347,68.279,56.8394,61.1504,65.8978,69.8556,73.6956,77.262,78.0994
"AIM 3.0","Low - SSP2","World","Capacity|Electricity|Geothermal","GW",1,25.9221,,24.426,49.6913,51.2696,50.6952,53.7788,54.6638,56.1177,56.5616,57.4581,62.1536,66.7428,74.3594,80.9298,81.6005,85.4836,85.7751
"AIM 3.0","Low - SSP2","World","Capacity|Electricity|Hydro","GW",1,1263.5944,,1555.1272,1486.0894,1737.2081,1858.6893,2255.6743,2297.2785,2259.1107,2177.6825,2084.2915,2068.6824,1932.9986,1947.4095,1950.9568,1927.1272,1943.1817,1919.9475
"AIM 3.0","Low - SSP2","World","Capacity|Electricity|Nuclear","GW",1,413.0608,,469.477,396.703,520.1866,549.655,756.6184,820.4116,844.7048,851.1534,857.9251,860.2006,810.5845,837.4588,664.2632,812.9446,752.9449,714.0971
"AIM 3.0","Low - SSP2","World","Capacity|Electricity|Oil","GW",1,342.6513,,556.0235,21.7607,12.8808,14.5643,16.483,19.2743,22.4834,24.9178,27.4917,32.426,36.0819,37.8756,40.9615,43.61,45.274,45.5972
"AIM 3.0","Low - SSP2","World","Capacity|Electricity|Other","GW",1,4.1193,,4.3207,1.8106,2.4103,2.8871,3.2845,3.6777,4.2347,4.4647,4.7362,5.0733,5.3526,5.4548,5.8722,6.3563,6.6296,6.6584
"AIM 3.0","Low - SSP2","World","Capacity|Electricity|Solar|PV","GW",1,737.6048,,1308.7554,4034.0689,5806.6371,6183.7554,7739.725,11084.0197,15114.3077,17955.7834,20464.9855,24921.2328,28151.2944,29276.7087,31162.0145,32172.445,32078.1729,31804.1748
"AIM 3.0","Low - SSP2","World","Capacity|Electricity|Wind|Onshore","GW",1,702.6627,,1001.5366,2104.6231,4314.1868,5409.4013,7000.3021,8552.9145,10013.6883,10599.9951,11321.8688,14340.7166,17079.9377,18195.5538,21155.0777,23065.4569,25407.7649,26392.1031
"AIM 3.0","Low-to-Negative - SSP2 (Marker)","Africa (R10)","Capacity|Electricity|Biomass","GW",1,0.7995000000000001,,0.8036000000000001,0.4939,0.6492,0.7130000000000001,0.857,1.0163,1.3232,1.8505,3.4885,4.8027,6.064,6.3707,7.6749,10.2322,11.5415,15.5266
"AIM 3.0","Low-to-Negative - SSP2 (Marker)","Africa (R10)","Capacity|Electricity|Coal","GW",1,47.2126,,53.6893,85.926,86.0664,19.4655,3.407899999999999,3.3861,4.3046,5.6307,7.3869,8.6064,10.2058,12.1629,15.2061,19.6578,23.4782,24.4727
"AIM 3.0","Low-to-Negative - SSP2 (Marker)","Africa (R10)","Capacity|Electricity|Fossil","GW",1,155.2438,,165.0445,415.6921,588.5406,369.4647,307.5807,232.7347,123.0703,30.7199,15.9186,17.2853,19.6268,23.1417,30.8801,42.4365,48.8688,50.831
"AIM 3.0","Low-to-Negative - SSP2 (Marker)","Africa (R10)","Capacity|Electricity|Gas","GW",1,98.0841,,99.7897,328.6638,501.8301,349.2989,303.3584,228.3996,117.5551,23.5009,6.4446,6.2421,6.5294,7.5223,11.4368,17.4085,18.9002,19.5863
"AIM 3.0","Low-to-Negative - SSP2 (Marker)","Africa (R10)","Capacity|Electricity|Geothermal","GW",1,0.6936,,0.6754,1.3814,1.3651,1.4137,1.6859,1.9345,2.9197,3.2346,3.2565,3.3485,3.3052,2.991,2.388,2.7359,3.2452,3.386
"AIM 3.0","Low-to-Negative - SSP2 (Marker)","Africa (R10)","Capacity|Electricity|Hydro","GW",1,32.616,,48.1665,67.039,82.8597,126.3013,144.7326,163.0145,161.0362,158.9767,160.109,164.3474,162.8011,149.2414,114.8752,135.7916,149.9262,151.0733
"AIM 3.0","Low-to-Negative - SSP2 (Marker)","Africa (R10)","Capacity|Electricity|Nuclear","GW",1,2.2361,,2.2857,1.987,1.9263,1.9114,1.922,1.9409,1.9491,1.968999999999999,1.3391,1.5502,1.8278,2.1568,2.8635,3.9179,4.523099999999999,4.7061
"AIM 3.0","Low-to-Negative - SSP2 (Marker)","Africa (R10)","Capacity|Electricity|Oil","GW",1,9.947,,11.5654,1.1022,0.6441,0.7004,0.8144,0.9491,1.2106,1.5882,2.0871,2.4369,2.8916,3.4565,4.2374,5.3702,6.4904,6.772
"AIM 3.0","Low-to-Negative - SSP2 (Marker)","Africa (R10)","Capacity|Electricity|Solar|PV","GW",1,7.3245,,12.834,52.45099999999999,58.0741,477.2674,633.0084,858.9803,1132.6193,1603.8624,2071.5639,2518.4766,2842.7776,3321.4349,3292.7409,4501.2584,5373.465,5890.0075
"AIM 3.0","Low-to-Negative - SSP2 (Marker)","Africa (R10)","Capacity|Electricity|Wind|Onshore","GW",1,8.664100000000001,,9.967600000000001,48.2382,46.5616,120.6789,255.3979,372.4519,662.2938,982.9830999999999,1373.6849,1565.1769,1952.1361,2360.3034,3886.9479,5434.222900000001,6130.580599999999,6220.195900000001
"AIM 3.0","Low-to-Negative - SSP2 (Marker)","China+ (R10)","Capacity|Electricity|Biomass","GW",1,25.0173,,31.3008,1.842,1.9998,2.2112,4.125,5.0739,5.1463,50.6346,120.6337,131.1843,155.9834,153.0887,168.6981,168.3547,166.7837,165.1614
"AIM 3.0","Low-to-Negative - SSP2 (Marker)","China+ (R10)","Capacity|Electricity|Coal","GW",1,1244.2293,,1477.617,1022.1125,1049.805,274.8113,86.8741,17.0751,17.5248,18.4433,21.6155,23.7252,25.3878,28.9995,33.0232,32.5057,31.1928,29.6135
"AIM 3.0","Low-to-Negative - SSP2 (Marker)","China+ (R10)","Capacity|Electricity|Fossil","GW",1,1393.0265,,1899.9619,1033.498,1056.8042,282.5503,124.368,57.283,56.1627,29.4894,34.4832,37.8469,40.4991,46.2606,52.6792,51.8537,49.7593,47.24
"AIM 3.0","Low-to-Negative - SSP2 (Marker)","China+ (R10)","Capacity|Electricity|Gas","GW",1,127.6938,,266.6807,7.1659,3.4996,3.8695,32.8748,35.1118,33.4111,5.5532,6.4338,7.0609,7.5556,8.6305,9.828,9.674,9.2833,8.8133
"AIM 3.0","Low-to-Negative - SSP2 (Marker)","China+ (R10)","Capacity|Electricity|Hydro","GW",1,429.0161,,571.7549,527.728,522.3829,503.9575,799.3934,771.3813,741.2979,652.5083,539.5677,472.5143,366.3333,361.519,399.9599,399.6235,396.8323,393.9969
"AIM 3.0","Low-to-Negative - SSP2 (Marker)","China+ (R10)","Capacity|Electricity|Nuclear","GW",1,52.0093,,100.6879,32.6878,30.1748,189.5658,260.1775,274.8514,288.2366,300.1758,299.3978,280.9715,269.9885,315.6459,362.8011,376.0767,343.9242,397.5607
"AIM 3.0","Low-to-Negative - SSP2 (Marker)","China+ (R10)","Capacity|Electricity|Oil","GW",1,21.1034,,155.6641,4.2196,3.4996,3.8695,4.6191,5.0961,5.2267,5.4929,6.4338,7.0609,7.5556,8.6305,9.828,9.674,9.2833,8.8133
"AIM 3.0","Low-to-Negative - SSP2 (Marker)","China+ (R10)","Capacity|Electricity|Solar|PV","GW",1,267.8674,,350.637,1100.6327,1277.3976,1256.1599,1820.4313,2093.1041,1996.4474,2196.3776,2516.1553,2842.1708,2996.2487,3246.0791,3698.8567,3508.795,2947.5575,3223.2188
"AIM 3.0","Low-to-Negative - SSP2 (Marker)","China+ (R10)","Capacity|Electricity|Wind|Onshore","GW",1,239.786,,347.3768,521.6404,650.9276,1746.7482,2236.3845,2547.2373,2702.282,2827.7173,3592.7931,4247.1229,4711.8601,5645.1343,6468.9425,6381.1562,6327.0511,5581.7748
"AIM 3.0","Low-to-Negative - SSP2 (Marker)","Europe (R10)","Capacity|Electricity|Biomass","GW",1,85.9147,,83.87440000000001,2.7454,1.128199999999999,2.1942,2.4387,24.3147,110.9938,173.5968,208.4519,165.841,172.1037,156.9281,164.4478,154.7695,114.2899,110.598
"AIM 3.0","Low-to-Negative - SSP2 (Marker)","Europe (R10)","Capacity|Electricity|Coal","GW",1,199.1056,,248.9979,107.4614,57.54989999999999,8.1549,7.244899999999999,8.3953,9.3358,9.9004,10.4588,11.3563,12.684,13.0789,14.6518,15.3312,15.449,16.1578
"AIM 3.0","Low-to-Negative - SSP2 (Marker)","Europe (R10)","Capacity|Electricity|Fossil","GW",1,526.8906999999999,,561.6353,131.6831,106.7383,18.5713,16.7381,15.892,17.1656,18.2058,18.8903,20.5364,22.9233,23.4892,25.9935,27.0963,27.2688,28.4244
"AIM 3.0","Low-to-Negative - SSP2 (Marker)","Europe (R10)","Capacity|Electricity|Gas","GW",1,292.7787,,268.3312,22.403,47.46619999999999,8.2675,6.9835,4.6028,4.6149,4.8836,4.8276,5.2832,5.8933,5.9202,6.3618,6.583,6.6193,6.872
"AIM 3.0","Low-to-Negative - SSP2 (Marker)","Europe (R10)","Capacity|Electricity|Geothermal","GW",1,9.1329,,9.1266,8.4759,9.1948,9.751199999999999,10.5299,10.1573,10.1095,10.3701,10.4102,11.1245,14.8159,17.5026,19.8584,20.2256,20.1914,20.1346
"AIM 3.0","Low-to-Negative - SSP2 (Marker)","Europe (R10)","Capacity|Electricity|Hydro","GW",1,205.3565,,197.3525,160.3134,183.855,192.1415,195.6647,203.486,201.6489,197.6538,202.951,208.7023,201.7407,189.0232,197.8378,200.5042,200.4329,200.1663
"AIM 3.0","Low-to-Negative - SSP2 (Marker)","Europe (R10)","Capacity|Electricity|Nuclear","GW",1,115.4866,,103.0431,121.0941,121.1314,120.0446,119.613,118.9572,118.7086,116.0741,112.648,112.1685,108.0389,94.7514,52.1119,19.2209,7.9612,2.7184
"AIM 3.0","Low-to-Negative - SSP2 (Marker)","Europe (R10)","Capacity|Electricity|Oil","GW",1,35.0064,,44.3062,1.8187,1.7222,2.148799999999999,2.5097,2.893799999999999,3.215,3.4217,3.603699999999999,3.897,4.3461,4.4901,4.979800000000001,5.182099999999999,5.200399999999999,5.3946
"AIM 3.0","Low-to-Negative - SSP2 (Marker)","Europe (R10)","Capacity|Electricity|Other","GW",1,3.1037,,3.3528,0.8119000000000001,0.915999999999999,1.1364,1.3235,1.5271,1.696,1.7951,1.8956,2.0461,2.2788,2.3737,2.6597,2.7782,2.7922,2.901799999999999
"AIM 3.0","Low-to-Negative - SSP2 (Marker)","Europe (R10)","Capacity|Electricity|Solar|PV","GW",1,159.1705,,251.6412,409.7286,517.5952,572.7314,753.8779999999999,900.2032000000002,1064.2761,1179.2854,1311.8803,1553.8331,1768.5942,1913.3142,2118.1831,2072.1762,2140.5266,2244.9216
"AIM 3.0","Low-to-Negative - SSP2 (Marker)","Europe (R10)","Capacity|Electricity|Wind|Onshore","GW",1,233.5177,,240.7845,626.8865000000001,747.9531999999999,1129.7361,1345.5997,1536.8302,1572.4077,1707.6036,1832.2557,2083.0979,2448.1334,2626.6368,3056.934,3338.9434,3427.6559,3588.2044
"AIM 3.0","Low-to-Negative - SSP2 (Marker)","India+ (R10)","Capacity|Electricity|Biomass","GW",1,7.5213,,8.351,0.5632,0.7008,0.7362000000000001,1.0449,1.0738,1.237,1.609,13.4735,28.5788,43.5058,52.841,46.0706,51.0987,51.3198,51.4046
"AIM 3.0","Low-to-Negative - SSP2 (Marker)","India+ (R10)","Capacity|Electricity|Coal","GW",1,249.279,,278.4101,198.41,281.1199,3.6979,4.3495,4.5227,5.3582,7.2636,10.3099,11.7334,12.4426,12.9324,13.5993,15.7252,16.2739,16.6405
"AIM 3.0","Low-to-Negative - SSP2 (Marker)","India+ (R10)","Capacity|Electricity|Fossil","GW",1,282.5354,,317.7758,311.4779,381.4043,85.0749,87.5594,71.9778,69.4599,23.0927,16.4476,18.718,19.8494,20.6309,21.6945,25.0853,25.9604,26.5453
"AIM 3.0","Low-to-Negative - SSP2 (Marker)","India+ (R10)","Capacity|Electricity|Gas","GW",1,28.458,,30.4021,112.2232,99.2331,80.2726,81.9137,66.1071,62.5047,13.6647,3.0689,3.4923,3.7034,3.8492,4.0476,4.6801,4.8433,4.9524
"AIM 3.0","Low-to-Negative - SSP2 (Marker)","India+ (R10)","Capacity|Electricity|Hydro","GW",1,54.032,,73.094,65.6063,75.5202,79.8951,87.1274,95.3776,95.7091,94.3487,94.8772,94.2533,94.5796,94.2474,81.3815,89.9947,90.2053,90.2279
"AIM 3.0","Low-to-Negative - SSP2 (Marker)","India+ (R10)","Capacity|Electricity|Nuclear","GW",1,7.2424,,10.35,5.9333,5.8168,76.1192,96.8261,117.2867,133.8299,145.0268,160.4232,173.8563,188.9964,202.8197,187.6417,221.3346,235.7184,249.6468
"AIM 3.0","Low-to-Negative - SSP2 (Marker)","India+ (R10)","Capacity|Electricity|Oil","GW",1,4.7984,,8.9636,0.8447,1.0512,1.1043,1.2963,1.348,1.597,2.1643,3.0689,3.4923,3.7034,3.8492,4.0476,4.6801,4.8433,4.9524
"AIM 3.0","Low-to-Negative - SSP2 (Marker)","India+ (R10)","Capacity|Electricity|Solar|PV","GW",1,45.8174,,157.8331,685.5745,890.9025,1726.1336,2055.6386,2095.9848,2613.3937,3924.8167,5776.5178,6790.6472,7249.1365,7638.9145,7644.9852,7842.4344,7813.4119,7880.2482
"AIM 3.0","Low-to-Negative - SSP2 (Marker)","India+ (R10)","Capacity|Electricity|Wind|Onshore","GW",1,39.4098,,41.079,30.4859,25.0155,14.081,13.6578,13.4182,13.5368,78.5124,136.1969,134.4119,134.7796,81.6152,537.5816,1260.5739,1493.3657,1582.0674
"AIM 3.0","Low-to-Negative - SSP2 (Marker)","Latin America (R10)","Capacity|Electricity|Biomass","GW",1,22.3908,,20.032,0.9122,0.8338000000000001,0.9658,1.4322,1.6445,1.8456,2.134,14.394,30.5722,47.00320000000001,58.2059,59.2212,59.3367,57.881,70.43469999999999
"AIM 3.0","Low-to-Negative - SSP2 (Marker)","Latin America (R10)","Capacity|Electricity|Coal","GW",1,17.8808,,22.2309,13.3799,8.3972,0.644,0.8177000000000001,0.9655,1.1058,1.2977,1.6838,2.0122,2.2045,2.3981,2.583199999999999,2.8527,2.935399999999999,2.9879
"AIM 3.0","Low-to-Negative - SSP2 (Marker)","Latin America (R10)","Capacity|Electricity|Fossil","GW",1,187.8316,,183.4942,55.66379999999999,60.4267,24.7998,16.307,9.6471,6.707100000000001,5.191,6.7351,8.0487,8.818200000000001,9.5925,10.3328,11.4109,11.7415,11.9517
"AIM 3.0","Low-to-Negative - SSP2 (Marker)","Latin America (R10)","Capacity|Electricity|Gas","GW",1,124.57,,121.2786,40.5754,51.19580000000001,23.19,14.2627,7.2334,3.9427,1.9466,2.5257,3.0183,3.306899999999999,3.5972,3.8748,4.279,4.4031,4.4819
"AIM 3.0","Low-to-Negative - SSP2 (Marker)","Latin America (R10)","Capacity|Electricity|Geothermal","GW",1,1.7527,,1.4958,20.5107,20.4534,20.0842,20.1186,20.0033,19.8129,19.675,19.3989,17.9972,18.71,19.0629,18.6382,18.5241,18.4507,18.3119
"AIM 3.0","Low-to-Negative - SSP2 (Marker)","Latin America (R10)","Capacity|Electricity|Hydro","GW",1,162.9466,,229.8045,205.5567,293.6458,349.4437,384.1883,419.1429,416.991,416.547,416.7101,423.312,424.0241,432.9011,430.3926,425.5773,423.3185,420.3505
"AIM 3.0","Low-to-Negative - SSP2 (Marker)","Latin America (R10)","Capacity|Electricity|Nuclear","GW",1,5.3337,,5.6594,4.8559,4.8582,4.8335,4.7989,4.773300000000001,4.749499999999999,4.2765,2.9776,2.9951,2.559,1.8058,1.9452,2.1482,2.2103,2.2499
"AIM 3.0","Low-to-Negative - SSP2 (Marker)","Latin America (R10)","Capacity|Electricity|Oil","GW",1,45.3808,,39.98479999999999,1.7084,0.8338000000000001,0.9658,1.2267,1.4483,1.6587,1.9466,2.5257,3.0183,3.306899999999999,3.5972,3.8748,4.279,4.4031,4.4819
"AIM 3.0","Low-to-Negative - SSP2 (Marker)","Latin America (R10)","Capacity|Electricity|Solar|PV","GW",1,23.2233,,50.9954,128.1061,136.098,161.2396,327.335,465.7667,599.1383000000001,711.7497000000001,1040.4603,1168.5955,1241.8677,1277.072,1422.3787,1548.4151,1649.1774,1730.754
"AIM 3.0","Low-to-Negative - SSP2 (Marker)","Latin America (R10)","Capacity|Electricity|Wind|Onshore","GW",1,30.9583,,47.254,196.0638,194.5822,279.737,381.8991,453.4946,568.35,754.7839,1023.7874,1319.7767,1499.779,1705.3659,1936.878,2167.9297,2229.4534,2234.197
"AIM 3.0","Low-to-Negative - SSP2 (Marker)","Middle East (R10)","Capacity|Electricity|Biomass","GW",1,0.3803,,0.3351,0.2785,0.3174,0.3207,0.3853,0.4346,0.5141,0.759,1.0324,1.1323,1.138,1.1629,1.1886,1.3036,1.3538,1.3774
"AIM 3.0","Low-to-Negative - SSP2 (Marker)","Middle East (R10)","Capacity|Electricity|Coal","GW",1,6.1713,,8.9397,0.3782,2.9424,0.4647,0.489,0.5548000000000001,0.6413,0.9503,1.2756,1.4019,1.4121,1.4421,1.4768,1.6296,1.6965,1.7288
"AIM 3.0","Low-to-Negative - SSP2 (Marker)","Middle East (R10)","Capacity|Electricity|Fossil","GW",1,359.8352,,364.9382,498.2199,560.4076,381.7279,333.7676,233.2008,74.4383,22.0731,12.8311,14.1023,14.2048,14.5066,14.8563,16.3938,17.0672,17.3919
"AIM 3.0","Low-to-Negative - SSP2 (Marker)","Middle East (R10)","Capacity|Electricity|Gas","GW",1,252.9179,,251.2866,492.5282,556.8304,380.6217,332.5451,231.8138,72.835,19.6975,9.6421,10.5976,10.6746,10.9014,11.1644,12.3198,12.8259,13.0699
"AIM 3.0","Low-to-Negative - SSP2 (Marker)","Middle East (R10)","Capacity|Electricity|Hydro","GW",1,20.4514,,18.4864,17.8,18.4187,21.799,25.0539,27.6656,26.6977,26.3753,26.7758,28.6003,27.9193,28.7879,28.6663,28.8122,28.7884,28.5662
"AIM 3.0","Low-to-Negative - SSP2 (Marker)","Middle East (R10)","Capacity|Electricity|Nuclear","GW",1,1.0041,,6.839,1.2255,1.0425,1.0341,1.0229,0.9914000000000001,19.6974,20.2906,21.5406,24.0144,24.4248,26.1973,27.0951,28.2465,29.2359,24.0748
"AIM 3.0","Low-to-Negative - SSP2 (Marker)","Middle East (R10)","Capacity|Electricity|Oil","GW",1,100.7461,,104.7119,5.3135,0.6348,0.6415000000000001,0.7335,0.8322,0.962,1.4254,1.9134,2.1028,2.1181,2.1631,2.2152,2.4444,2.5448,2.5932
"AIM 3.0","Low-to-Negative - SSP2 (Marker)","Middle East (R10)","Capacity|Electricity|Solar|PV","GW",1,7.0249,,179.5728,39.4324,61.0839,459.7649,754.9485,1193.8676,1637.0034,2537.8307,3379.2735,3549.6663,3532.1476,3253.7826,3343.2248,3697.9578,3376.2864,3347.1706
"AIM 3.0","Low-to-Negative - SSP2 (Marker)","Middle East (R10)","Capacity|Electricity|Wind|Onshore","GW",1,0.8752000000000001,,3.9395,22.6601,22.5434,21.2566,17.5852,9.5176,48.5337,137.9301,282.115,408.7703,456.4579,704.5693,723.3306,790.65,1057.6339,1150.3311
"AIM 3.0","Low-to-Negative - SSP2 (Marker)","North America (R10)","Capacity|Electricity|Biomass","GW",1,22.0738,,20.7693,1.3236,1.5613,2.3426,3.2008,16.8619,223.9749,364.3683,422.59,407.9823,310.6554,238.2111,192.4475,254.7238,85.3087,52.3594
"AIM 3.0","Low-to-Negative - SSP2 (Marker)","North America (R10)","Capacity|Electricity|Coal","GW",1,304.0056,,267.8581,79.29690000000001,20.7248,8.941600000000001,11.1208,12.6533,13.6917,14.8152,15.6993,16.8345,18.2484,20.2404,22.7508,24.6749,24.1926,23.2225
"AIM 3.0","Low-to-Negative - SSP2 (Marker)","North America (R10)","Capacity|Electricity|Fossil","GW",1,849.0504,,829.9961,397.6339,333.7476,65.86019999999999,31.7965,21.5381,22.8822,24.6058,26.0627,28.0265,30.5152,33.9864,38.5638,42.5322,41.7931,40.6161
"AIM 3.0","Low-to-Negative - SSP2 (Marker)","North America (R10)","Capacity|Electricity|Gas","GW",1,528.8595,,511.1551,316.5386,311.0273,53.9709,17.0256,4.7451,4.5953,4.8953,5.1817,5.596,6.133500000000001,6.873,7.906499999999999,8.9287,8.8003,8.6968
"AIM 3.0","Low-to-Negative - SSP2 (Marker)","North America (R10)","Capacity|Electricity|Geothermal","GW",1,5.4684,,4.7491,4.6691,4.6821,4.5156,4.4786,4.4497,4.4355,4.4273,4.3924,4.5098,4.5791,4.1363,4.321,4.6281,4.5303,4.4199
"AIM 3.0","Low-to-Negative - SSP2 (Marker)","North America (R10)","Capacity|Electricity|Hydro","GW",1,180.1242,,212.822,163.2079,191.0877,197.2094,204.9217,208.9268,204.374,221.9743,205.5245,223.1767,230.6187,158.5089,176.7745,214.5476,216.6989,215.4556
"AIM 3.0","Low-to-Negative - SSP2 (Marker)","North America (R10)","Capacity|Electricity|Nuclear","GW",1,130.6361,,137.4305,129.5195,129.7836,125.6402,124.6134,123.9577,122.1136,117.0647,110.9971,112.0421,110.3342,99.5667,101.4575,105.2755,80.9896,61.5112
"AIM 3.0","Low-to-Negative - SSP2 (Marker)","North America (R10)","Capacity|Electricity|Oil","GW",1,16.1852,,50.9829,1.7984,1.9955,2.947699999999999,3.6501,4.1397,4.5953,4.8953,5.1817,5.596,6.133500000000001,6.873,7.906499999999999,8.9287,8.8003,8.6968
"AIM 3.0","Low-to-Negative - SSP2 (Marker)","North America (R10)","Capacity|Electricity|Other","GW",1,1.0156,,0.9679000000000001,0.9649000000000001,1.1403,1.6844,2.0858,2.3656,2.6259,2.7973,2.960899999999999,3.1977,3.5048,3.9274,4.518,5.1021,5.028700000000001,4.9697
"AIM 3.0","Low-to-Negative - SSP2 (Marker)","North America (R10)","Capacity|Electricity|Solar|PV","GW",1,78.7062,,122.6211,683.9233,677.934,959.7141,1425.6017,1683.4293,1607.8115,2116.4326,2258.6743,2354.849,2409.9689,2347.6975,2519.7159,2651.5841,2941.7773,2713.9458
"AIM 3.0","Low-to-Negative - SSP2 (Marker)","North America (R10)","Capacity|Electricity|Wind|Onshore","GW",1,124.3728,,247.6135,456.7882,829.4067,1929.4498,2465.8532,2714.8795,2527.7675,2297.3687,2571.1164,2955.1735,3677.0141,4855.6892,5942.372600000001,6773.030900000001,6875.717699999999,7031.0196
"AIM 3.0","Low-to-Negative - SSP2 (Marker)","Pacific OECD (R10)","Capacity|Electricity|Biomass","GW",1,9.313799999999999,,10.1566,0.347199999999999,0.2984,0.3487,0.5129,10.6592,94.8852,179.9982,245.0116,61.23520000000001,195.1662,81.11019999999999,74.9969,77.42500000000001,122.7534,46.9041
"AIM 3.0","Low-to-Negative - SSP2 (Marker)","Pacific OECD (R10)","Capacity|Electricity|Coal","GW",1,87.2701,,110.9206,140.2965,130.1825,8.678,1.1822,1.3664,2.0872,2.103199999999999,2.3059,2.481,3.3721,5.525,8.5196,8.711500000000001,8.7952,10.3079
"AIM 3.0","Low-to-Negative - SSP2 (Marker)","Pacific OECD (R10)","Capacity|Electricity|Fossil","GW",1,257.5743,,266.9423,158.3011,191.784,44.7196,28.897,20.9986,8.7706,5.742599999999999,5.2865,5.4617,7.007200000000001,9.8183,14.5513,14.8459,14.9862,17.4008
"AIM 3.0","Low-to-Negative - SSP2 (Marker)","Pacific OECD (R10)","Capacity|Electricity|Gas","GW",1,127.6202,,118.2795,17.5816,61.1538,35.5185,27.0894,18.8943,5.682700000000001,2.6071,1.872199999999999,1.802,2.1609,2.1749,3.0159,3.0673,3.0955,3.5464
"AIM 3.0","Low-to-Negative - SSP2 (Marker)","Pacific OECD (R10)","Capacity|Electricity|Geothermal","GW",1,2.1751,,2.1492,3.7534,4.0576,4.5514,5.2654,6.162,7.0769,7.152099999999999,7.176400000000001,8.2759,8.6005,8.595,14.9508,20.047,25.3881,26.1339
"AIM 3.0","Low-to-Negative - SSP2 (Marker)","Pacific OECD (R10)","Capacity|Electricity|Hydro","GW",1,28.743,,32.4901,34.1736,36.3958,36.3069,36.1923,36.3487,36.1972,36.3148,34.8738,37.1403,37.2088,33.2661,36.5226,35.9155,35.8363,35.7816
"AIM 3.0","Low-to-Negative - SSP2 (Marker)","Pacific OECD (R10)","Capacity|Electricity|Nuclear","GW",1,32.8786,,28.9691,21.7675,11.7315,30.5861,35.794,35.6919,35.5934,35.6577,36.5323,38.5052,40.0275,40.164,40.8767,40.0696,39.9468,40.1609
"AIM 3.0","Low-to-Negative - SSP2 (Marker)","Pacific OECD (R10)","Capacity|Electricity|Oil","GW",1,42.684,,37.7422,0.4231,0.4476,0.5231,0.6254000000000001,0.7379,1.0008,1.0324,1.108299999999999,1.178599999999999,1.474,2.1185,3.0159,3.0673,3.0955,3.5464
"AIM 3.0","Low-to-Negative - SSP2 (Marker)","Pacific OECD (R10)","Capacity|Electricity|Solar|PV","GW",1,93.54910000000001,,98.5703,52.639,70.8851,151.7076,266.5416,354.5049,362.5548,306.331,374.6976,496.4449,486.7128,676.6569,1005.0009,1004.4069,967.2102,1201.8208
"AIM 3.0","Low-to-Negative - SSP2 (Marker)","Pacific OECD (R10)","Capacity|Electricity|Wind|Onshore","GW",1,14.5654,,16.4395,70.4989,73.6417,254.2319,307.4261,316.2288,349.5544,352.4711,354.5459,616.5666,665.7354,1325.2083,2011.4924,2057.4089,2025.1298,2472.6655
"AIM 3.0","Low-to-Negative - SSP2 (Marker)","Reforming Economies (R10)","Capacity|Electricity|Biomass","GW",1,14.4917,,13.8982,0.5197,0.5494,0.5644,1.3459,1.4096,1.5221,1.6379,4.7053,5.2644,5.1462,4.2099,4.4494,6.3764,6.4426,6.3139
"AIM 3.0","Low-to-Negative - SSP2 (Marker)","Reforming Economies (R10)","Capacity|Electricity|Coal","GW",1,119.4957,,124.5281,155.8808,136.6264,46.4095,1.673,0.6069,0.6649,0.7135,0.7487,0.8146,0.8474,1.1163,1.5974,2.3267,2.3779,2.2281
"AIM 3.0","Low-to-Negative - SSP2 (Marker)","Reforming Economies (R10)","Capacity|Electricity|Fossil","GW",1,634.5771,,647.3008,388.5715,377.6017,143.3022,52.3868,44.9048,16.7151,7.1754,7.5323,8.1955,8.5259,11.2302,16.0699,23.4187,23.9396,22.4321
"AIM 3.0","Low-to-Negative - SSP2 (Marker)","Reforming Economies (R10)","Capacity|Electricity|Gas","GW",1,488.025,,474.3189,231.5434,240.2886,96.1872,49.8996,43.3877,15.0528,5.3915,5.660600000000001,6.1591,6.4076,8.4394,12.0764,17.6019,17.9949,16.8618
"AIM 3.0","Low-to-Negative - SSP2 (Marker)","Reforming Economies (R10)","Capacity|Electricity|Geothermal","GW",1,0.1119,,0.1007,0.3997,0.4226,0.4342,0.501,0.5602,0.6138,0.6587000000000001,0.6911,0.7519,0.7822,9.8811,8.7185,12.3393,12.356,12.5314
"AIM 3.0","Low-to-Negative - SSP2 (Marker)","Reforming Economies (R10)","Capacity|Electricity|Hydro","GW",1,69.5539,,70.159,59.089,82.5724,205.2357,278.3507,288.6029,288.6473,287.1927,300.0771,337.9129,325.5007,226.2503,199.6299,282.5369,282.9192,286.9354
"AIM 3.0","Low-to-Negative - SSP2 (Marker)","Reforming Economies (R10)","Capacity|Electricity|Nuclear","GW",1,37.5099,,38.5965,42.3675,42.063,41.9444,41.9608,42.5436,40.3808,29.0891,19.7813,10.2088,8.9869,5.5111,2.6586,1.7521,1.7906,1.6847
"AIM 3.0","Low-to-Negative - SSP2 (Marker)","Reforming Economies (R10)","Capacity|Electricity|Oil","GW",1,27.0563,,48.4538,1.1473,0.6867000000000001,0.7055,0.8142,0.9103,0.9974000000000001,1.0703,1.123,1.2219,1.271,1.6745,2.3961,3.4901,3.5668,3.3422
"AIM 3.0","Low-to-Negative - SSP2 (Marker)","Reforming Economies (R10)","Capacity|Electricity|Solar|PV","GW",1,8.6656,,8.4107,16.9007,72.2954,71.0904,65.2493,72.5255,53.1719,87.7695,129.8133,173.0994,170.1509,189.9147,199.6874,311.133,324.2766,338.9986
"AIM 3.0","Low-to-Negative - SSP2 (Marker)","Reforming Economies (R10)","Capacity|Electricity|Wind|Onshore","GW",1,2.6991,,5.723100000000001,26.2263,32.4536,145.2597,218.575,313.6937,439.739,532.6894,601.2317,721.1621,793.0029,1341.8954,2130.0983,3116.5716,3193.3016,2951.3372
"AIM 3.0","Low-to-Negative - SSP2 (Marker)","Rest of Asia (R10)","Capacity|Electricity|Biomass","GW",1,9.7651,,12.7168,0.7219,0.6917,0.7672,1.1371,1.3444,1.4807,12.3193,29.5261,45.8337,59.7615,62.9962,65.8768,68.397,69.6096,79.825
"AIM 3.0","Low-to-Negative - SSP2 (Marker)","Rest of Asia (R10)","Capacity|Electricity|Coal","GW",1,179.1308,,191.8684,454.9137,451.8505,109.9501,28.0267,6.8385,6.3298,6.7089,8.2334,9.485,10.5541,11.6416,12.2954,12.9274,13.1591,12.9312
"AIM 3.0","Low-to-Negative - SSP2 (Marker)","Rest of Asia (R10)","Capacity|Electricity|Fossil","GW",1,435.5313,,446.8278,501.1347,505.4873,195.5122,154.4795,105.442,75.6272,16.51,17.4737,20.3932,22.5592,25.0599,26.8327,28.4167,29.4113,29.8895
"AIM 3.0","Low-to-Negative - SSP2 (Marker)","Rest of Asia (R10)","Capacity|Electricity|Gas","GW",1,216.6564,,201.3378,43.2686,52.4264,84.2196,124.8476,96.6923,67.143,7.3557,6.1716,7.336600000000001,8.0503,9.0313,9.8525,10.5346,11.1399,11.7943
"AIM 3.0","Low-to-Negative - SSP2 (Marker)","Rest of Asia (R10)","Capacity|Electricity|Geothermal","GW",1,6.587,,6.1287,7.775,9.0768,8.9134,8.8,8.6945,8.5652,8.5307,8.7148,8.7966,9.1713,9.0503,9.1787,9.2608,9.1497,9.2574
"AIM 3.0","Low-to-Negative - SSP2 (Marker)","Rest of Asia (R10)","Capacity|Electricity|Hydro","GW",1,80.7262,,100.9587,126.4864,123.6763,120.3188,115.8109,115.0001,109.5282,104.9466,101.4002,93.4769,82.6165,66.68260000000001,66.2914,66.6896,65.9725,66.611
"AIM 3.0","Low-to-Negative - SSP2 (Marker)","Rest of Asia (R10)","Capacity|Electricity|Nuclear","GW",1,28.7224,,35.6107,30.4422,30.1118,58.3973,62.842,71.3411,70.3122,69.4569,67.0549,78.4936,81.66799999999999,80.6963,81.7667,82.40910000000001,81.3726,82.1631
"AIM 3.0","Low-to-Negative - SSP2 (Marker)","Rest of Asia (R10)","Capacity|Electricity|Oil","GW",1,39.7441,,53.6215,2.9524,1.2105,1.3425,1.6053,1.9112,2.1545,2.4455,3.0687,3.5717,3.9548,4.3869,4.6849,4.9546,5.112299999999999,5.164099999999999
"AIM 3.0","Low-to-Negative - SSP2 (Marker)","Rest of Asia (R10)","Capacity|Electricity|Solar|PV","GW",1,46.2145,,75.5871,290.3314,569.1708,952.3739,1494.5259,2067.7446,2685.6666,3280.7416,3871.2484,4346.964199999999,4910.5671,5867.4761,6352.300200000001,6749.6502,6911.924800000001,6516.2259
"AIM 3.0","Low-to-Negative - SSP2 (Marker)","Rest of Asia (R10)","Capacity|Electricity|Wind|Onshore","GW",1,7.81,,41.3513,97.0315,105.1826,487.849,581.3271,669.3139,693.9648,752.8999,1149.8491,1448.0297,1587.3547,1621.5847,1740.1059,1868.2915,1980.4114,2222.9236
"AIM 3.0","Low-to-Negative - SSP2 (Marker)","World","Capacity|Electricity|Biomass","GW",1,197.6684,,202.2377,9.7477,8.73,11.1641,16.4797,63.8329,442.9229,788.9075,1063.3071,882.4267,996.5275,815.1247,785.0719,852.0177,687.284,599.905
"AIM 3.0","Low-to-Negative - SSP2 (Marker)","World","Capacity|Electricity|Coal","GW",1,2453.7808,,2785.0601,2258.0559,2225.2652,481.2175,145.1858,56.3646,61.0441,67.8269,79.7178,88.4504,97.3587,109.5375,125.7035,136.3428,139.5506,140.291
"AIM 3.0","Low-to-Negative - SSP2 (Marker)","World","Capacity|Electricity|Fossil","GW",1,5082.0963,,5683.9168,3891.8761,4162.9423,1611.5832,1153.8808,813.619,470.999,182.8056,161.6609,178.6146,194.5292,217.7164,252.4541,283.49,290.7963,292.7228
"AIM 3.0","Low-to-Negative - SSP2 (Marker)","World","Capacity|Electricity|Gas","GW",1,2285.6638,,2342.8601,1612.4918,1924.9511,1115.4165,990.8003,736.9877,387.3371,89.4961,51.8289,56.5879,60.4155,66.9394,79.5646,95.0769,97.9056,98.675
"AIM 3.0","Low-to-Negative - SSP2 (Marker)","World","Capacity|Electricity|Geothermal","GW",1,25.9217,,24.4256,46.9652,49.2524,49.6637,51.3795,51.9614,53.5335,54.0485,54.0402,54.8043,59.9642,71.2192,78.0536,87.7609,93.3114,94.175
"AIM 3.0","Low-to-Negative - SSP2 (Marker)","World","Capacity|Electricity|Hydro","GW",1,1263.5658,,1555.0886,1427.0005,1610.4146,1832.6088,2271.4359,2328.9464,2282.1276,2196.8382,2082.8667,2083.4362,1953.343,1740.428,1732.3317,1879.9932,1890.9304,1889.1647
"AIM 3.0","Low-to-Negative - SSP2 (Marker)","World","Capacity|Electricity|Nuclear","GW",1,413.0594,,469.4719,391.8805,378.6401,650.0764,749.5706,792.3351,835.571,839.0813,832.6918,834.8058,836.852,869.315,861.2181,880.4511,827.6728,866.4765
"AIM 3.0","Low-to-Negative - SSP2 (Marker)","World","Capacity|Electricity|Oil","GW",1,342.6517,,555.9966,21.3284,12.726,14.9492,17.8946,20.2667,22.6178,25.4825,30.1142,33.5763,36.755,41.2395,47.186,52.0704,53.3401,53.7569
"AIM 3.0","Low-to-Negative - SSP2 (Marker)","World","Capacity|Electricity|Other","GW",1,4.1193,,4.3207,1.7768,2.0562,2.8208,3.4093,3.8927,4.3219,4.5924,4.8566,5.2438,5.7837,6.3011,7.1777,7.8803,7.821,7.8714
"AIM 3.0","Low-to-Negative - SSP2 (Marker)","World","Capacity|Electricity|Solar|PV","GW",1,737.5634,,1308.7025,3459.7197,4331.4364,6788.1828,9597.1581,11786.1109,13752.0829,17945.1971,22730.2845,25794.747,27608.1721,29732.3425,31597.0739,33887.8112,34445.6135,35087.3117
"AIM 3.0","Low-to-Negative - SSP2 (Marker)","World","Capacity|Electricity|Wind|Onshore","GW",1,702.6584,,1001.5289,2096.5197,2728.268,6129.0282,7823.7059,8947.0658,9578.4297,10424.9594,12917.5759,15499.2884,17926.2532,22268.0025,28434.6839,33188.7789,34740.3009,35034.7165
"AIM 3.0","Medium-to-Low - SSP2","Africa (R10)","Capacity|Electricity|Biomass","GW",1,0.8001,,0.8074,0.4966,0.655,0.831499999999999,0.8735,0.9061,0.9145000000000001,1.0559,1.3554,1.7982,2.3891,8.1216,26.4432,40.0881,46.6653,50.5256
"AIM 3.0","Medium-to-Low - SSP2","Africa (R10)","Capacity|Electricity|Coal","GW",1,47.2255,,53.6781,88.4607,86.45270000000001,82.21509999999999,94.27510000000001,118.0534,110.9257,68.4178,50.3648,6.5467,8.3581,10.6732,12.8729,15.2289,16.9308,18.664
"AIM 3.0","Medium-to-Low - SSP2","Africa (R10)","Capacity|Electricity|Fossil","GW",1,155.4646,,165.235,417.7446,595.4393,771.8244,779.8175,783.5034,685.3426000000001,647.981,441.8697,170.0744,84.4684,34.6805,24.394,28.6923,31.8318,35.0991
"AIM 3.0","Medium-to-Low - SSP2","Africa (R10)","Capacity|Electricity|Gas","GW",1,98.2921,,99.9911,328.1815999999999,508.336,688.7785,684.6884,664.5918,573.5771,578.5833,390.2336,161.8203,73.77799999999999,20.9841,7.8559,9.1229,10.0698,11.1085
"AIM 3.0","Medium-to-Low - SSP2","Africa (R10)","Capacity|Electricity|Geothermal","GW",1,0.6936,,0.6754,1.3815,1.3646,1.4223,1.7023,1.9589,2.9896,3.3388,3.3032,3.259,3.2149,3.189,3.1863,3.1891,3.2029,3.2075
"AIM 3.0","Medium-to-Low - SSP2","Africa (R10)","Capacity|Electricity|Hydro","GW",1,32.6161,,48.1703,66.32929999999999,82.89580000000001,92.8108,97.3037,101.3741,109.2229,122.4297,162.0874,160.04,158.015,156.8764,156.5208,156.714,157.4192,157.6406
"AIM 3.0","Medium-to-Low - SSP2","Africa (R10)","Capacity|Electricity|Nuclear","GW",1,2.2368,,2.295099999999999,1.9892,1.926,1.9314,1.9383,1.9505,1.9622,1.9702,0.8506,1.1249,1.4974,1.8971,2.2759,2.6769,2.9728,3.277
"AIM 3.0","Medium-to-Low - SSP2","Africa (R10)","Capacity|Electricity|Oil","GW",1,9.9471,,11.5659,1.1024,0.6506000000000001,0.8308000000000001,0.8541000000000001,0.858,0.84,0.98,1.2712,1.7075,2.3323,3.0232,3.6654,4.3404,4.8311,5.3266
"AIM 3.0","Medium-to-Low - SSP2","Africa (R10)","Capacity|Electricity|Solar|PV","GW",1,7.3337,,12.8198,53.1295,57.9765,137.8427,234.7688,309.3088,513.6121,821.5168000000001,1198.9621,1558.9796,2422.244,3015.4144,3497.3173,3997.0378,4448.8199,4721.2781
"AIM 3.0","Medium-to-Low - SSP2","Africa (R10)","Capacity|Electricity|Wind|Onshore","GW",1,8.6771,,9.967600000000001,48.8832,46.7666,42.2419,24.314,4.741899999999999,1.2181,69.0983,420.0151,1073.6846,1452.6786,1939.0771,2413.1305,2947.3377,3293.2367,3744.1895
"AIM 3.0","Medium-to-Low - SSP2","China+ (R10)","Capacity|Electricity|Biomass","GW",1,25.0173,,31.3007,1.8421,1.9946,2.1151,2.1469,2.2818,2.3735,2.5188,3.2215,5.0071,5.1493,65.6275,148.1603,199.4507,186.8969,199.0532
"AIM 3.0","Medium-to-Low - SSP2","China+ (R10)","Capacity|Electricity|Coal","GW",1,1244.2293,,1477.6157,1029.6107,1042.9788,1005.4567,1052.8389,654.0447,421.1887,243.3381,105.9446,17.3157,18.2428,18.8302,19.229,20.327,19.2316,19.0376
"AIM 3.0","Medium-to-Low - SSP2","China+ (R10)","Capacity|Electricity|Fossil","GW",1,1393.0265,,1899.9665,1040.9969,1049.96,1012.8597,1060.353,662.0312,429.4959,262.8353,160.5386,52.7401,46.5617,30.0414,30.6771,32.4283,30.6819,30.3707
"AIM 3.0","Medium-to-Low - SSP2","China+ (R10)","Capacity|Electricity|Gas","GW",1,127.6938,,266.6842,7.1664,3.4906,3.7015,3.7571,3.9932,4.1536,15.0894,49.8114,30.2492,22.884,5.6056,5.724,6.0506,5.7251,5.6666
"AIM 3.0","Medium-to-Low - SSP2","China+ (R10)","Capacity|Electricity|Hydro","GW",1,429.016,,571.7549,527.4572,521.9696,513.5269,821.7474,800.1525,762.686,671.7814,553.7179,508.3579,409.0697,407.4363,405.7525,405.0494,405.4259,404.7609
"AIM 3.0","Medium-to-Low - SSP2","China+ (R10)","Capacity|Electricity|Nuclear","GW",1,52.0093,,100.6879,32.671,30.1509,30.1086,26.0197,25.945,6.3021,301.7419,321.4389,330.2076,343.2611,343.4769,341.2676,336.4016,335.6559,101.3532
"AIM 3.0","Medium-to-Low - SSP2","China+ (R10)","Capacity|Electricity|Oil","GW",1,21.1034,,155.6666,4.2198,3.4906,3.7015,3.7571,3.9932,4.1536,4.4078,4.7825,5.1752,5.4349,5.6056,5.724,6.0506,5.7251,5.6666
"AIM 3.0","Medium-to-Low - SSP2","China+ (R10)","Capacity|Electricity|Solar|PV","GW",1,267.8673,,350.6371,1076.4859,1268.2268,1292.4045,1343.6735,1239.6557,1421.6707,1773.1963,2092.0787,2689.1888,2299.7819,2022.5423,2098.3098,2222.0498,1934.1914,2006.2983
"AIM 3.0","Medium-to-Low - SSP2","China+ (R10)","Capacity|Electricity|Wind|Onshore","GW",1,239.786,,347.3768,522.5483,656.9208,876.5131,807.9455,1658.2653,2119.8191,1878.9269,2161.11,2257.4126,2697.1905,2827.5439,2917.9793,3190.1119,3028.6474,3414.174
"AIM 3.0","Medium-to-Low - SSP2","Europe (R10)","Capacity|Electricity|Biomass","GW",1,85.9149,,83.8745,2.6969,1.1015,1.2268,1.4082,1.4817,1.5673,1.6318,2.1385,2.7169,2.8886,4.0007,34.6669,70.80369999999999,104.9111,117.945
"AIM 3.0","Medium-to-Low - SSP2","Europe (R10)","Capacity|Electricity|Coal","GW",1,199.1056,,248.9962,113.672,95.5156,59.2906,49.2468,45.3882,32.4602,18.5493,8.2564,9.1577,9.925699999999999,10.4705,11.6164,12.2068,12.1231,12.2187
"AIM 3.0","Medium-to-Low - SSP2","Europe (R10)","Capacity|Electricity|Fossil","GW",1,526.8910999999999,,561.6349,152.2591,146.3812,117.1326,69.5394,56.036,47.392,36.95059999999999,20.9097,19.2093,19.8543,19.6785,21.2388,22.2332,22.4425,22.4643
"AIM 3.0","Medium-to-Low - SSP2","Europe (R10)","Capacity|Electricity|Gas","GW",1,292.7791,,268.3317,36.8547,49.18350000000001,55.96939999999999,18.1467,8.3889,12.542,15.9138,9.9297,6.9583,6.5481,5.6255,5.6655,5.8659,6.1857,6.073300000000001
"AIM 3.0","Medium-to-Low - SSP2","Europe (R10)","Capacity|Electricity|Geothermal","GW",1,9.1329,,9.1266,8.4871,9.2224,9.7613,10.6213,10.2805,10.326,10.6897,10.9819,11.2667,15.1899,19.3552,20.7916,20.777,20.7637,22.3384
"AIM 3.0","Medium-to-Low - SSP2","Europe (R10)","Capacity|Electricity|Hydro","GW",1,205.3565,,197.3536,160.5218,184.4117,193.0927,196.9943,204.1757,204.2382,203.7479,204.4985,203.1532,203.0347,202.2634,202.0792,201.9125,201.8053,201.7607
"AIM 3.0","Medium-to-Low - SSP2","Europe (R10)","Capacity|Electricity|Nuclear","GW",1,115.4868,,103.0432,121.5324,121.9688,121.3291,121.9302,120.4927,120.1193,116.6893,112.0561,107.6926,106.5451,104.1918,53.5413,19.2264,7.929800000000001,2.0938
"AIM 3.0","Medium-to-Low - SSP2","Europe (R10)","Capacity|Electricity|Oil","GW",1,35.0064,,44.3071,1.7324,1.6821,1.8726,2.1459,2.2588,2.3895,2.4876,2.7236,3.0933,3.3807,3.5827,3.9567,4.1607,4.1338,4.1723
"AIM 3.0","Medium-to-Low - SSP2","Europe (R10)","Capacity|Electricity|Other","GW",1,3.1037,,3.3528,0.798,0.893,0.996,1.1497,1.2079,1.2771,1.3302,1.4581,1.6563,1.7964,1.8934,2.0951,2.1993,2.1877,2.2035
"AIM 3.0","Medium-to-Low - SSP2","Europe (R10)","Capacity|Electricity|Solar|PV","GW",1,159.1708,,251.6361,288.5259,488.6751,534.8809,527.0184999999999,489.1254,474.3129,535.0523999999999,730.5098999999999,1153.7278,1318.171,1432.4943,1617.7954,1809.5067,1731.0427,1701.0109
"AIM 3.0","Medium-to-Low - SSP2","Europe (R10)","Capacity|Electricity|Wind|Onshore","GW",1,233.5182,,240.7801,621.8068,698.3335,794.8667,1014.9189,1102.6016,1209.292,1290.6066,1453.1428,1653.8278,1876.1551,2030.7564,2303.2443,2524.9702,2554.8184,2619.3393
"AIM 3.0","Medium-to-Low - SSP2","India+ (R10)","Capacity|Electricity|Biomass","GW",1,7.5285,,8.3645,0.5680000000000001,0.7052,0.7342000000000001,0.7703,0.7306,0.7345,0.7815000000000001,1.021,1.273,1.6972,12.0241,28.2221,55.0825,67.2583,67.1932
"AIM 3.0","Medium-to-Low - SSP2","India+ (R10)","Capacity|Electricity|Coal","GW",1,249.4424,,278.6524,200.1044,282.9746,274.0344,260.9677,226.1767,116.8987,53.0102,4.7123,5.6017,7.7307,9.2275,11.901,13.4713,13.4233,13.4651
"AIM 3.0","Medium-to-Low - SSP2","India+ (R10)","Capacity|Electricity|Fossil","GW",1,282.6988,,318.0481,314.1456,383.7117,384.9402,367.2192,249.5703,177.8249,142.2555,80.4587,81.4501,80.1761,28.442,18.9858,21.4906,33.6643,21.4803
"AIM 3.0","Medium-to-Low - SSP2","India+ (R10)","Capacity|Electricity|Gas","GW",1,28.458,,30.4278,113.1892,99.6794,109.8045,105.0961,22.2977,59.8244,88.0731,74.33840000000001,74.1796,70.1423,16.4655,3.5424,4.0097,16.2422,4.0076
"AIM 3.0","Medium-to-Low - SSP2","India+ (R10)","Capacity|Electricity|Hydro","GW",1,54.0674,,73.1554,66.169,76.0241,86.2122,91.9912,103.1453,102.8684,100.7235,95.7736,93.3724,94.2102,93.0677,93.1734,93.8678,93.9523,93.4334
"AIM 3.0","Medium-to-Low - SSP2","India+ (R10)","Capacity|Electricity|Nuclear","GW",1,7.2472,,10.3633,5.9842,5.8556,5.7487,5.6097,31.3648,143.8407,154.8258,161.9388,172.2313,188.2582,200.2808,214.8304,230.8602,245.5099,258.5159
"AIM 3.0","Medium-to-Low - SSP2","India+ (R10)","Capacity|Electricity|Oil","GW",1,4.7984,,8.968,0.852,1.0578,1.1013,1.1554,1.0959,1.1017,1.1722,1.408,1.6688,2.3031,2.749,3.5424,4.0097,3.9989,4.0076
"AIM 3.0","Medium-to-Low - SSP2","India+ (R10)","Capacity|Electricity|Solar|PV","GW",1,45.8613,,157.9681,691.5419,896.4477,991.2242,1174.3659,1199.5519,984.188,1265.8007,2014.4077,2599.5239,3856.7207,4461.4439,6109.7639,7142.7054,7148.0212,6598.2755
"AIM 3.0","Medium-to-Low - SSP2","India+ (R10)","Capacity|Electricity|Wind|Onshore","GW",1,39.4356,,41.1455,30.7474,25.1825,15.9202,5.9624,5.9988,5.963,5.7815,5.477,5.0511,120.5268,384.3111,522.4916,525.8342,432.5747,805.3386
"AIM 3.0","Medium-to-Low - SSP2","Latin America (R10)","Capacity|Electricity|Biomass","GW",1,22.3908,,20.032,0.913,0.8308000000000001,0.9419000000000001,1.0481,1.1467,1.2096,1.3062,1.7218,2.1693,2.52,22.8857,70.1309,108.8454,133.4223,157.3205
"AIM 3.0","Medium-to-Low - SSP2","Latin America (R10)","Capacity|Electricity|Coal","GW",1,17.8808,,22.2314,13.4785,8.5119,4.3228,5.661099999999999,1.8834,1.0251,0.8707,1.0752,1.3129,1.5489,1.7456,2.0939,2.6801,2.6627,2.7597
"AIM 3.0","Medium-to-Low - SSP2","Latin America (R10)","Capacity|Electricity|Fossil","GW",1,187.8317,,183.4948,55.6166,59.9901,68.2833,48.1557,51.79430000000001,43.0047,24.5046,14.6783,8.5288,7.003299999999999,6.9826,8.3758,10.7201,10.6506,11.0388
"AIM 3.0","Medium-to-Low - SSP2","Latin America (R10)","Capacity|Electricity|Gas","GW",1,124.5701,,121.2785,40.4299,50.6474,63.0185,41.4464,48.7641,40.77,22.3277,11.9903,5.2467,3.131,2.6185,3.1409,4.0201,3.9939,4.1395
"AIM 3.0","Medium-to-Low - SSP2","Latin America (R10)","Capacity|Electricity|Geothermal","GW",1,1.7527,,1.4958,20.487,20.4515,20.2718,20.493,20.4962,20.6379,20.6029,20.2235,19.891,19.8389,19.622,19.2985,19.1504,18.6862,18.633
"AIM 3.0","Medium-to-Low - SSP2","Latin America (R10)","Capacity|Electricity|Hydro","GW",1,162.9465,,229.806,205.859,293.0073,350.2437,387.8292,427.7118,424.2558,421.6269,417.7128,417.7805,416.4939,411.8778,411.1408,411.2094,412.3817,412.3853
"AIM 3.0","Medium-to-Low - SSP2","Latin America (R10)","Capacity|Electricity|Nuclear","GW",1,5.3337,,5.6594,4.8605,4.8492,4.8498,4.851,4.868,4.8218,4.326799999999999,2.9851,2.985,2.1173,1.3145,1.5767,2.0181,2.005,2.0781
"AIM 3.0","Medium-to-Low - SSP2","Latin America (R10)","Capacity|Electricity|Oil","GW",1,45.3808,,39.98479999999999,1.7081,0.8308000000000001,0.9419000000000001,1.0481,1.1467,1.2096,1.3062,1.6128,1.9693,2.3233,2.6185,3.1409,4.0201,3.9939,4.1395
"AIM 3.0","Medium-to-Low - SSP2","Latin America (R10)","Capacity|Electricity|Solar|PV","GW",1,23.2233,,50.9954,128.0877,134.0701,145.6162,124.5524,221.9797,220.5042,224.2616,449.1552,656.9102,855.3584000000001,975.6143,1216.7716,1517.2442,1457.352,1543.8905
"AIM 3.0","Medium-to-Low - SSP2","Latin America (R10)","Capacity|Electricity|Wind|Onshore","GW",1,30.9582,,47.2539,196.1788,194.0674,207.1852,276.977,260.0191,316.8511,405.0118,564.0661,764.0252,969.1145,1056.2475,1321.9618,1896.054,1903.0951,1948.5346
"AIM 3.0","Medium-to-Low - SSP2","Middle East (R10)","Capacity|Electricity|Biomass","GW",1,0.3803,,0.3351,0.2786,0.3175,0.3575,0.418,0.4809,0.5479,0.5432,0.6073000000000001,0.6924,0.8567,1.0138,3.3455,6.1789,1.2346,3.859
"AIM 3.0","Medium-to-Low - SSP2","Middle East (R10)","Capacity|Electricity|Coal","GW",1,6.1713,,8.9392,0.3784,3.103,0.5117,0.5573,0.6412,0.7305,0.7243,0.7775000000000001,0.8209000000000001,0.9999,1.2425,1.3877,1.5409,1.5441,1.6121
"AIM 3.0","Medium-to-Low - SSP2","Middle East (R10)","Capacity|Electricity|Fossil","GW",1,359.8351,,364.9376,498.4608,560.5953,635.8603,746.0921,753.5371,905.3554,669.8994,565.184,345.8983,51.913,37.6839,13.9157,15.4905,15.4807,16.2176
"AIM 3.0","Medium-to-Low - SSP2","Middle East (R10)","Capacity|Electricity|Gas","GW",1,252.9177,,251.2862,492.7663,556.8574,634.6337,744.6988,751.934,903.529,668.0886,563.2404,343.8461,49.4133,34.5778,10.4464,11.6382,11.6205,12.1874
"AIM 3.0","Medium-to-Low - SSP2","Middle East (R10)","Capacity|Electricity|Hydro","GW",1,20.4513,,18.4864,17.8066,18.4193,21.8971,22.4679,22.5632,28.2878,28.1304,27.6695,27.075,26.2171,26.6285,27.0987,27.0347,27.0818,26.7828
"AIM 3.0","Medium-to-Low - SSP2","Middle East (R10)","Capacity|Electricity|Nuclear","GW",1,1.0041,,6.8389,1.226,1.0425,1.0387,1.03,1.0231,0.5760000000000001,0.5711,0.613,0.6472,22.9356,24.2323,25.6134,26.504,26.5481,26.2528
"AIM 3.0","Medium-to-Low - SSP2","Middle East (R10)","Capacity|Electricity|Oil","GW",1,100.7461,,104.7122,5.3161,0.6349,0.7149,0.836,0.9618000000000001,1.0958,1.0865,1.1662,1.2313,1.4998,1.8637,2.0816,2.3113,2.3161,2.4181
"AIM 3.0","Medium-to-Low - SSP2","Middle East (R10)","Capacity|Electricity|Solar|PV","GW",1,7.0249,,179.5694,39.449,60.8636,67.688,95.1345,365.0545,333.0126,817.8289,1210.3905,1681.1818,2605.556,2799.9032,2580.8889,2951.8272,3085.199,3229.1534
"AIM 3.0","Medium-to-Low - SSP2","Middle East (R10)","Capacity|Electricity|Wind|Onshore","GW",1,0.8752000000000001,,3.9394,22.6684,22.5441,21.6014,18.3466,10.5617,1.5163,1.2677,1.3608,57.9644,137.3384,476.5131,897.8723,998.4651,948.6382,1007.6135
"AIM 3.0","Medium-to-Low - SSP2","North America (R10)","Capacity|Electricity|Biomass","GW",1,22.0737,,20.7692,1.3189,1.543399999999999,1.975499999999999,2.3441,2.6184,2.8729,3.2285,3.6691,4.1285,4.3834,4.5276,17.3877,33.6222,50.9305,56.9733
"AIM 3.0","Medium-to-Low - SSP2","North America (R10)","Capacity|Electricity|Coal","GW",1,304.0056,,267.8581,80.34140000000001,20.9993,19.4615,22.3968,11.607,11.1013,12.5086,13.6355,14.8464,15.8485,16.3802,17.3159,17.9967,18.3075,19.0911
"AIM 3.0","Medium-to-Low - SSP2","North America (R10)","Capacity|Electricity|Fossil","GW",1,849.0502,,829.997,395.019,336.2426,281.9832,197.642,155.7602,123.5403,88.0784,71.846,60.9907,27.3456,27.1586,28.723,29.8059,30.324,31.6555
"AIM 3.0","Medium-to-Low - SSP2","North America (R10)","Capacity|Electricity|Gas","GW",1,528.8594,,511.1548,312.8856,313.2701,259.9992,172.2519,140.8101,108.7725,71.4519,53.7226,41.2622,6.291300000000001,5.389200000000001,5.7035,5.9046,6.008199999999999,6.2822
"AIM 3.0","Medium-to-Low - SSP2","North America (R10)","Capacity|Electricity|Geothermal","GW",1,5.4684,,4.7491,4.6504,4.6291,4.5775,4.5373,4.5092,4.4419,4.4626,4.4448,4.4305,4.4179,4.4159,4.4636,4.3909,4.3945,4.3867
"AIM 3.0","Medium-to-Low - SSP2","North America (R10)","Capacity|Electricity|Hydro","GW",1,180.1239,,212.8231,163.3028,190.1214,198.4268,206.6304,209.7886,213.3634,213.5381,212.9169,212.4357,211.898,211.5728,217.2407,210.7638,210.7156,210.229
"AIM 3.0","Medium-to-Low - SSP2","North America (R10)","Capacity|Electricity|Nuclear","GW",1,130.6361,,137.4305,129.0681,128.4761,127.1716,126.1204,125.3825,122.3995,117.151,112.5645,109.8633,106.3889,106.0484,107.2138,104.3478,78.2396,60.3135
"AIM 3.0","Medium-to-Low - SSP2","North America (R10)","Capacity|Electricity|Oil","GW",1,16.1852,,50.9841,1.7921,1.9733,2.5225,2.9932,3.3432,3.6665,4.1179,4.4879,4.882099999999999,5.2057,5.389200000000001,5.7035,5.9046,6.008199999999999,6.2822
"AIM 3.0","Medium-to-Low - SSP2","North America (R10)","Capacity|Electricity|Other","GW",1,1.0156,,0.9679000000000001,0.9616,1.1275,1.4414,1.7104,1.910399999999999,2.0951,2.3531,2.5645,2.7897,2.9747,3.0795,3.2592,3.373999999999999,3.4333,3.5898
"AIM 3.0","Medium-to-Low - SSP2","North America (R10)","Capacity|Electricity|Solar|PV","GW",1,78.7062,,122.6201,680.9517000000001,669.9197,743.4441,894.1729,1389.8373,1655.6859,2109.9057,2199.5297,2385.3832,2343.6684,2202.2948,2131.4283,2047.3225,2108.8541,2037.115
"AIM 3.0","Medium-to-Low - SSP2","North America (R10)","Capacity|Electricity|Wind|Onshore","GW",1,124.3727,,247.6109,455.1265,811.9084,1378.4298,1811.7848,1935.2972,2072.1758,2267.6605,2652.4037,3053.3689,3556.6851,3849.0938,4129.593,4384.4676,4509.4107,4898.893099999999
"AIM 3.0","Medium-to-Low - SSP2","Pacific OECD (R10)","Capacity|Electricity|Biomass","GW",1,9.318299999999999,,10.163,0.3488,0.3,0.3152,0.3366,0.3651,0.3928,0.434,0.5408000000000001,0.6461,0.6930000000000001,2.479899999999999,14.0259,22.187,28.4979,29.2137
"AIM 3.0","Medium-to-Low - SSP2","Pacific OECD (R10)","Capacity|Electricity|Coal","GW",1,87.27019999999999,,110.9118,141.1568,132.843,130.1341,108.5992,99.90690000000001,68.0338,47.5553,4.669499999999999,3.0021,1.9024,2.0198,2.1766,2.2918,2.3128,2.4289
"AIM 3.0","Medium-to-Low - SSP2","Pacific OECD (R10)","Capacity|Electricity|Fossil","GW",1,257.6327,,266.9847,159.2822,194.8679,194.4221,154.5842,139.5585,117.7742,109.4367,70.8956,50.099,27.0038,18.5851,10.4288,9.0119,12.0792,8.9506
"AIM 3.0","Medium-to-Low - SSP2","Pacific OECD (R10)","Capacity|Electricity|Gas","GW",1,127.6785,,118.3307,17.7003,61.5749,63.8152,45.4751,37.9741,48.6553,61.2306,65.4902,46.27829999999999,24.2014,15.6008,7.207,5.6318,8.6737,5.391500000000001
"AIM 3.0","Medium-to-Low - SSP2","Pacific OECD (R10)","Capacity|Electricity|Geothermal","GW",1,2.1756,,2.1496,3.7617,4.0854,4.5757,5.2866,6.125999999999999,7.12,7.122999999999999,7.7884,8.2363,8.2868,10.9139,15.4642,20.8578,26.6316,27.4746
"AIM 3.0","Medium-to-Low - SSP2","Pacific OECD (R10)","Capacity|Electricity|Hydro","GW",1,28.7522,,32.4894,34.3161,36.639,36.4573,36.4402,36.4653,36.7127,36.5165,36.4267,35.9996,34.6694,34.4068,34.3857,33.953,34.2355,34.1615
"AIM 3.0","Medium-to-Low - SSP2","Pacific OECD (R10)","Capacity|Electricity|Nuclear","GW",1,32.8786,,28.9691,21.9273,11.8158,7.4592,3.9985,4.0054,4.0152,4.02,14.0425,36.1169,35.8991,35.6745,35.43380000000001,35.009,35.41399999999999,35.3602
"AIM 3.0","Medium-to-Low - SSP2","Pacific OECD (R10)","Capacity|Electricity|Oil","GW",1,42.684,,37.7422,0.4251,0.4501,0.4728,0.5099,1.6776,1.0851,0.6509,0.7359,0.8186,0.9,0.9647,1.0451,1.088299999999999,1.0926,1.130199999999999
"AIM 3.0","Medium-to-Low - SSP2","Pacific OECD (R10)","Capacity|Electricity|Solar|PV","GW",1,93.5881,,98.61800000000001,52.6765,65.2637,80.8818,113.3376,129.4656,146.0892,220.8336,312.756,376.0078,449.4062,553.6739,573.4682,583.4974,580.0129,607.2779
"AIM 3.0","Medium-to-Low - SSP2","Pacific OECD (R10)","Capacity|Electricity|Wind|Onshore","GW",1,14.5678,,16.4418,70.4869,74.0868,92.5267,154.1168,191.0257,248.2082,287.2147,353.9416,378.9754,454.2292,478.245,515.9956999999999,544.3625999999999,531.7606,555.8292
"AIM 3.0","Medium-to-Low - SSP2","Reforming Economies (R10)","Capacity|Electricity|Biomass","GW",1,14.4917,,13.8982,0.5188,0.5486,0.5486,0.5765,0.6079,0.6457,0.6607000000000001,0.9859,1.4343,1.622,1.7928,24.0657,52.5952,51.1103,53.8241
"AIM 3.0","Medium-to-Low - SSP2","Reforming Economies (R10)","Capacity|Electricity|Coal","GW",1,119.4958,,124.5285,155.6561,136.4462,96.2848,93.9786,90.4066,74.5247,55.6419,9.0329,0.71,0.803,0.8957,0.9391,0.9739000000000001,1.0377,1.079
"AIM 3.0","Medium-to-Low - SSP2","Reforming Economies (R10)","Capacity|Electricity|Fossil","GW",1,634.5773,,647.3021,387.7369,377.3658,367.8409,393.0616,423.5115,457.8339,413.6514,120.1684,39.6428,11.0204,8.9934,9.4402,9.7976,10.4444,10.8612
"AIM 3.0","Medium-to-Low - SSP2","Reforming Economies (R10)","Capacity|Electricity|Gas","GW",1,488.0252,,474.3193,230.9353,240.2339,270.8703,298.3624,332.345,382.502,357.1837,110.2124,37.8678,9.0129,6.7541,7.0924,7.3628,7.8502,8.1637
"AIM 3.0","Medium-to-Low - SSP2","Reforming Economies (R10)","Capacity|Electricity|Geothermal","GW",1,0.1119,,0.1007,0.3991,0.422,0.422,0.4434,0.4676,0.4967,0.5082,0.5681,0.6553,0.7412000000000001,0.9784,2.2106,2.3584,2.359,2.4699
"AIM 3.0","Medium-to-Low - SSP2","Reforming Economies (R10)","Capacity|Electricity|Hydro","GW",1,69.554,,70.1594,59.0596,82.5293,87.9585,88.1941,90.4547,99.0843,130.0824,155.6445,182.8859,218.3705,251.3798,303.1262,294.6843,294.7784,292.3031
"AIM 3.0","Medium-to-Low - SSP2","Reforming Economies (R10)","Capacity|Electricity|Nuclear","GW",1,37.5099,,38.5967,42.3464,42.0411,42.3536,42.2603,42.0931,41.1884,30.4391,20.0793,8.1867,7.1433,6.0154,2.7566,0.7334,0.7848,0.8161
"AIM 3.0","Medium-to-Low - SSP2","Reforming Economies (R10)","Capacity|Electricity|Oil","GW",1,27.0563,,48.4543,1.1455,0.6858000000000001,0.6858000000000001,0.7206,0.7598,0.8071,0.8259000000000001,0.9231,1.0649,1.2045,1.3436,1.4087,1.4609,1.5565,1.6185
"AIM 3.0","Medium-to-Low - SSP2","Reforming Economies (R10)","Capacity|Electricity|Solar|PV","GW",1,8.6656,,8.4107,16.8648,70.3793,92.0601,115.99,137.8313,157.7796,162.2805,143.43,163.3459,131.2321,154.7731,166.6494,185.2173,187.2442,189.0322
"AIM 3.0","Medium-to-Low - SSP2","Reforming Economies (R10)","Capacity|Electricity|Wind|Onshore","GW",1,2.6991,,5.723100000000001,26.2133,32.659,36.3562,38.1755,38.6454,43.7314,95.5911,463.3565,671.6134,805.3016,898.8481,824.0518,897.7961,1002.6902,1064.1318
"AIM 3.0","Medium-to-Low - SSP2","Rest of Asia (R10)","Capacity|Electricity|Biomass","GW",1,9.7731,,12.7292,0.7255,0.6948000000000001,0.770899999999999,0.848,0.9173,0.9956,1.0926,1.367,1.7037,1.9756,38.4807,104.0262,168.245,184.308,219.6507
"AIM 3.0","Medium-to-Low - SSP2","Rest of Asia (R10)","Capacity|Electricity|Coal","GW",1,179.2768,,192.047,458.1027,457.0377,424.208,399.8795,423.9611,461.5871,353.8845,79.22210000000001,38.602,7.2911,7.9245,9.0873,9.869200000000001,9.9708,9.974499999999999
"AIM 3.0","Medium-to-Low - SSP2","Rest of Asia (R10)","Capacity|Electricity|Fossil","GW",1,435.841,,447.266,504.5856,510.7564,467.8788,442.6995,460.481,494.4997,396.146,132.1878,105.4063,34.7427,21.9453,21.3492,23.2806,23.8256,24.7135
"AIM 3.0","Medium-to-Low - SSP2","Rest of Asia (R10)","Capacity|Electricity|Gas","GW",1,216.82,,201.5395,43.5145,52.5028,42.3216,41.3358,34.9148,31.1704,40.3495,50.8099,64.3531,24.5255,10.7978,8.5802,9.401,9.7571,10.5168
"AIM 3.0","Medium-to-Low - SSP2","Rest of Asia (R10)","Capacity|Electricity|Geothermal","GW",1,6.5923,,6.1347,7.8143,9.1176,9.0897,9.0729,9.0398,9.017,8.9221,8.6736,8.614,8.4744,8.54,8.5413,8.5868,8.5648,8.5534
"AIM 3.0","Medium-to-Low - SSP2","Rest of Asia (R10)","Capacity|Electricity|Hydro","GW",1,80.7895,,101.0641,127.1637,124.2425,122.3673,118.2567,117.9958,113.8723,108.6603,101.1553,91.8816,77.5428,63.2239,62.0321,62.3168,62.2794,62.1108
"AIM 3.0","Medium-to-Low - SSP2","Rest of Asia (R10)","Capacity|Electricity|Nuclear","GW",1,28.7455,,35.6461,30.597,30.2474,39.0506,42.0494,44.9579,49.7195,72.1395,73.8728,73.35289999999999,72.2531,72.7459,72.5235,72.5274,72.31280000000001,72.17670000000001
"AIM 3.0","Medium-to-Low - SSP2","Rest of Asia (R10)","Capacity|Electricity|Oil","GW",1,39.7441,,53.6794,2.9684,1.2159,1.349,1.4841,1.6052,1.7422,1.912,2.1559,2.4512,2.9261,3.2228,3.681699999999999,4.0104,4.0977,4.2222
"AIM 3.0","Medium-to-Low - SSP2","Rest of Asia (R10)","Capacity|Electricity|Solar|PV","GW",1,46.25219999999999,,75.6622,288.3574,559.8606,775.1983,941.6562,1023.5329,1078.3907,1297.7532,2230.567,3000.1406,4078.7618,3925.1967,4595.2366,5008.5315,5089.7734,5405.891299999999
"AIM 3.0","Medium-to-Low - SSP2","Rest of Asia (R10)","Capacity|Electricity|Wind|Onshore","GW",1,7.8165,,41.392,97.527,105.8334,176.2614,251.4527,279.7975,315.9284,494.7191,763.6197,792.9975,918.6048000000001,1056.0324,1191.9469,1354.4173,1467.3047,1393.1926
"AIM 3.0","Medium-to-Low - SSP2","World","Capacity|Electricity|Biomass","GW",1,197.6886,,202.2739,9.7071,8.6917,9.8172,10.7703,11.5365,12.254,13.2531,16.6281,21.5695,24.1749,160.9545,470.4744,757.0988,855.2352,955.5582
"AIM 3.0","Medium-to-Low - SSP2","World","Capacity|Electricity|Coal","GW",1,2454.1031,,2785.4584,2280.9618,2266.8625,2095.9198,2088.4012,1672.0693,1298.476,854.5007,277.6908,97.9161,72.651,79.4098,88.6199,96.5866,97.5444,100.3306
"AIM 3.0","Medium-to-Low - SSP2","World","Capacity|Electricity|Fossil","GW",1,5082.8486,,5684.8668,3925.8473,4215.3104,4303.0254,4259.1643,3735.7835,3482.0636,2791.7389,1678.7368,934.0399,390.0892,234.1913,187.5283,202.9511,221.4253,212.8517
"AIM 3.0","Medium-to-Low - SSP2","World","Capacity|Electricity|Gas","GW",1,2286.0937,,2343.3439,1623.6238,1935.776,2192.9124,2155.2588,2046.0139,2165.4966,1918.2914,1379.779,812.0616,289.9277,124.4187,64.9584,69.0075,86.1267,73.5371
"AIM 3.0","Medium-to-Low - SSP2","World","Capacity|Electricity|Geothermal","GW",1,25.9274,,24.4319,46.9811,49.2926,50.1203,52.1567,52.8784,55.029,55.6473,55.9834,56.3529,60.164,67.0143,73.956,79.3104,84.6026,87.0635
"AIM 3.0","Medium-to-Low - SSP2","World","Capacity|Electricity|Hydro","GW",1,1263.6735,,1555.2626,1427.9853,1610.2601,1702.993,2067.855,2113.827,2094.5916,2037.2371,1967.6034,1932.9819,1849.5213,1858.7333,1912.55,1897.5056,1900.0755,1895.568
"AIM 3.0","Medium-to-Low - SSP2","World","Capacity|Electricity|Nuclear","GW",1,413.088,,469.5302,392.2021,378.3736,381.0413,375.8076,402.0829,494.9445,803.8746,820.4417,842.4084,886.2992,895.8776,857.0331,830.3047,807.3725,562.2375
"AIM 3.0","Medium-to-Low - SSP2","World","Capacity|Electricity|Oil","GW",1,342.6517,,556.0645,21.2617,12.6719,14.1931,15.5043,17.7003,18.091,18.9469,21.2671,24.0622,27.5105,30.3628,33.9501,37.357,37.7542,38.984
"AIM 3.0","Medium-to-Low - SSP2","World","Capacity|Electricity|Other","GW",1,4.1193,,4.3207,1.7595,2.0206,2.4374,2.8601,3.1183,3.3722,3.6833,4.0227,4.4461,4.7711,4.9729,5.3543,5.5733,5.621,5.7933
"AIM 3.0","Medium-to-Low - SSP2","World","Capacity|Electricity|Solar|PV","GW",1,737.6936,,1308.9367,3316.0703,4271.6832,4861.2406,5564.6704,6505.3431,6985.246,9228.4296,12581.7871,16264.3898,20360.9005,21543.3508,24587.6293,27464.9398,27770.5108,28039.2229
"AIM 3.0","Medium-to-Low - SSP2","World","Capacity|Electricity|Wind|Onshore","GW",1,702.7065,,1001.6311,2092.1866,2668.3026,3641.9024,4403.9941,5486.9542,6334.7033,6795.8782,8838.4931,10708.9211,12987.8245,14996.6684,17038.2671,19263.8167,19672.1767,21451.2363
"AIM 3.0","Medium - SSP2","Africa (R10)","Capacity|Electricity|Biomass","GW",1,0.8,,0.8074,0.4947,0.6485000000000001,0.8184,0.8601000000000001,0.8985000000000001,0.8964000000000001,0.9396,1.109,1.3067,1.6423,2.017,2.412,2.8949,3.3891,3.9822
"AIM 3.0","Medium - SSP2","Africa (R10)","Capacity|Electricity|Coal","GW",1,47.2267,,53.6757,86.50739999999999,85.9107,81.7724,91.38329999999999,104.8595,106.1497,94.2191,82.4076,78.2957,75.10759999999999,148.0855,44.4878,34.7374,16.1272,14.4812
"AIM 3.0","Medium - SSP2","Africa (R10)","Capacity|Electricity|Fossil","GW",1,155.465,,165.2298,415.8196,587.9694999999999,755.3888,764.0472,764.8530000000001,681.7049,639.8262,619.1717,660.2944,821.878,738.2118,576.4300999999999,529.9668,605.104,573.3381
"AIM 3.0","Medium - SSP2","Africa (R10)","Capacity|Electricity|Gas","GW",1,98.29090000000001,,99.98929999999999,328.2116,501.4151,672.8009,671.8255,659.1428,574.7356,544.7710999999999,535.7653,580.8050000000001,745.213,588.1604,529.5465,492.313,585.5308,554.759
"AIM 3.0","Medium - SSP2","Africa (R10)","Capacity|Electricity|Geothermal","GW",1,0.6936,,0.6754,1.3801,1.3647,1.4222,1.7017,1.9583,2.9892,3.3539,3.3445,3.3394,3.3124,3.3103,3.2657,3.2499,3.2371,3.2257
"AIM 3.0","Medium - SSP2","Africa (R10)","Capacity|Electricity|Hydro","GW",1,32.6149,,48.1661,67.0808,82.8117,92.7184,97.1925,103.3996,109.1496,122.733,139.6962,163.3058,162.4837,162.4018,160.3407,159.607,158.9748,158.4493
"AIM 3.0","Medium - SSP2","Africa (R10)","Capacity|Electricity|Nuclear","GW",1,2.2368,,2.295099999999999,1.9863,1.9256,1.930599999999999,1.9372,1.9489,1.9608,1.9776,0.7005,0.8255,1.038,1.2751,1.5251,1.8308,2.1437,2.5191
"AIM 3.0","Medium - SSP2","Africa (R10)","Capacity|Electricity|Oil","GW",1,9.9474,,11.5648,1.1007,0.6437,0.8155,0.8383,0.8506,0.8196,0.8361000000000001,0.9988,1.1937,1.5574,1.9659,2.3957,2.9164,3.4461,4.0979
"AIM 3.0","Medium - SSP2","Africa (R10)","Capacity|Electricity|Solar|PV","GW",1,7.3335,,12.8186,52.8086,57.9579,138.6071,235.993,334.7988,481.3541,654.6247000000001,997.7596,1250.6736,1628.537,1750.6963,2023.0593,2396.2285,2771.0812,3189.8628
"AIM 3.0","Medium - SSP2","Africa (R10)","Capacity|Electricity|Wind|Onshore","GW",1,8.6769,,9.9671,48.5833,46.4712,42.0149,24.1643,4.709099999999999,1.1947,1.2275,49.6309,105.8893,182.8983,622.0642,1193.7929,1648.5647,2004.5394,2550.886
"AIM 3.0","Medium - SSP2","China+ (R10)","Capacity|Electricity|Biomass","GW",1,25.0173,,31.3008,1.8428,2.0004,2.1168,2.1489,2.2822,2.367,2.4694,2.5479,2.6095,2.6027,2.5532,2.5204,2.492,2.4527,2.4897
"AIM 3.0","Medium - SSP2","China+ (R10)","Capacity|Electricity|Coal","GW",1,1244.228,,1477.6188,1022.7771,1049.3199,907.2103,947.7574,495.797,450.9584,364.3756,314.7953,320.4066,293.5878,250.7531,242.4791,241.3138,223.6916,90.7093
"AIM 3.0","Medium - SSP2","China+ (R10)","Capacity|Electricity|Fossil","GW",1,1393.0251,,1899.9807,1034.168,1056.3212,914.6191,955.2784,503.7847,459.2428,373.0186,329.1246,335.546,309.318,266.5313,258.7286,255.7088,239.5952,205.0714
"AIM 3.0","Medium - SSP2","China+ (R10)","Capacity|Electricity|Gas","GW",1,127.6937,,266.6992,7.1695,3.5006,3.7044,3.7605,3.9938,4.1422,4.3215,9.8704,10.5727,11.1755,11.3102,11.8388,10.034,11.6113,110.005
"AIM 3.0","Medium - SSP2","China+ (R10)","Capacity|Electricity|Hydro","GW",1,429.0156,,571.7549,527.7251,522.196,513.5763,821.7526,796.7106,763.195,672.7256,557.0195,517.1862,416.3246,415.7425,415.7323,415.1245,414.3514,413.5168
"AIM 3.0","Medium - SSP2","China+ (R10)","Capacity|Electricity|Nuclear","GW",1,52.0093,,100.6879,32.6876,30.164,30.1115,26.0199,25.8334,6.3063,96.3413,172.289,171.4268,171.0351,170.7826,169.9833,165.3606,163.9921,92.7125
"AIM 3.0","Medium - SSP2","China+ (R10)","Capacity|Electricity|Oil","GW",1,21.1033,,155.6628,4.2214,3.5006,3.7044,3.7605,3.9938,4.1422,4.3215,4.4588,4.5667,4.5548,4.4681,4.4107,4.361,4.2923,4.3571
"AIM 3.0","Medium - SSP2","China+ (R10)","Capacity|Electricity|Solar|PV","GW",1,267.8671,,350.6377,1101.4646,1276.7872,1143.4481,1188.9045,1278.1009,1441.5944,1771.917,1969.9595,1969.5434,1874.0447,1736.3069,1646.3059,1604.9201,1526.4927,1625.0212
"AIM 3.0","Medium - SSP2","China+ (R10)","Capacity|Electricity|Wind|Onshore","GW",1,239.7857,,347.3764,521.6379,653.1633,1094.1105,1039.548,1875.3965,2053.3741,2029.5227,1958.197,2060.289,2133.9782,2152.1961,2144.5205,2134.6074,2129.3516,2407.6303
"AIM 3.0","Medium - SSP2","Europe (R10)","Capacity|Electricity|Biomass","GW",1,85.9805,,83.95309999999999,2.756299999999999,1.1378,1.285399999999999,1.4199,1.5175,1.576399999999999,1.6341,1.6969,1.7468,1.841999999999999,1.8949,1.970899999999999,2.0304,2.0935,2.1226
"AIM 3.0","Medium - SSP2","Europe (R10)","Capacity|Electricity|Coal","GW",1,199.122,,249.2802,107.6966,57.22199999999999,45.4321,35.1976,33.0967,25.9474,19.7353,18.9906,18.291,17.8246,18.6042,19.2265,19.6472,19.7921,20.3792
"AIM 3.0","Medium - SSP2","Europe (R10)","Capacity|Electricity|Fossil","GW",1,527.1058,,562.2319,131.8231,106.0481,81.1776,50.7655,41.5255,42.4467,35.8499,33.1522,34.0396,33.9388,34.3228,34.8492,35.8729,35.7195,35.5688
"AIM 3.0","Medium - SSP2","Europe (R10)","Capacity|Electricity|Gas","GW",1,292.9775,,268.5868,22.3005,47.0895,33.785,13.4044,6.116,14.096,13.6232,11.5748,13.0854,13.3074,12.8318,12.6216,13.1349,12.742,11.9594
"AIM 3.0","Medium - SSP2","Europe (R10)","Capacity|Electricity|Geothermal","GW",1,9.1405,,9.1365,8.5067,9.2465,9.7515,10.5668,10.261,10.2835,10.681,10.8807,11.3106,15.2312,19.4358,20.8762,20.8644,20.8898,22.4799
"AIM 3.0","Medium - SSP2","Europe (R10)","Capacity|Electricity|Hydro","GW",1,205.5021,,197.5469,161.0214,185.0685,192.8201,196.4564,203.9968,203.4356,203.4632,204.0432,203.9836,203.7998,203.3968,202.9046,202.6991,202.8481,202.9461
"AIM 3.0","Medium - SSP2","Europe (R10)","Capacity|Electricity|Nuclear","GW",1,115.5739,,103.153,121.6095,122.1832,120.8323,120.2869,119.7702,119.0949,116.363,111.6401,107.8978,106.6496,104.3183,53.6292,19.1776,7.864,1.6212
"AIM 3.0","Medium - SSP2","Europe (R10)","Capacity|Electricity|Oil","GW",1,35.0064,,44.3649,1.8259,1.7367,1.9606,2.1635,2.312599999999999,2.403299999999999,2.491399999999999,2.586799999999999,2.663,2.8068,2.8868,3.0011,3.090699999999999,3.1855,3.2302
"AIM 3.0","Medium - SSP2","Europe (R10)","Capacity|Electricity|Other","GW",1,3.106099999999999,,3.3566,0.8148000000000001,0.9239,1.0461,1.1595,1.2382,1.2847,1.331999999999999,1.3834,1.4238,1.5039,1.5482,1.6125,1.6632,1.716799999999999,1.74
"AIM 3.0","Medium - SSP2","Europe (R10)","Capacity|Electricity|Solar|PV","GW",1,159.3032,,251.9651,411.2134,519.2765,561.9128000000001,532.5717000000001,498.6656,482.0217,533.9003,572.8438,627.8416,699.2835000000001,739.8174,891.8438,995.6922,1084.2244,1121.9702
"AIM 3.0","Medium - SSP2","Europe (R10)","Capacity|Electricity|Wind|Onshore","GW",1,233.7034,,241.0821,629.1868999999999,756.338,884.2031,1050.5315,1160.6954,1223.4693,1292.5285,1373.2513,1429.1006,1522.9472,1580.7069,1729.3151,1849.9999,1939.3877,1982.8781
"AIM 3.0","Medium - SSP2","India+ (R10)","Capacity|Electricity|Biomass","GW",1,7.5285,,8.3645,0.5658000000000001,0.7030000000000001,0.7322000000000001,0.7682,0.7284,0.7322000000000001,0.7883,0.8602000000000001,0.9264,0.9918,1.0506,1.1061,1.1635,1.2142,1.2563
"AIM 3.0","Medium - SSP2","India+ (R10)","Capacity|Electricity|Coal","GW",1,249.4422,,278.6507,199.4662,282.0544,273.1392,260.1783,225.455,116.5259,107.3216,98.7595,118.3714,105.2773,103.4528,101.4889,101.4209,90.634,73.8622
"AIM 3.0","Medium - SSP2","India+ (R10)","Capacity|Electricity|Fossil","GW",1,282.6986,,318.0466,312.8518,382.5687,383.8498,366.188,248.9688,177.3301,232.347,254.6288,250.8311,248.3713,224.7713,218.5781,196.9859,149.3306,97.7793
"AIM 3.0","Medium - SSP2","India+ (R10)","Capacity|Electricity|Gas","GW",1,28.458,,30.4282,112.5369,99.4598,109.6123,104.8575,22.4212,59.7058,123.8431,154.579,131.0701,141.6063,119.7425,115.4301,93.8197,56.8752,22.0326
"AIM 3.0","Medium - SSP2","India+ (R10)","Capacity|Electricity|Hydro","GW",1,54.0674,,73.1545,65.9047,75.7711,85.9299,91.7085,102.8206,102.541,102.7853,102.2586,101.1037,100.4538,99.5663,98.6759,99.0907,98.5415,97.1199
"AIM 3.0","Medium - SSP2","India+ (R10)","Capacity|Electricity|Nuclear","GW",1,7.2472,,10.3631,5.9602,5.8361,5.7298,5.5925,31.2072,143.383,157.995,172.904,186.4922,200.7346,214.2659,227.5176,243.7054,257.5019,268.7159
"AIM 3.0","Medium - SSP2","India+ (R10)","Capacity|Electricity|Oil","GW",1,4.7984,,8.9677,0.8486,1.0545,1.0983,1.1522,1.0926,1.0984,1.1824,1.2903,1.3896,1.4877,1.576,1.6591,1.7453,1.8213,1.8845
"AIM 3.0","Medium - SSP2","India+ (R10)","Capacity|Electricity|Solar|PV","GW",1,45.8613,,157.9691,688.7493,893.7304,988.9278,1171.3861,1196.1588,981.1969,991.1354,1135.1166,1295.7524,1483.7813,1689.5824,1843.5194,1724.9646,1828.7858,2072.6816
"AIM 3.0","Medium - SSP2","India+ (R10)","Capacity|Electricity|Wind|Onshore","GW",1,39.4356,,41.1454,30.6246,25.0985,15.8684,5.9441,5.98,5.9441,5.9931,5.960900000000001,5.795,5.7431,5.7028,5.5503,206.719,300.5683,299.6405
"AIM 3.0","Medium - SSP2","Latin America (R10)","Capacity|Electricity|Biomass","GW",1,22.4189,,20.06,0.9114000000000001,0.8331000000000001,0.9440000000000001,1.0416,1.1324,1.1943,1.2744,1.3775,1.4795,1.6068,1.7335,1.9761,2.328,2.621699999999999,3.1559
"AIM 3.0","Medium - SSP2","Latin America (R10)","Capacity|Electricity|Coal","GW",1,17.8808,,22.2733,13.5012,8.3118,4.3302,5.6628,1.8386,1.0382,0.8496,0.9564999999999991,0.986399999999999,1.0712,1.1557,1.3174,1.552,1.7478,2.1039
"AIM 3.0","Medium - SSP2","Latin America (R10)","Capacity|Electricity|Fossil","GW",1,187.9485,,183.7225,55.7285,60.3385,68.50970000000001,45.1862,49.7044,43.088,26.6654,31.5983,30.5997,32.1173,36.6572,41.2151,40.8171,40.1853,48.07550000000001
"AIM 3.0","Medium - SSP2","Latin America (R10)","Capacity|Electricity|Gas","GW",1,124.6869,,121.4646,40.5182,51.1936,63.2355,38.4818,46.7334,40.8555,24.5415,29.2643,28.1338,29.4393,33.7678,37.9216,36.9371,35.8158,42.8157
"AIM 3.0","Medium - SSP2","Latin America (R10)","Capacity|Electricity|Geothermal","GW",1,1.7546,,1.4989,20.5313,20.4597,20.2614,20.2775,20.3135,20.0975,19.8679,19.6366,19.3121,19.2453,19.2089,19.0388,18.8561,18.8006,18.756
"AIM 3.0","Medium - SSP2","Latin America (R10)","Capacity|Electricity|Hydro","GW",1,163.1531,,230.2772,205.1046,293.079,350.5845,383.8414,421.1023,418.5301,416.6998,420.6567,419.2321,417.5605,416.2266,415.5781,415.1667,414.692,413.5896
"AIM 3.0","Medium - SSP2","Latin America (R10)","Capacity|Electricity|Nuclear","GW",1,5.3398,,5.6759,4.8595,4.858700000000001,4.853400000000001,4.801,4.8043,4.766999999999999,4.2775,3.0026,2.9928,1.9034,0.8795000000000001,0.992,1.1687,1.3161,1.5843
"AIM 3.0","Medium - SSP2","Latin America (R10)","Capacity|Electricity|Oil","GW",1,45.3808,,39.98479999999999,1.7091,0.8331000000000001,0.9440000000000001,1.0416,1.1324,1.1943,1.2744,1.3775,1.4795,1.6068,1.7335,1.9761,2.328,2.621699999999999,3.1559
"AIM 3.0","Medium - SSP2","Latin America (R10)","Capacity|Electricity|Solar|PV","GW",1,23.2504,,51.11,128.3551,136.1668,145.6551,123.6831,211.5826,209.65,204.3455,239.2414,276.9096,335.6652,398.9316,589.3938,818.5533,1005.5146,1109.3158
"AIM 3.0","Medium - SSP2","Latin America (R10)","Capacity|Electricity|Wind|Onshore","GW",1,30.9959,,47.3551,196.0498,194.6768,207.8262,278.8889,261.7213,315.6254,394.7999,450.9165,512.3208,585.733,658.9027,771.8240999999999,960.7755000000001,1117.0248,1448.0501
"AIM 3.0","Medium - SSP2","Middle East (R10)","Capacity|Electricity|Biomass","GW",1,0.3803,,0.3351,0.2778,0.3166,0.3567,0.4168,0.4796,0.5476,0.5967,0.6404000000000001,0.6841,0.7247,0.7629,0.8015,0.8856,0.9711000000000001,1.0663
"AIM 3.0","Medium - SSP2","Middle East (R10)","Capacity|Electricity|Coal","GW",1,6.1713,,8.9459,0.3774,3.1548,0.5166000000000001,0.5557,0.6394000000000001,0.7301000000000001,0.7956000000000001,0.8538,0.9122,0.9663,1.0172,1.0686,1.1809,1.2948,1.4217
"AIM 3.0","Medium - SSP2","Middle East (R10)","Capacity|Electricity|Fossil","GW",1,359.8696,,365.1834,496.8877,560.0236,634.4078,743.5784,751.0032,904.7679,1011.4105,1118.2182,1107.0704,922.0395,971.4245,1020.3859,1096.3519,1183.0237,1024.6798
"AIM 3.0","Medium - SSP2","Middle East (R10)","Capacity|Electricity|Gas","GW",1,252.9523,,251.423,491.2085,556.2356,633.1776,742.1891,749.4046,902.9426,1009.4216,1116.0837,1104.79,919.6237,968.8815,1017.7143,1093.3998,1179.7866,1021.1255
"AIM 3.0","Medium - SSP2","Middle East (R10)","Capacity|Electricity|Hydro","GW",1,20.453,,18.4879,17.7968,18.4037,21.8818,22.4701,22.5661,28.2559,28.1109,27.9463,27.8536,27.8568,27.8134,27.8486,27.9481,28.0282,27.7166
"AIM 3.0","Medium - SSP2","Middle East (R10)","Capacity|Electricity|Nuclear","GW",1,1.0043,,6.8427,1.2249,1.0416,1.038,1.0301,1.0232,0.5998,0.6536000000000001,0.7015,0.7494000000000001,0.7939,0.8357,0.878,0.9702000000000001,1.0638,1.1681
"AIM 3.0","Medium - SSP2","Middle East (R10)","Capacity|Electricity|Oil","GW",1,100.7461,,104.8145,5.3018,0.6333000000000001,0.7135,0.8336,0.9592,1.0952,1.1933,1.2808,1.3682,1.4495,1.5258,1.603,1.7713,1.9423,2.1326
"AIM 3.0","Medium - SSP2","Middle East (R10)","Capacity|Electricity|Solar|PV","GW",1,7.0259,,179.6932,39.4234,58.515,67.5658,95.1273,364.7961,333.0275,316.1407,275.6716,490,1067.2549,1126.0125,1187.3875,1387.8251,1570.94,2324.5111
"AIM 3.0","Medium - SSP2","Middle East (R10)","Capacity|Electricity|Wind|Onshore","GW",1,0.8753000000000001,,3.9421,22.6559,22.525,21.5863,18.3484,10.5631,1.6452,1.5114,1.6221,1.7329,1.8358,1.9324,2.0302,2.2434,2.4599,2.701
"AIM 3.0","Medium - SSP2","North America (R10)","Capacity|Electricity|Biomass","GW",1,22.096,,20.7927,1.3421,1.551499999999999,1.9876,2.3586,2.6423,2.913,3.1421,3.3387,3.518199999999999,3.6802,3.8493,3.9824,4.2605,4.3967,4.5305
"AIM 3.0","Medium - SSP2","North America (R10)","Capacity|Electricity|Coal","GW",1,304.0056,,267.8581,80.328,20.8987,19.3474,22.6141,11.6875,11.2325,12.1231,12.8836,13.5693,14.1914,14.8502,15.3519,16.4719,17.0059,17.5353
"AIM 3.0","Medium - SSP2","North America (R10)","Capacity|Electricity|Fossil","GW",1,849.5991,,830.7335,389.131,331.9675,274.097,194.9409,153.6331,119.3031,142.8274,170.817,191.6912,157.4484,147.6748,143.6782,131.5848,114.6963,85.3696
"AIM 3.0","Medium - SSP2","North America (R10)","Capacity|Electricity|Gas","GW",1,529.3938,,511.8387,306.975,309.0856,252.212,169.3151,138.5701,104.3509,126.6927,153.6709,173.6299,138.5579,127.9099,123.2409,109.676,92.0805,62.05459999999999
"AIM 3.0","Medium - SSP2","North America (R10)","Capacity|Electricity|Geothermal","GW",1,5.474,,4.7555,4.7328,4.6563,4.5927,4.5495,4.5214,4.48,4.4707,4.4005,4.4428,4.4262,4.442,4.4308,4.4213,4.3888,4.3729
"AIM 3.0","Medium - SSP2","North America (R10)","Capacity|Electricity|Hydro","GW",1,180.2848,,213.0304,164.5051,191.3158,199.4434,207.6184,209.8278,214.3091,213.8506,212.129,212.5251,206.8343,205.2548,204.2267,204.0258,207.3595,206.4493
"AIM 3.0","Medium - SSP2","North America (R10)","Capacity|Electricity|Nuclear","GW",1,130.7663,,137.6129,131.2003,129.2414,127.6389,126.5141,125.6575,123.3435,117.3576,111.5093,110.1532,106.5649,106.66,106.4039,105.0557,78.1308,60.0982
"AIM 3.0","Medium - SSP2","North America (R10)","Capacity|Electricity|Oil","GW",1,16.1996,,51.0369,1.828,1.9834,2.5376,3.0118,3.375499999999999,3.7196,4.0115,4.2624,4.492,4.6991,4.914700000000001,5.0854,5.4368,5.6099,5.7798
"AIM 3.0","Medium - SSP2","North America (R10)","Capacity|Electricity|Other","GW",1,1.0165,,0.969,0.9782000000000001,1.1334,1.4501,1.721,1.9288,2.1255,2.2923,2.4357,2.5669,2.6853,2.8084,2.905999999999999,3.1068,3.205699999999999,3.302699999999999
"AIM 3.0","Medium - SSP2","North America (R10)","Capacity|Electricity|Solar|PV","GW",1,78.7854,,122.7598,675.1357,656.3969000000001,734.8285,894.9183,1405.4555,1675.404,1998.6051,2028.6425,2083.0791,2032.5689,1991.4188,1961.5011,2047.7592,2076.2069,2250.8641
"AIM 3.0","Medium - SSP2","North America (R10)","Capacity|Electricity|Wind|Onshore","GW",1,124.4961,,247.8866,463.6628,828.5902,1402.6828,1827.4225,1956.7517,2108.2892,2157.0647,2374.1348,2608.8183,2996.7937,3344.2856,3584.3691,3938.8394,4174.0583,4337.7321
"AIM 3.0","Medium - SSP2","Pacific OECD (R10)","Capacity|Electricity|Biomass","GW",1,9.319099999999999,,10.1639,0.349,0.2996,0.3084,0.3362,0.3717,0.4079,0.4392,0.4599,0.4803,0.5028,0.5212,0.5437000000000001,0.5603,0.5814,0.5971000000000001
"AIM 3.0","Medium - SSP2","Pacific OECD (R10)","Capacity|Electricity|Coal","GW",1,87.3001,,110.9412,140.8697,130.6555,119.9274,87.36760000000001,75.5782,42.4595,40.8888,40.9614,43.6921,46.4647,46.9711,45.81019999999999,43.314,27.1624,25.2756
"AIM 3.0","Medium - SSP2","Pacific OECD (R10)","Capacity|Electricity|Fossil","GW",1,257.6813,,267.0397,158.9474,171.3183,162.2995,119.3779,117.712,107.8496,114.9113,119.2073,123.1464,130.0311,131.5581,131.7246,129.855,130.2465,128.4996
"AIM 3.0","Medium - SSP2","Pacific OECD (R10)","Capacity|Electricity|Gas","GW",1,127.6973,,118.3547,17.6526,40.2135,41.9095,31.5059,40.4176,64.2903,73.3638,77.5562,78.7337,82.8123,83.805,85.09880000000001,85.7008,102.2121,102.3283
"AIM 3.0","Medium - SSP2","Pacific OECD (R10)","Capacity|Electricity|Geothermal","GW",1,2.1771,,2.151399999999999,3.769,4.0735,4.5592,5.2626,6.1256,7.097900000000001,7.1228,7.820499999999999,8.312899999999999,8.3855,11.1342,15.6185,21.259,26.9577,27.7585
"AIM 3.0","Medium - SSP2","Pacific OECD (R10)","Capacity|Electricity|Hydro","GW",1,28.7644,,32.4897,34.3398,36.5583,36.3284,36.2728,36.4142,36.5744,36.4897,36.4826,36.202,34.9104,34.87860000000001,34.8317,34.7775,34.7098,34.6261
"AIM 3.0","Medium - SSP2","Pacific OECD (R10)","Capacity|Electricity|Nuclear","GW",1,32.8786,,28.9691,21.8417,11.7644,7.4224,3.9796,3.9944,4.0085,4.0206,4.0222,2.4455,1.1328,1.1512,1.1885,1.2093,1.2401,1.2544
"AIM 3.0","Medium - SSP2","Pacific OECD (R10)","Capacity|Electricity|Oil","GW",1,42.684,,37.7439,0.4251,0.4494,0.4626,0.5044000000000001,1.7161,1.0997,0.6588,0.6897,0.720599999999999,0.7541,0.7819,0.8156,0.8403,0.872,0.895699999999999
"AIM 3.0","Medium - SSP2","Pacific OECD (R10)","Capacity|Electricity|Solar|PV","GW",1,93.60990000000001,,98.6529,53.0273,71.2833,82.63990000000001,116.7417,161.9296,201.4714,230.2621,245.7861,277.8741,299.438,319.5403,341.9577,357.3465,364.3208,385.0866
"AIM 3.0","Medium - SSP2","Pacific OECD (R10)","Capacity|Electricity|Wind|Onshore","GW",1,14.579,,16.4573,71.0184,92.6744,115.9075,191.8473,213.9082,263.0965,285.5164,301.0348,311.5053,328.5481,337.0151,349.9286,356.6663,376.3161,394.5295
"AIM 3.0","Medium - SSP2","Reforming Economies (R10)","Capacity|Electricity|Biomass","GW",1,14.4929,,13.8999,0.5211,0.5487000000000001,0.5487000000000001,0.5767,0.608,0.6474000000000001,0.6571,0.6888000000000001,0.7269,0.7611,0.802,0.8325,0.9006000000000001,0.9365,0.9543
"AIM 3.0","Medium - SSP2","Reforming Economies (R10)","Capacity|Electricity|Coal","GW",1,119.4971,,124.5325,156.6391,137.0924,96.6219,94.0572,90.482,74.8235,59.0907,54.6825,51.1688,71.5713,90.7939,115.9048,130.3161,127.9113,87.6827
"AIM 3.0","Medium - SSP2","Reforming Economies (R10)","Capacity|Electricity|Fossil","GW",1,634.6125,,647.3826,389.3699,377.771,367.8168,393.6584,423.7258,458.7443,481.7926,496.0489,495.2287,496.2077,478.5069,374.8614,437.7106,413.2895,340.2989
"AIM 3.0","Medium - SSP2","Reforming Economies (R10)","Capacity|Electricity|Gas","GW",1,488.059,,474.3855,231.5802,239.9927,270.509,298.8803,332.4838,383.1116,421.8806,440.5053,443.1513,423.685,386.7105,257.9161,306.2687,284.2077,251.4233
"AIM 3.0","Medium - SSP2","Reforming Economies (R10)","Capacity|Electricity|Geothermal","GW",1,0.1119,,0.1007,0.4008,0.4221,0.4221,0.4436,0.4677,0.498,0.5054000000000001,0.5298,0.5591,0.5855,1.0564,2.3628,2.5229,2.5604,2.7081
"AIM 3.0","Medium - SSP2","Reforming Economies (R10)","Capacity|Electricity|Hydro","GW",1,69.5597,,70.1633,59.289,82.5013,87.9363,88.2374,90.4682,99.3348,107.8534,134.1819,165.286,184.6746,225.8761,323.9948,315.2401,319.9495,320.4827
"AIM 3.0","Medium - SSP2","Reforming Economies (R10)","Capacity|Electricity|Nuclear","GW",1,37.513,,38.5998,42.5109,42.0268,42.3429,42.281,42.0994,41.2925,30.3533,20.1052,8.3557,7.5276,6.4949,2.9464,0.5652,0.5902000000000001,0.6015
"AIM 3.0","Medium - SSP2","Reforming Economies (R10)","Capacity|Electricity|Oil","GW",1,27.0563,,48.4646,1.1506,0.6859000000000001,0.6859000000000001,0.7209,0.76,0.8092,0.8213,0.861,0.9086000000000001,0.9514,1.0026,1.0406,1.1258,1.1706,1.1929
"AIM 3.0","Medium - SSP2","Reforming Economies (R10)","Capacity|Electricity|Solar|PV","GW",1,8.6663,,8.4117,17.0067,70.3024,92.0791,115.5753,137.6989,157.7211,178.4633,201.6673,243.0935,259.8881,277.6276,289.3908,267.9927,258.2205,208.0176
"AIM 3.0","Medium - SSP2","Reforming Economies (R10)","Capacity|Electricity|Wind|Onshore","GW",1,2.6994,,5.7232,26.2506,32.0854,36.3682,37.8106,38.5225,44.2445,43.405,52.7856,75.6103,79.0254,82.4075,91.1479,132.1836,206.5294,348.1686
"AIM 3.0","Medium - SSP2","Rest of Asia (R10)","Capacity|Electricity|Biomass","GW",1,9.7731,,12.7292,0.7242000000000001,0.6936,0.768799999999999,0.8486,0.9177000000000001,0.991,1.0618,1.152299999999999,1.24,1.3309,1.426699999999999,1.513799999999999,1.5821,1.6748,1.8003
"AIM 3.0","Medium - SSP2","Rest of Asia (R10)","Capacity|Electricity|Coal","GW",1,179.2769,,192.0503,456.3843,453.4903,423.2157,398.7182,420.6818,466.1195,476.241,428.9088,427.3242,395.2244,372.8169,328.0262,268.4961,194.7433,125.9435
"AIM 3.0","Medium - SSP2","Rest of Asia (R10)","Capacity|Electricity|Fossil","GW",1,435.8411,,447.2664,502.7673,507.209,466.2849,441.4543,456.123,496.2538,504.3444,467.5167,489.1039,483.1606,494.8467,497.1563,478.3207,516.0497,534.0283
"AIM 3.0","Medium - SSP2","Rest of Asia (R10)","Capacity|Electricity|Gas","GW",1,216.8201,,201.5396,43.4211,52.505,41.7238,41.25109999999999,33.8354,28.4001,26.2453,36.5913,59.6097,85.6071,119.5331,166.4811,207.0559,318.3755,404.9343
"AIM 3.0","Medium - SSP2","Rest of Asia (R10)","Capacity|Electricity|Geothermal","GW",1,6.5923,,6.1347,7.7981,9.0986,9.0647,9.0524,9.0183,8.9997,8.9789,8.9032,8.8763,8.8593,8.8299,8.8034,8.7629,8.7511,8.7355
"AIM 3.0","Medium - SSP2","Rest of Asia (R10)","Capacity|Electricity|Hydro","GW",1,80.78960000000001,,101.0634,126.8706,123.9683,122.0563,118.0194,117.7512,113.69,109.2959,103.4648,94.31720000000001,80.4448,65.2088,63.8913,63.6289,63.5175,63.3598
"AIM 3.0","Medium - SSP2","Rest of Asia (R10)","Capacity|Electricity|Nuclear","GW",1,28.7456,,35.6462,30.533,30.1841,38.9435,41.95480000000001,44.8516,49.4706,62.0304,68.364,65.6625,64.7318,60.0676,63.9952,66.7392,66.5506,66.4113
"AIM 3.0","Medium - SSP2","Rest of Asia (R10)","Capacity|Electricity|Oil","GW",1,39.7441,,53.6765,2.9619,1.213699999999999,1.3453,1.484999999999999,1.605999999999999,1.7342,1.8581,2.016499999999999,2.17,2.3292,2.4968,2.649,2.7687,2.9309,3.1505
"AIM 3.0","Medium - SSP2","Rest of Asia (R10)","Capacity|Electricity|Solar|PV","GW",1,46.2523,,75.6621,291.3063,569.5176,773.0790999999999,943.8552000000001,1019.9362,1069.8912,1121.1032,1390.6434,1534.4253,1607.5266,1748.167,1906.6316,2201.0249,2494.6788,2837.0329
"AIM 3.0","Medium - SSP2","Rest of Asia (R10)","Capacity|Electricity|Wind|Onshore","GW",1,7.8165,,41.3899,97.32379999999999,105.4501,175.7879,253.4285,288.3549,309.3055,363.5611,459.3537,543.2722,695.8482,817.8634000000001,918.5794,959.6897,996.0274000000001,1096.8424
"AIM 3.0","Medium - SSP2","World","Capacity|Electricity|Biomass","GW",1,197.8067,,202.4066,9.7851,8.7329,9.8668,10.7756,11.5782,12.2731,13.0025,13.8715,14.7184,15.6854,16.6116,17.6593,19.098,20.3317,21.9554
"AIM 3.0","Medium - SSP2","World","Capacity|Electricity|Coal","GW",1,2454.1507,,2785.8265,2264.5468,2228.1103,1971.5132,1943.4924,1460.1157,1295.9849,1175.6403,1054.1999,1073.0176,1021.2866,1048.5003,915.1615,858.4505,720.1105,459.3946
"AIM 3.0","Medium - SSP2","World","Capacity|Electricity|Fossil","GW",1,5083.8464,,5686.8172,3887.4944,4141.5354,4108.4509,4074.4755,3511.0334,3490.731,3562.9935,3639.4837,3717.5512,3634.5107,3524.5051,3297.6074,3333.1746,3427.2404,3072.7094
"AIM 3.0","Medium - SSP2","World","Capacity|Electricity|Gas","GW",1,2287.0294,,2344.7094,1601.5744,1900.6907,2122.6702,2115.4714,2033.1189,2176.6304,2368.7045,2565.4612,2623.5817,2591.0274,2452.6529,2357.8096,2448.3399,2679.2373,2583.4376
"AIM 3.0","Medium - SSP2","World","Capacity|Electricity|Geothermal","GW",1,25.9441,,24.453,47.1188,49.3215,50.0737,51.8542,52.6658,54.4458,54.9806,55.5158,56.1532,60.0454,67.4176,74.3962,79.9365,85.5854,88.0366
"AIM 3.0","Medium - SSP2","World","Capacity|Electricity|Hydro","GW",1,1264.2045,,1556.1342,1429.638,1611.6737,1703.2756,2063.5696,2105.0575,2089.0155,2014.0073,1937.879,1940.9953,1835.3433,1856.3656,1948.0248,1937.3084,1942.9722,1938.2564
"AIM 3.0","Medium - SSP2","World","Capacity|Electricity|Nuclear","GW",1,413.3146,,469.8457,394.4141,379.2261,380.8432,374.397,401.1901,494.2269,591.3699,665.2384,657.0016,662.1117,666.7308,629.059,605.7826,580.3932,496.6866
"AIM 3.0","Medium - SSP2","World","Capacity|Electricity|Oil","GW",1,342.6664,,556.2813,21.3732,12.7343,14.2676,15.5117,17.7989,18.1157,18.6487,19.8226,20.952,22.1967,23.3519,24.6363,26.3843,27.8927,29.8771
"AIM 3.0","Medium - SSP2","World","Capacity|Electricity|Other","GW",1,4.1225,,4.3256,1.7931,2.0574,2.4962,2.8805,3.167,3.4102,3.6242,3.819,3.9906,4.1891,4.3565,4.5185,4.7699,4.9224,5.0428
"AIM 3.0","Medium - SSP2","World","Capacity|Electricity|Solar|PV","GW",1,737.9553,,1309.6803,3458.4904,4309.9341,4728.7432,5418.7562,6609.1228,7033.3322,8000.4972,9057.3316,10049.1925,11287.9881,11778.1008,12680.9909,13802.3072,14980.4657,17124.3638
"AIM 3.0","Medium - SSP2","World","Capacity|Electricity|Wind|Onshore","GW",1,703.064,,1002.3252,2106.994,2757.0729,3996.3559,4727.9341,5816.6025,6326.1884,6575.1302,7026.8875,7654.3337,8533.3509,9603.077,10791.058,12190.2887,13246.2628,14869.0585
"AIM 3.0","Very Low - SSP2","Africa (R10)","Capacity|Electricity|Biomass","GW",1,0.7996000000000001,,0.8036000000000001,0.4424,0.5730000000000001,0.8631000000000001,4.8584,12.1537,40.2597,42.6833,40.9417,39.8565,42.7901,47.3573,48.3704,49.6549,34.1837,33.9254
"AIM 3.0","Very Low - SSP2","Africa (R10)","Capacity|Electricity|Coal","GW",1,47.2127,,53.6909,85.5609,5.3633,2.992,3.7333,4.637799999999999,5.200699999999999,6.0438,7.112999999999999,8.183,9.565700000000001,10.9188,12.4012,13.8152,15.3543,16.9829
"AIM 3.0","Very Low - SSP2","Africa (R10)","Capacity|Electricity|Fossil","GW",1,155.2437,,165.0458,294.9377,25.1586,34.3407,28.9763,27.2079,12.5865,12.5841,13.7785,15.6546,18.2409,20.705,23.3602,25.9656,28.7152,31.6348
"AIM 3.0","Very Low - SSP2","Africa (R10)","Capacity|Electricity|Gas","GW",1,98.0839,,99.7892,208.4281,19.2681,30.5003,24.1823,21.2511,5.9156,4.841200000000001,4.6515,5.1469,5.9557,6.680400000000001,7.4249,8.210999999999999,8.9764,9.797
"AIM 3.0","Very Low - SSP2","Africa (R10)","Capacity|Electricity|Geothermal","GW",1,0.6936,,0.6754,1.3785,3.09,3.205,3.213,3.3528,3.4433,3.4942,3.4165,3.3317,3.3168,3.2865,3.2601,3.2236,3.2199,3.2047
"AIM 3.0","Very Low - SSP2","Africa (R10)","Capacity|Electricity|Hydro","GW",1,32.6161,,48.1679,90.056,98.54560000000001,120.7004,139.8132,165.2073,169.7415,173.8952,168.4778,163.7168,163.217,161.8856,160.6542,159.0575,158.7222,157.9405
"AIM 3.0","Very Low - SSP2","Africa (R10)","Capacity|Electricity|Nuclear","GW",1,2.2361,,2.2857,1.9824,8.5807,8.9156,8.9589,9.3705,9.659999999999998,9.8554,7.805400000000001,7.6359,1.785599999999999,1.9263,2.1743,2.4173,2.6743,2.947
"AIM 3.0","Very Low - SSP2","Africa (R10)","Capacity|Electricity|Oil","GW",1,9.9471,,11.5657,0.9486,0.5273,0.8485,1.0607,1.3191,1.4703,1.699,2.014,2.3247,2.7196,3.1057,3.5341,3.9395,4.3845,4.8549
"AIM 3.0","Very Low - SSP2","Africa (R10)","Capacity|Electricity|Solar|PV","GW",1,7.3245,,12.8336,105.5991,466.6601,546.9109000000001,833.8252,1228.0615,1461.5189,1739.7892,1959.5091,2208.9484,2490.9932,2793.5029,3192.3887,3519.3106,3836.7964,4228.1388
"AIM 3.0","Very Low - SSP2","Africa (R10)","Capacity|Electricity|Wind|Onshore","GW",1,8.664,,9.967500000000001,48.04660000000001,285.2862,552.4412,607.0379,684.4723,788.3863,993.8933000000001,1217.4644,1441.3763,1781.3786,2070.2309,2350.5482,2659.5353,3034.9143,3369.3155
"AIM 3.0","Very Low - SSP2","China+ (R10)","Capacity|Electricity|Biomass","GW",1,25.0173,,31.3008,1.8138,2.23,5.0707,5.256,67.0959,161.9197,153.5527,155.8705,190.1605,187.7227,180.5577,178.3936,163.9923,162.852,151.9227
"AIM 3.0","Very Low - SSP2","China+ (R10)","Capacity|Electricity|Coal","GW",1,1244.2293,,1477.6168,1015.4171,13.0843,14.305,15.6602,16.596,18.1515,20.6677,20.3721,19.7599,19.5216,19.1382,18.5902,17.9687,17.3174,16.9272
"AIM 3.0","Very Low - SSP2","China+ (R10)","Capacity|Electricity|Fossil","GW",1,1393.0265,,1899.9643,1026.6276,20.8893,22.8374,24.9997,26.4928,28.9706,32.9753,32.4994,31.5215,31.1412,30.5297,29.6555,28.664,27.6251,26.9995
"AIM 3.0","Very Low - SSP2","China+ (R10)","Capacity|Electricity|Gas","GW",1,127.6938,,266.6827,7.0562,3.9025,4.2662,4.6698,4.9484,5.4096,6.1538,6.0637,5.8808,5.8098,5.6957,5.5327,5.3477,5.1539,5.0362
"AIM 3.0","Very Low - SSP2","China+ (R10)","Capacity|Electricity|Hydro","GW",1,429.016,,571.7549,525.6366,506.0904,493.3454,791.8872,773.1041,747.6421,669.491,550.6993,510.1464,413.0003,413.9181,413.9878,413.6184,411.6707,412.3266
"AIM 3.0","Very Low - SSP2","China+ (R10)","Capacity|Electricity|Nuclear","GW",1,52.0093,,100.6878,32.5583,50.0264,152.274,257.4585,252.2013,290.7034,307.9885,305.5746,303.3488,287.8528,201.5704,92.6414,70.5118,25.5669,3.6825
"AIM 3.0","Very Low - SSP2","China+ (R10)","Capacity|Electricity|Oil","GW",1,21.1034,,155.6648,4.1543,3.9025,4.2662,4.6698,4.9484,5.4096,6.1538,6.0637,5.8808,5.8098,5.6957,5.5327,5.3477,5.1539,5.0362
"AIM 3.0","Very Low - SSP2","China+ (R10)","Capacity|Electricity|Solar|PV","GW",1,267.8674,,350.637,1051.7117,1771.0703,1972.1845,1806.6315,1671.5097,1988.8484,2329.9007,2219.0287,2046.4901,2023.9212,2145.1089,2111.259,2022.2169,2047.1322,1965.3557
"AIM 3.0","Very Low - SSP2","China+ (R10)","Capacity|Electricity|Wind|Onshore","GW",1,239.786,,347.3768,521.0807,2019.9971,2059.1445,2297.0517,2495.044,2696.1587,3434.7889,3404.0676,3236.5728,3212.1155,3225.545,3299.0865,3234.4153,3118.8907,3108.3814
"AIM 3.0","Very Low - SSP2","Europe (R10)","Capacity|Electricity|Biomass","GW",1,85.9148,,83.87450000000001,3.5808,2.784,31.7735,51.7234,58.2482,80.54220000000001,79.396,85.904,88.1135,91.1023,86.17259999999999,83.4579,85.7248,85.3812,87.5091
"AIM 3.0","Very Low - SSP2","Europe (R10)","Capacity|Electricity|Coal","GW",1,199.1056,,248.9989,36.4184,7.687799999999999,7.1038,7.6982,8.2068,9.472900000000001,9.7947,10.3661,10.329,10.3568,10.3254,10.4151,10.4141,10.2006,10.1813
"AIM 3.0","Very Low - SSP2","Europe (R10)","Capacity|Electricity|Fossil","GW",1,526.8909,,561.6367,79.3781,15.7652,16.0684,16.5369,16.8984,17.5621,17.873,18.9031,18.7105,18.7446,18.7027,18.891,18.8724,18.5054,18.4639
"AIM 3.0","Very Low - SSP2","Europe (R10)","Capacity|Electricity|Gas","GW",1,292.779,,268.3316,40.9568,5.9697,6.5048,6.1731,5.8596,4.8498,4.717,4.9808,4.8325,4.831,4.846100000000001,4.9116,4.8943,4.8089,4.7938
"AIM 3.0","Very Low - SSP2","Europe (R10)","Capacity|Electricity|Geothermal","GW",1,9.1329,,9.1266,9.5137,9.2549,9.9732,10.9188,11.0641,11.4779,12.3186,12.6278,18.3959,25.6836,26.2788,26.1791,25.8265,25.4387,25.0973
"AIM 3.0","Very Low - SSP2","Europe (R10)","Capacity|Electricity|Hydro","GW",1,205.3565,,197.353,162.0481,193.9002,191.2789,190.6005,202.2757,207.4609,207.4979,213.7983,210.4705,210.9142,211.0176,210.4041,207.978,205.4968,205.2415
"AIM 3.0","Very Low - SSP2","Europe (R10)","Capacity|Electricity|Nuclear","GW",1,115.4867,,103.0432,118.9876,128.1663,128.1906,129.0924,132.1808,136.0013,129.3307,126.9221,120.6903,115.2505,111.6318,57.0789,20.0808,8.0745,1.751499999999999
"AIM 3.0","Very Low - SSP2","Europe (R10)","Capacity|Electricity|Oil","GW",1,35.0064,,44.3062,2.0029,2.1077,2.4599,2.6656,2.8319,3.2394,3.3611,3.5562,3.549,3.5567,3.5312,3.5641,3.564,3.4958,3.488899999999999
"AIM 3.0","Very Low - SSP2","Europe (R10)","Capacity|Electricity|Other","GW",1,3.1037,,3.3528,0.8102,1.1257,1.3082,1.4106,1.4926,1.7121,1.7674,1.8731,1.8691,1.874099999999999,1.8587,1.8763,1.8757,1.839799999999999,1.8371
"AIM 3.0","Very Low - SSP2","Europe (R10)","Capacity|Electricity|Solar|PV","GW",1,159.1707,,251.6381,457.8156,702.7852,779.7339999999999,794.8831,867.36,1136.5299,1245.1639,1354.9201,1344.742,1357.8309,1360.9624,1359.0197,1397.7225,1366.5918,1338.0427
"AIM 3.0","Very Low - SSP2","Europe (R10)","Capacity|Electricity|Wind|Onshore","GW",1,233.518,,240.7825,640.7124,1033.1701,1240.8154,1365.1794,1500.6205,1692.7832,1764.2426,1878.6648,1886.4058,1881.3752,1899.9298,2056.199,2118.0668,2097.735,2109.9672
"AIM 3.0","Very Low - SSP2","India+ (R10)","Capacity|Electricity|Biomass","GW",1,7.5285,,8.3645,0.5677,0.8706,1.0675,1.2217,3.4724,16.462,37.394,41.7763,41.4397,47.3959,47.3151,47.1997,45.1441,46.761,48.1865
"AIM 3.0","Very Low - SSP2","India+ (R10)","Capacity|Electricity|Coal","GW",1,249.4425,,278.6531,205.3797,4.3834,4.9432,5.7363,6.6819,7.9187,9.1277,9.7142,10.2124,10.6495,11.0156,11.3771,11.6381,11.8278,11.9785
"AIM 3.0","Very Low - SSP2","India+ (R10)","Capacity|Electricity|Fossil","GW",1,282.6988,,318.0488,312.4491,42.8003,61.0951,52.2354,41.8053,28.3824,24.7973,26.7543,28.2374,19.1286,18.0442,18.1506,18.5654,18.868,19.1084
"AIM 3.0","Very Low - SSP2","India+ (R10)","Capacity|Electricity|Gas","GW",1,28.458,,30.4279,106.2179,37.111,54.6791,44.7898,33.1318,18.104,12.9501,14.146,14.9826,5.3065,3.747,3.3867,3.4637,3.5201,3.565
"AIM 3.0","Very Low - SSP2","India+ (R10)","Capacity|Electricity|Hydro","GW",1,54.0674,,73.1556,65.8721,71.6895,75.4909,82.6926,95.5707,99.0134,95.7386,96.1556,95.1103,94.8258,94.5117,94.1685,94.1142,94.1893,94.2682
"AIM 3.0","Very Low - SSP2","India+ (R10)","Capacity|Electricity|Nuclear","GW",1,7.2472,,10.3633,5.9573,55.3905,71.9231,91.8977,117.5242,138.4504,147.1633,162.5848,175.4369,189.4884,203.3883,217.1248,231.4662,246.1292,260.8256
"AIM 3.0","Very Low - SSP2","India+ (R10)","Capacity|Electricity|Oil","GW",1,4.7984,,8.9678,0.8515,1.3059,1.4728,1.7093,1.9916,2.3596,2.7195,2.894,3.0424,3.1726,3.2816,3.3867,3.4637,3.5201,3.565
"AIM 3.0","Very Low - SSP2","India+ (R10)","Capacity|Electricity|Solar|PV","GW",1,45.8613,,157.9686,689.6322,2335.5059,2623.3407,3104.4396,3608.4257,4388.3296,5174.5123,5509.3404,5802.3281,6048.5033,6264.3181,6411.3439,6395.0382,6247.2322,5998.4868
"AIM 3.0","Very Low - SSP2","India+ (R10)","Capacity|Electricity|Wind|Onshore","GW",1,39.4356,,41.1455,30.619,74.8379,60.6423,50.6014,53.2441,15.5597,5.5096,5.5342,5.4739,5.5005,5.4705,44.8713,142.503,273.8731,451.1414
"AIM 3.0","Very Low - SSP2","Latin America (R10)","Capacity|Electricity|Biomass","GW",1,22.3908,,20.032,1.2334,1.4152,5.6285,22.922,39.5218,88.9507,85.6819,86.35,86.5631,102.7126,116.9638,125.5441,133.1307,127.4459,131.1426
"AIM 3.0","Very Low - SSP2","Latin America (R10)","Capacity|Electricity|Coal","GW",1,17.8808,,22.2316,1.0081,0.8211,0.9405,1.0381,1.0559,1.263,1.4746,1.5617,1.5693,1.6316,1.7063,1.7706,1.996,2.0942,2.2055
"AIM 3.0","Very Low - SSP2","Latin America (R10)","Capacity|Electricity|Fossil","GW",1,187.8317,,183.495,24.0731,3.7287,4.1937,4.294499999999999,4.2788,5.0522,5.898400000000001,6.247,6.2772,6.5264,6.8253,7.0824,7.9838,8.377,8.822199999999999
"AIM 3.0","Very Low - SSP2","Latin America (R10)","Capacity|Electricity|Gas","GW",1,124.5701,,121.2786,21.2677,1.676,1.842499999999999,1.699399999999999,1.6391,1.8946,2.2119,2.3426,2.3539,2.4475,2.5595,2.6559,2.9939,3.1413,3.3083
"AIM 3.0","Very Low - SSP2","Latin America (R10)","Capacity|Electricity|Geothermal","GW",1,1.7527,,1.4958,21.8016,18.606,19.0991,19.6526,20.5881,20.9592,20.2096,19.9268,19.7935,19.5521,19.4372,19.2061,18.9239,18.8878,18.8805
"AIM 3.0","Very Low - SSP2","Latin America (R10)","Capacity|Electricity|Hydro","GW",1,162.9465,,229.8056,227.8448,371.8635,403.727,428.5077,426.5605,434.5068,417.0604,419.6993,420.8082,420.1114,419.9499,419.426,417.8762,417.5596,417.1274
"AIM 3.0","Very Low - SSP2","Latin America (R10)","Capacity|Electricity|Nuclear","GW",1,5.3337,,5.6594,4.9987,5.6487,5.426299999999999,5.242699999999999,4.849399999999999,4.943099999999999,4.2829,2.9969,3.006599999999999,2.1949,1.2849,1.3333,1.503,1.577,1.6608
"AIM 3.0","Very Low - SSP2","Latin America (R10)","Capacity|Electricity|Oil","GW",1,45.3808,,39.98479999999999,1.7973,1.2317,1.4108,1.5571,1.5838,1.8946,2.2119,2.3426,2.3539,2.4475,2.5595,2.6559,2.9939,3.1413,3.3083
"AIM 3.0","Very Low - SSP2","Latin America (R10)","Capacity|Electricity|Solar|PV","GW",1,23.2233,,50.9954,195.0894,443.6613,490.6376,538.9799,542.2713,618.002,818.9288,880.5173,863.875,866.4350999999999,911.6211000000001,955.1243,1024.2346,1049.5974,1103.5972
"AIM 3.0","Very Low - SSP2","Latin America (R10)","Capacity|Electricity|Wind|Onshore","GW",1,30.9582,,47.2539,206.6368,365.4487,442.4818,479.539,480.2395,573.6759000000001,761.8322,834.8956000000001,845.7908,890.446,952.5948999999999,1006.107,1209.4313,1332.5637,1430.4761
"AIM 3.0","Very Low - SSP2","Middle East (R10)","Capacity|Electricity|Biomass","GW",1,0.3803,,0.3351,0.2738,0.3082,0.3825,0.5106,0.665,11.4426,22.8326,24.3003,22.6203,31.671,32.72,32.9319,34.939,29.4888,25.8762
"AIM 3.0","Very Low - SSP2","Middle East (R10)","Capacity|Electricity|Coal","GW",1,6.1713,,8.9395,0.3761,0.4109,0.4858,0.5764,0.7823,0.9400000000000001,1.1693,1.1413,1.1508,1.2549,1.2839,1.2914,1.2772,1.2703,1.285
"AIM 3.0","Very Low - SSP2","Middle East (R10)","Capacity|Electricity|Fossil","GW",1,359.8351,,364.9379,490.5493,78.4214,50.94,59.442,58.3003,66.6146,44.8866,38.9523,62.2687,60.4969,59.1598,45.5316,12.8095,12.7794,12.9273
"AIM 3.0","Very Low - SSP2","Middle East (R10)","Capacity|Electricity|Gas","GW",1,252.9178,,251.2862,484.9487,77.3942,49.7256,58.0009,56.3447,64.2645,41.9632,36.0991,59.3916,57.3597,55.9502,42.3031,9.6165,9.6036,9.7148
"AIM 3.0","Very Low - SSP2","Middle East (R10)","Capacity|Electricity|Hydro","GW",1,20.4514,,18.4864,17.7666,17.4478,20.9337,24.3023,27.7072,28.4699,32.8821,30.5603,28.3633,28.9253,28.6163,28.2979,28.2572,28.1358,27.9232
"AIM 3.0","Very Low - SSP2","Middle East (R10)","Capacity|Electricity|Nuclear","GW",1,1.0041,,6.8389,1.0445,13.8254,16.8818,18.2886,19.3659,21.0049,25.2962,24.5851,23.8155,25.3049,26.0412,26.7469,27.7024,25.6838,24.3659
"AIM 3.0","Very Low - SSP2","Middle East (R10)","Capacity|Electricity|Oil","GW",1,100.7461,,104.7122,5.2245,0.6163000000000001,0.7286,0.8646,1.1734,1.4101,1.754,1.7119,1.7263,1.8823,1.9258,1.9371,1.9158,1.9055,1.9275
"AIM 3.0","Very Low - SSP2","Middle East (R10)","Capacity|Electricity|Solar|PV","GW",1,7.0249,,179.5699,39.3479,900.1101,1140.8757,1329.5008,1727.933,2210.8727,2963.4572,2942.4841,2964.844,3243.1316,3340.433,3148.5498,2750.0177,2464.977,2377.6159
"AIM 3.0","Very Low - SSP2","Middle East (R10)","Capacity|Electricity|Wind|Onshore","GW",1,0.8752000000000001,,3.9394,22.6175,87.278,110.5754,140.5621,248.5361,188.7814,177.2393,159.1676,149.013,154.188,151.0097,301.2901,533.0413,717.0197,810.4992
"AIM 3.0","Very Low - SSP2","North America (R10)","Capacity|Electricity|Biomass","GW",1,22.0737,,20.7692,2.2856,2.9432,23.9005,57.3763,67.8095,64.346,53.4338,56.5029,56.4272,59.8111,47.9861,47.5387,47.46919999999999,47.4052,47.1994
"AIM 3.0","Very Low - SSP2","North America (R10)","Capacity|Electricity|Coal","GW",1,304.0056,,267.8581,5.301900000000001,8.0946,9.7125,10.6257,11.8834,13.5931,13.7879,14.0085,14.1818,14.8527,15.1526,15.3162,15.7436,15.8422,15.8919
"AIM 3.0","Very Low - SSP2","North America (R10)","Capacity|Electricity|Fossil","GW",1,849.0502,,829.996,203.5867,19.9883,19.3683,30.3095,36.54519999999999,22.4875,22.8297,23.2077,23.5301,24.7084,25.2184,25.4986,26.1968,26.366,26.4367
"AIM 3.0","Very Low - SSP2","North America (R10)","Capacity|Electricity|Gas","GW",1,528.8594,,511.1548,196.1755,9.225,6.4622,16.1934,20.7688,4.4472,4.5209,4.5996,4.6742,4.927899999999999,5.0329,5.0912,5.226599999999999,5.262,5.2725
"AIM 3.0","Very Low - SSP2","North America (R10)","Capacity|Electricity|Geothermal","GW",1,5.4684,,4.7491,4.6,4.5312,4.5034,4.4513,4.6167,4.7692,4.5879,4.5325,4.4796,4.5014,4.5073,4.5031,4.4897,4.4841,4.4735
"AIM 3.0","Very Low - SSP2","North America (R10)","Capacity|Electricity|Hydro","GW",1,180.124,,212.8229,180.9127,188.4542,196.8309,203.4918,216.026,233.3325,231.7529,227.7835,221.2051,222.6424,221.6964,221.1228,221.3393,221.6877,219.9244
"AIM 3.0","Very Low - SSP2","North America (R10)","Capacity|Electricity|Nuclear","GW",1,130.6361,,137.4305,128.3302,126.0945,125.3216,123.8267,128.5218,131.9224,121.4536,115.3133,111.2782,108.4384,108.2432,108.1465,106.6833,79.8221,61.464
"AIM 3.0","Very Low - SSP2","North America (R10)","Capacity|Electricity|Oil","GW",1,16.1852,,50.9832,2.1094,2.6687,3.1935,3.4904,3.8931,4.4472,4.5209,4.5996,4.6742,4.927899999999999,5.0329,5.0912,5.226599999999999,5.262,5.2725
"AIM 3.0","Very Low - SSP2","North America (R10)","Capacity|Electricity|Other","GW",1,1.0156,,0.9679000000000001,0.9914000000000001,1.525,1.8249,1.9945,2.224599999999999,2.5412,2.5834,2.6283,2.671,2.8159,2.876,2.9092,2.9867,3.0068,3.0128
"AIM 3.0","Very Low - SSP2","North America (R10)","Capacity|Electricity|Solar|PV","GW",1,78.7062,,122.6204,1092.9083,1320.1657,1520.1146,1431.5669,1700.3885,2113.9993,2117.2737,2160.9849,2092.6024,1945.0351,1865.3611,1855.8953,1894.4022,1836.7758,1614.3921
"AIM 3.0","Very Low - SSP2","North America (R10)","Capacity|Electricity|Wind|Onshore","GW",1,124.3727,,247.6117,445.4101,1339.623,1705.1767,2017.6277,2265.2825,2500.1745,2560.6229,2626.2888,2799.7093,3219.5286,3470.0714,3562.0282,3687.028,3878.7288,4077.1977
"AIM 3.0","Very Low - SSP2","Pacific OECD (R10)","Capacity|Electricity|Biomass","GW",1,9.318299999999999,,10.163,0.3805,0.463999999999999,0.489,1.3872,1.446799999999999,5.9304,22.085,23.7943,22.8599,22.9787,22.9691,22.5631,23.7976,24.2755,24.0628
"AIM 3.0","Very Low - SSP2","Pacific OECD (R10)","Capacity|Electricity|Coal","GW",1,87.27019999999999,,110.9133,54.0266,3.0046,1.005,1.1814,1.3466,1.559499999999999,1.6785,1.6513,1.6989,1.8548,1.9576,2.0244,2.0837,2.1334,2.1652
"AIM 3.0","Very Low - SSP2","Pacific OECD (R10)","Capacity|Electricity|Fossil","GW",1,257.6327,,266.9863,138.4806,22.3874,17.7864,19.7153,19.4182,7.201,3.7991,3.57,3.7436,4.0573,4.2205,4.3456,4.1041,4.1528,4.1874
"AIM 3.0","Very Low - SSP2","Pacific OECD (R10)","Capacity|Electricity|Gas","GW",1,127.6785,,118.3308,84.05279999999999,18.8338,16.1885,17.8701,17.3483,4.798100000000001,1.1836,1.0051,1.138,1.2584,1.295,1.3418,1.0247,1.0097,1.0111
"AIM 3.0","Very Low - SSP2","Pacific OECD (R10)","Capacity|Electricity|Geothermal","GW",1,2.1756,,2.1496,4.5225,4.4818,4.979100000000001,5.7699,6.917400000000001,8.1066,8.3504,8.598700000000001,10.6653,11.3141,14.1437,18.7076,24.6747,29.6376,29.7448
"AIM 3.0","Very Low - SSP2","Pacific OECD (R10)","Capacity|Electricity|Hydro","GW",1,28.7522,,32.4892,36.7568,36.6081,36.365,36.6729,37.9673,38.9266,40.7623,38.8339,37.1604,36.1214,36.1446,36.0869,36.2451,36.4184,36.2087
"AIM 3.0","Very Low - SSP2","Pacific OECD (R10)","Capacity|Electricity|Nuclear","GW",1,32.8786,,28.9691,28.8469,30.5818,35.8635,35.9814,36.7417,37.818,40.9145,39.3933,37.5987,37.7402,37.7023,37.62009999999999,37.7303,37.8198,37.4067
"AIM 3.0","Very Low - SSP2","Pacific OECD (R10)","Capacity|Electricity|Oil","GW",1,42.684,,37.7422,0.4011,0.549,0.5929,0.6639,0.7234,0.843399999999999,0.9371,0.9136000000000001,0.9067000000000001,0.9442,0.9679000000000001,0.9793000000000001,0.9959,1.0097,1.0111
"AIM 3.0","Very Low - SSP2","Pacific OECD (R10)","Capacity|Electricity|Solar|PV","GW",1,93.5881,,98.61800000000001,92.3097,182.6586,204.8073,256.2443,304.6128,382.0765,408.9178,385.6671,384.101,417.1879,432.5616,441.1526,438.6348,433.6582,453.2153
"AIM 3.0","Very Low - SSP2","Pacific OECD (R10)","Capacity|Electricity|Wind|Onshore","GW",1,14.5678,,16.4418,72.3253,299.8021,318.762,352.4576,371.3204,449.4561,493.1395,486.0836,479.1582,493.2973000000001,500.2476,497.0279,496.8927,499.7918,493.7844
"AIM 3.0","Very Low - SSP2","Reforming Economies (R10)","Capacity|Electricity|Biomass","GW",1,14.4917,,13.8982,0.5222,0.6087,1.3514,1.8965,3.9398,38.794,48.7556,65.9551,71.5588,67.9223,69.302,70.2191,68.1341,14.3092,4.8463
"AIM 3.0","Very Low - SSP2","Reforming Economies (R10)","Capacity|Electricity|Coal","GW",1,119.4958,,124.5288,154.803,35.2074,29.9629,12.9412,13.6828,0.6636000000000001,0.6777000000000001,0.6872,0.6811,0.7072,0.7326,0.7574000000000001,0.785,0.8062,0.8238000000000001
"AIM 3.0","Very Low - SSP2","Reforming Economies (R10)","Capacity|Electricity|Fossil","GW",1,634.5773,,647.3023,378.2684,98.6008,107.5874,59.492,71.1199,6.6714,6.8164,6.9124,6.8488,7.1119,7.369,7.6194,7.8965,8.1145,8.2935
"AIM 3.0","Very Low - SSP2","Reforming Economies (R10)","Capacity|Electricity|Gas","GW",1,488.0252,,474.3193,222.3124,62.6326,76.7511,45.6075,56.4938,5.0124,5.122,5.1944,5.1461,5.3439,5.5375,5.7259,5.9341,6.0989,6.2339
"AIM 3.0","Very Low - SSP2","Reforming Economies (R10)","Capacity|Electricity|Geothermal","GW",1,0.1119,,0.1007,0.4017,14.0381,14.1405,14.0414,14.013,13.6162,15.172,14.4775,13.6244,13.626,13.5961,13.5273,13.483,13.4691,13.2801
"AIM 3.0","Very Low - SSP2","Reforming Economies (R10)","Capacity|Electricity|Hydro","GW",1,69.554,,70.1593,59.1666,206.6122,212.8512,211.7754,213.9172,215.732,267.594,283.1375,298.3394,311.9998,311.3143,309.7394,308.7254,308.4308,304.079
"AIM 3.0","Very Low - SSP2","Reforming Economies (R10)","Capacity|Electricity|Nuclear","GW",1,37.5099,,38.5966,42.4231,41.3623,41.664,41.3721,42.423,40.2106,33.533,21.8543,9.4249,8.6143,7.5833,4.1251,0.8346,0.6071000000000001,0.6204000000000001
"AIM 3.0","Very Low - SSP2","Reforming Economies (R10)","Capacity|Electricity|Oil","GW",1,27.0563,,48.4542,1.153,0.7608,0.8734000000000001,0.9434,0.9434,0.9954000000000001,1.0166,1.0308,1.0216,1.0608,1.0989,1.1361,1.1774,1.2093,1.2358
"AIM 3.0","Very Low - SSP2","Reforming Economies (R10)","Capacity|Electricity|Solar|PV","GW",1,8.6656,,8.4107,54.0972,76.2221,97.2497,94.9692,98.9959,75.3362,99.3943,112.6057,107.7992,118.6541,127.9678,127.0462,137.3263,148.56,156.5432
"AIM 3.0","Very Low - SSP2","Reforming Economies (R10)","Capacity|Electricity|Wind|Onshore","GW",1,2.6991,,5.723100000000001,26.6929,83.9001,152.5344,290.5598,306.5847,378.0487,433.4447,448.3234,434.8059,466.2403,503.2459,545.7778,575.6903,693.1532,741.4781
"AIM 3.0","Very Low - SSP2","Rest of Asia (R10)","Capacity|Electricity|Biomass","GW",1,9.7731,,12.7292,0.7238,0.9013,4.0328,21.8083,50.6743,88.4826,86.84570000000001,86.3789,84.6737,112.3103,128.325,137.7417,140.212,168.8281,184.8722
"AIM 3.0","Very Low - SSP2","Rest of Asia (R10)","Capacity|Electricity|Coal","GW",1,179.2768,,192.0489,418.7423,4.7616,4.3617,5.0324,5.718800000000001,7.3193,8.8874,8.9264,8.8495,9.204799999999999,9.3431,9.5418,9.6963,9.770399999999999,9.801499999999999
"AIM 3.0","Very Low - SSP2","Rest of Asia (R10)","Capacity|Electricity|Fossil","GW",1,435.841,,447.2664,479.7912,28.3018,30.1117,20.5899,20.302,15.9345,18.6876,19.0304,19.7101,20.8976,21.6122,22.2403,23.0558,23.8352,24.9072
"AIM 3.0","Very Low - SSP2","Rest of Asia (R10)","Capacity|Electricity|Gas","GW",1,216.8201,,201.5395,58.0935,22.2872,24.2367,13.7548,12.4825,5.9575,6.5121,6.765499999999999,7.430099999999999,8.0695,8.5349,8.861,9.3951,9.984399999999999,10.8705
"AIM 3.0","Very Low - SSP2","Rest of Asia (R10)","Capacity|Electricity|Geothermal","GW",1,6.5923,,6.1347,7.8084,8.6187,8.6777,8.8668,9.2988,9.5412,9.747,9.5449,9.1139,9.1493,9.1075,9.0842,9.1008,9.123,9.0661
"AIM 3.0","Very Low - SSP2","Rest of Asia (R10)","Capacity|Electricity|Hydro","GW",1,80.7895,,101.0643,126.7781,116.7864,116.7239,116.5529,120.8758,119.9453,120.5159,111.1327,97.5023,83.6323,67.59440000000001,66.4209,66.612,66.8397,66.3355
"AIM 3.0","Very Low - SSP2","Rest of Asia (R10)","Capacity|Electricity|Nuclear","GW",1,28.7455,,35.6461,30.7077,54.2297,59.4993,66.01989999999999,74.6096,78.03349999999999,79.3133,73.3207,70.0716,70.3704,70.0779,69.779,67.8412,69.6664,69.1914
"AIM 3.0","Very Low - SSP2","Rest of Asia (R10)","Capacity|Electricity|Oil","GW",1,39.7441,,53.678,2.9554,1.253099999999999,1.5134,1.8026,2.1005,2.6578,3.2881,3.3384,3.430399999999999,3.6233,3.7343,3.8377,3.964399999999999,4.0804,4.235200000000001
"AIM 3.0","Very Low - SSP2","Rest of Asia (R10)","Capacity|Electricity|Solar|PV","GW",1,46.25219999999999,,75.6622,390.6861,1942.2987,2288.315,2560.1404,2624.3183,3151.5313,3774.3137,3875.6385,3989.35,4302.7619,4586.4424,4797.7425,5045.6415,5056.898,5097.487499999999
"AIM 3.0","Very Low - SSP2","Rest of Asia (R10)","Capacity|Electricity|Wind|Onshore","GW",1,7.8165,,41.3921,97.3788,237.6569,326.0405,436.8609,626.2243000000001,879.6768,1256.3322,1285.8179,1348.6573,1348.2726,1312.0163,1309.0537,1334.5003,1379.4657,1508.4062
"AIM 3.0","Very Low - SSP2","World","Capacity|Electricity|Biomass","GW",1,197.6881,,202.2701,11.824,13.0981,74.5596,168.9606,305.0274,597.1298,632.6606,667.7741,704.2731,766.4169,779.6686,793.9602,792.1985,740.9306,739.5432
"AIM 3.0","Very Low - SSP2","World","Capacity|Electricity|Coal","GW",1,2454.0904,,2785.4798,1977.0342,82.819,75.8123,64.2233,70.5922,66.0824,73.3094,75.542,76.6158,79.5995,81.5739,83.4855,85.4176,86.617,88.2428
"AIM 3.0","Very Low - SSP2","World","Capacity|Electricity|Fossil","GW",1,5082.6277,,5684.6796,3428.1418,356.0418,364.3291,316.5916,322.3689,211.4628,191.1474,189.855,216.5024,211.0538,212.3868,202.3751,174.1137,177.3385,181.7811
"AIM 3.0","Very Low - SSP2","World","Capacity|Electricity|Gas","GW",1,2285.8855,,2343.1407,1429.5096,258.2999,271.1568,232.9411,230.2681,120.6533,90.176,85.8482,110.9767,101.3097,99.8793,87.2348,56.1074,57.5592,59.6029
"AIM 3.0","Very Low - SSP2","World","Capacity|Electricity|Geothermal","GW",1,25.9274,,24.432,50.0264,62.6207,64.578,66.9137,69.851,71.9135,73.8797,73.1247,79.4044,87.1432,90.3569,94.4675,99.7222,104.2602,103.7471
"AIM 3.0","Very Low - SSP2","World","Capacity|Electricity|Hydro","GW",1,1263.6735,,1555.2589,1492.8386,1807.9981,1868.2474,2226.2966,2279.2117,2294.771,2257.1905,2140.2783,2082.8226,1985.3899,1966.6492,1960.3085,1953.8233,1949.151,1941.375
"AIM 3.0","Very Low - SSP2","World","Capacity|Electricity|Nuclear","GW",1,413.0873,,469.5206,395.8368,513.9063,645.9598,778.139,817.7881,888.7475,899.1314,880.3506,862.3076,847.0403,769.4496,616.7703,566.7707,497.621,463.9158
"AIM 3.0","Very Low - SSP2","World","Capacity|Electricity|Oil","GW",1,342.6517,,556.0591,21.598,14.9229,17.36,19.4273,21.5086,24.7271,27.662,28.4649,28.9099,30.1446,30.9337,31.6548,32.5887,33.1624,33.9353
"AIM 3.0","Very Low - SSP2","World","Capacity|Electricity|Other","GW",1,4.1193,,4.3207,1.8016,2.6507,3.133,3.405,3.7173,4.2534,4.3508,4.5015,4.54,4.69,4.7347,4.785600000000001,4.8623,4.8467,4.85
"AIM 3.0","Very Low - SSP2","World","Capacity|Electricity|Solar|PV","GW",1,737.6842,,1308.9538,4169.197,10141.138,11664.1701,12751.181,14373.8769,17527.0446,20671.6515,21400.6957,21805.0803,22814.4544,23828.2794,24399.522,24624.5453,24488.2188,24332.8751
"AIM 3.0","Very Low - SSP2","World","Capacity|Electricity|Wind|Onshore","GW",1,702.6933,,1001.6342,2111.5201,5827,6968.6142,8037.4776,9031.5685,10162.7013,11881.0452,12346.3081,12626.9636,13452.3427,14090.3618,14971.9896,15991.1044,17026.136,18100.6473
"AIM 3.0","High - SSP3","Africa (R10)","Capacity|Electricity|Biomass","GW",1,0.8,,0.8054,0.5003000000000001,0.6677000000000001,0.8302,0.841599999999999,0.8873000000000001,0.888699999999999,0.9099,0.8967,0.8817,0.9475,1.1654,1.4506,1.8193,2.2492,2.6249
"AIM 3.0","High - SSP3","Africa (R10)","Capacity|Electricity|Coal","GW",1,47.23,,53.0493,89.0783,90.2996,87.546,90.34299999999999,102.9478,116.6634,133.0594,126.047,125.0427,115.5295,164.425,75.9778,64.9868,41.0055,43.074
"AIM 3.0","High - SSP3","Africa (R10)","Capacity|Electricity|Fossil","GW",1,155.471,,164.1749,422.465,605.621,770.2519,775.7105,792.3507999999999,771.4318000000001,729.3827,640.3769,562.0717,505.1429,382.4024000000001,266.9018,288.2114,330.0099,390.7331
"AIM 3.0","High - SSP3","Africa (R10)","Capacity|Electricity|Gas","GW",1,98.2928,,99.82839999999999,332.2849,514.664,681.8782,684.5517,688.5589,653.93,595.4818,513.5319,436.2833,388.8123,216.9282,189.5415,221.4045,286.669,344.8765
"AIM 3.0","High - SSP3","Africa (R10)","Capacity|Electricity|Geothermal","GW",1,0.6936,,0.6738000000000001,1.384,1.3723,1.4339,1.718,1.9795,3.0196,3.392,3.4026,3.4181,3.4261,3.4334,3.4052,3.3893,3.362,3.3554
"AIM 3.0","High - SSP3","Africa (R10)","Capacity|Electricity|Hydro","GW",1,32.6172,,47.3934,66.2217,83.6932,93.5788,98.4083,102.8155,108.7299,124.9667,142.8421,167.7852,168.5789,168.9402,167.7003,166.9789,165.4188,164.8723
"AIM 3.0","High - SSP3","Africa (R10)","Capacity|Electricity|Nuclear","GW",1,2.2368,,2.2935,1.992,1.9409,1.947,1.9542,1.9647,1.9649,1.976899999999999,0.5664,0.5565,0.5981000000000001,0.7362000000000001,0.9168000000000001,1.1505,1.4229,1.661
"AIM 3.0","High - SSP3","Africa (R10)","Capacity|Electricity|Oil","GW",1,9.9481,,11.2972,1.1017,0.6574,0.8277,0.8158000000000001,0.8441000000000001,0.8384,0.8415,0.7979,0.7456,0.8011,1.0492,1.3824,1.8201,2.3354,2.7826
"AIM 3.0","High - SSP3","Africa (R10)","Capacity|Electricity|Solar|PV","GW",1,7.3338,,12.7079,52.8809,61.4577,129.7654,166.8786,257.657,278.4403,356.5914,473.1646,504.7294000000001,709.8380999999999,779.1141,1012.1938,1343.796,1646.8873,1862.8119
"AIM 3.0","High - SSP3","Africa (R10)","Capacity|Electricity|Wind|Onshore","GW",1,8.6772,,9.9265,48.6407,48.1052,42.61980000000001,24.7479,4.8139,1.181,1.1836,1.1717,17.6045,58.5997,382.7895,773.5437,1039.3963,1395.0899,1683.9411
"AIM 3.0","High - SSP3","China+ (R10)","Capacity|Electricity|Biomass","GW",1,25.0173,,31.433,1.8542,2.1367,2.0904,2.1347,2.1726,2.2088,2.2137,2.2075,2.2019,2.2245,2.2079,2.1825,2.1617,2.1744,2.1672
"AIM 3.0","High - SSP3","China+ (R10)","Capacity|Electricity|Coal","GW",1,1244.2284,,1483.4353,1042.6898,1237.9205,1160.7264,1214.9575,1206.5102,976.2176,992.5566,727.513,662.0573,658.9514,657.7568,664.5883,565.4791,676.0469,720.2103
"AIM 3.0","High - SSP3","China+ (R10)","Capacity|Electricity|Fossil","GW",1,1393.0254,,1898.7615,1053.9647,1245.3992,1168.0427,1222.4289,1214.1142,988.0783,1003.9835,735.2392,669.7638,666.7372,665.4845,672.2269,573.045,683.6572,727.8564
"AIM 3.0","High - SSP3","China+ (R10)","Capacity|Electricity|Gas","GW",1,127.6937,,260.0375,7.027,3.7393,3.6582,3.7357,3.802,7.995200000000001,7.553,3.8631,3.8533,3.8929,3.8638,3.8193,3.7829,3.8052,3.8535
"AIM 3.0","High - SSP3","China+ (R10)","Capacity|Electricity|Hydro","GW",1,429.0157,,571.7549,526.8397,523.5831,517.7007,833.9697,821.3793,792.0156,707.7749,590.2275,554.6338,451.0906,456.3462,461.5941,465.0117,472.8725,478.5581
"AIM 3.0","High - SSP3","China+ (R10)","Capacity|Electricity|Nuclear","GW",1,52.0093,,101.0515,32.6328,30.2441,30.3533,26.4067,26.6333,277.1334,279.0844,342.6331,345.0332,347.8081,351.8329,354.983,352.705,124.1775,66.6494
"AIM 3.0","High - SSP3","China+ (R10)","Capacity|Electricity|Oil","GW",1,21.1034,,155.2887,4.2478,3.7393,3.6582,3.7357,3.802,3.8655,3.874,3.8631,3.8533,3.8929,3.8638,3.8193,3.7829,3.8052,3.7926
"AIM 3.0","High - SSP3","China+ (R10)","Capacity|Electricity|Solar|PV","GW",1,267.8672,,351.2661,1081.9608,1443.4766,1497.2654,1552.5346,1594.0312,1384.2865,1319.0144,1199.3551,1242.725,1301.1482,1179.7187,1190.7867,1070.8393,1177.2244,1138.8272
"AIM 3.0","High - SSP3","China+ (R10)","Capacity|Electricity|Wind|Onshore","GW",1,239.7858,,347.3511,522.3167,530.4133,503.2932,438.5607,463.226,465.2455,473.2767,787.5765,843.0217,848.3364,863.8546,790.8935,958.2431,1203.6564,1248.796
"AIM 3.0","High - SSP3","Europe (R10)","Capacity|Electricity|Biomass","GW",1,85.9788,,83.9145,2.7068,1.0215,1.1459,1.2929,1.348,1.350899999999999,1.3751,1.4025,1.418499999999999,1.44,1.471199999999999,1.5065,1.5426,1.5883,1.6051
"AIM 3.0","High - SSP3","Europe (R10)","Capacity|Electricity|Coal","GW",1,199.1207,,247.3715,117.37,102.5876,67.2987,60.5909,55.005,34.6182,25.5767,23.5669,24.301,23.8804,23.2034,21.8386,21.9215,21.4412,21.69
"AIM 3.0","High - SSP3","Europe (R10)","Capacity|Electricity|Fossil","GW",1,527.0996,,560.7760000000001,157.0912,151.6661,132.0328,107.4287,87.2245,71.531,71.5978,47.7014,47.7135,46.51,46.18089999999999,44.8025,44.7131,42.6244,42.5075
"AIM 3.0","High - SSP3","Europe (R10)","Capacity|Electricity|Gas","GW",1,292.9726,,268.6285,37.9878,47.51779999999999,62.9838,44.86450000000001,30.1593,34.6753,43.7379,21.9856,21.2376,20.4207,20.72,20.6505,20.4214,18.7427,18.3498
"AIM 3.0","High - SSP3","Europe (R10)","Capacity|Electricity|Geothermal","GW",1,9.1405,,9.1252,8.5455,9.3202,9.8835,10.3639,10.5389,10.4588,10.6194,10.6248,11.0525,15.0788,19.3118,20.7718,20.7134,20.6107,20.6392
"AIM 3.0","High - SSP3","Europe (R10)","Capacity|Electricity|Hydro","GW",1,205.5014,,197.2328,161.8457,186.3902,195.1598,200.9168,209.4949,206.9571,209.2449,208.7763,209.1044,210.8975,208.6264,208.5478,208.3985,207.484,207.8509
"AIM 3.0","High - SSP3","Europe (R10)","Capacity|Electricity|Nuclear","GW",1,115.5718,,103.103,122.5703,123.4317,122.737,124.4696,124.2034,121.6256,122.9912,118.3904,115.4739,114.9839,112.9243,61.2547,25.8755,14.1869,5.9613
"AIM 3.0","High - SSP3","Europe (R10)","Capacity|Electricity|Oil","GW",1,35.0064,,44.7761,1.7334,1.5607,1.7503,1.9734,2.0601,2.2375,2.2831,2.149,2.1748,2.2089,2.2575,2.3132,2.3702,2.4405,2.4677
"AIM 3.0","High - SSP3","Europe (R10)","Capacity|Electricity|Other","GW",1,3.106,,3.3554,0.7987000000000001,0.8266,0.9283999999999991,1.0499,1.09,1.0864,1.1034,1.1246,1.134899999999999,1.150299999999999,1.1741,1.1998,1.2259,1.2615,1.2728
"AIM 3.0","High - SSP3","Europe (R10)","Capacity|Electricity|Solar|PV","GW",1,159.2997,,253.6404,253.0934,276.3134,394.8739,521.7106,534.2909,527.423,490.779,421.2472,427.4578999999999,452.4372,453.3217,555.4761000000001,629.102,696.9652,724.1374
"AIM 3.0","High - SSP3","Europe (R10)","Capacity|Electricity|Wind|Onshore","GW",1,233.6988,,242.5138,623.6253999999999,649.6432,782.9879000000001,950.3926000000001,1006.8492,1032.5988,1033.0506,1084.1796,1139.224,1182.5842,1272.793,1434.2608,1542.2212,1612.1989,1647.2451
"AIM 3.0","High - SSP3","India+ (R10)","Capacity|Electricity|Biomass","GW",1,7.5284,,8.3635,0.5341,0.659,0.6845,0.7083,0.6812,0.6817000000000001,0.7146,0.7599,0.8071,0.8688,0.9229,0.9590000000000001,0.9864,1.0098,1.0365
"AIM 3.0","High - SSP3","India+ (R10)","Capacity|Electricity|Coal","GW",1,249.44,,279.5143,185.2545,274.018,287.9605,275.8661,221.0326,120.8839,77.0929,85.6604,115.5053,140.3366,118.8295,129.2589,129.5257,124.9782,162.7764
"AIM 3.0","High - SSP3","India+ (R10)","Capacity|Electricity|Fossil","GW",1,282.6964,,319.1624,304.4431,354.8154,363.7974,359.9797,234.1726,179.4086,212.7599,217.0832,229.1287,245.1389,252.3942,254.1928,239.3706,212.977,176.9403
"AIM 3.0","High - SSP3","India+ (R10)","Capacity|Electricity|Gas","GW",1,28.458,,30.5843,118.3874,79.8089,74.8101,83.0512,12.1183,57.5021,134.595,130.2829,112.4127,103.4991,132.1803,123.4953,108.3654,86.4841,12.6091
"AIM 3.0","High - SSP3","India+ (R10)","Capacity|Electricity|Hydro","GW",1,54.0669,,74.5255,66.6858,76.8597,87.7823,94.7651,107.5747,107.1207,106.8492,106.764,106.668,106.4965,106.1095,106.1549,106.2968,105.9043,106.2574
"AIM 3.0","High - SSP3","India+ (R10)","Capacity|Electricity|Nuclear","GW",1,7.2471,,10.5944,6.0309,5.92,5.8534,5.7789,55.8107,149.7867,164.2418,180.522,196.756,212.8096,228.3468,244.7619,261.4283,276.7421,293.9979
"AIM 3.0","High - SSP3","India+ (R10)","Capacity|Electricity|Oil","GW",1,4.7984,,9.0637,0.8012,0.9885,1.0268,1.0624,1.0218,1.0226,1.0719,1.1399,1.2106,1.3031,1.3844,1.4385,1.4796,1.5147,1.5548
"AIM 3.0","High - SSP3","India+ (R10)","Capacity|Electricity|Solar|PV","GW",1,45.8609,,163.3245,608.5116,807.3643,841.9122,943.426,936.3457,745.7854,768.3384,832.2692,859.7744,936.2749,1064.6488,1098.6354,1151.2896,1231.1563,1234.2958
"AIM 3.0","High - SSP3","India+ (R10)","Capacity|Electricity|Wind|Onshore","GW",1,39.4352,,41.1407,31.9593,26.0036,16.5337,6.3057,6.4108,6.3912,6.3827,6.3647,6.3512,6.3391,6.2116,6.2133,6.2178,6.1548,40.0558
"AIM 3.0","High - SSP3","Latin America (R10)","Capacity|Electricity|Biomass","GW",1,22.4188,,20.0693,0.9246000000000001,0.8524,0.9515,1.061499999999999,1.116099999999999,1.17,1.1971,1.2396,1.2885,1.3391,1.4119,1.4766,1.539999999999999,1.9364,2.0746
"AIM 3.0","High - SSP3","Latin America (R10)","Capacity|Electricity|Coal","GW",1,17.8808,,22.1294,13.6116,8.2929,5.3264,5.1785,2.5651,1.2421,1.6383,0.8903000000000001,0.859,0.8927,0.9413,0.984499999999999,1.0266,1.291,1.3831
"AIM 3.0","High - SSP3","Latin America (R10)","Capacity|Electricity|Fossil","GW",1,187.9472,,183.7293,58.5825,53.5777,45.4658,41.0436,37.2834,36.1539,34.1261,29.8738,25.3976,29.2056,39.8743,43.0282,41.155,39.74890000000001,41.7722
"AIM 3.0","High - SSP3","Latin America (R10)","Capacity|Electricity|Gas","GW",1,124.6856,,121.6151,43.2195,44.4324,39.1877,34.8036,33.6023,33.7418,31.2907,27.7439,23.2501,26.9738,37.5211,40.56699999999999,38.5884,36.5215,38.3146
"AIM 3.0","High - SSP3","Latin America (R10)","Capacity|Electricity|Geothermal","GW",1,1.7546,,1.4922,20.5754,20.5734,20.4486,20.3501,20.2559,20.4161,20.1576,19.7213,19.4268,19.4199,19.4506,19.4616,19.4902,19.5268,19.5929
"AIM 3.0","High - SSP3","Latin America (R10)","Capacity|Electricity|Hydro","GW",1,163.1526,,230.4366,204.3198,298.9742,352.6723,386.261,428.7698,432.5693,425.8918,427.2131,426.0564,425.5572,431.7004,432.9672,428.9246,428.6396,427.3251
"AIM 3.0","High - SSP3","Latin America (R10)","Capacity|Electricity|Nuclear","GW",1,5.339700000000001,,5.6848,4.8681,4.9617,4.8847,4.8363,4.8893,4.929,4.3776,3.0531,3.0457,1.8272,0.774,0.7413000000000001,0.7731,0.9721000000000001,1.0415
"AIM 3.0","High - SSP3","Latin America (R10)","Capacity|Electricity|Oil","GW",1,45.3808,,39.9848,1.7514,0.8524,0.9515,1.061499999999999,1.116099999999999,1.17,1.1971,1.2396,1.2885,1.3391,1.4119,1.4766,1.539999999999999,1.9364,2.0746
"AIM 3.0","High - SSP3","Latin America (R10)","Capacity|Electricity|Solar|PV","GW",1,23.2501,,51.1656,139.6342,138.7988,126.4404,156.7556,191.8739,196.3346,195.6736,205.5014,235.0547,276.4626,341.7108,393.1841,442.9977,621.7825,691.9868
"AIM 3.0","High - SSP3","Latin America (R10)","Capacity|Electricity|Wind|Onshore","GW",1,30.9957,,47.3836,196.3671,212.5091,254.5099,293.6321,271.4573,309.2175,338.173,374.7476,405.6836,427.4422,441.3697,468.679,507.5132,739.7259,818.6795999999999
"AIM 3.0","High - SSP3","Middle East (R10)","Capacity|Electricity|Biomass","GW",1,0.3803,,0.3351,0.2793,0.3188,0.3563,0.4034,0.4529,0.5069,0.5397000000000001,0.5663,0.5887,0.6097,0.6202000000000001,0.6298,0.6491,0.714,0.6807000000000001
"AIM 3.0","High - SSP3","Middle East (R10)","Capacity|Electricity|Coal","GW",1,6.1712,,8.8574,2.6582,5.7969,4.5219,5.6637,6.9208,10.9795,10.0913,6.9783,8.7377,9.6914,12.7186,19.4854,16.1475,11.6462,9.1559
"AIM 3.0","High - SSP3","Middle East (R10)","Capacity|Electricity|Fossil","GW",1,359.8658,,365.8756,497.9529,572.1298,646.2703,724.473,820.4372,930.8843,997.4716,1057.9881,1100.4747,1094.4384,1108.468,1122.1582,1158.9637,1243.5538,791.0704
"AIM 3.0","High - SSP3","Middle East (R10)","Capacity|Electricity|Gas","GW",1,252.9494,,251.4139,489.9176,565.6953,641.0359,718.0026,812.6105,918.891,986.301,1049.8772,1090.5597,1083.5277,1094.509,1101.4132,1141.5179,1230.4796,780.553
"AIM 3.0","High - SSP3","Middle East (R10)","Capacity|Electricity|Hydro","GW",1,20.4527,,18.4876,17.8606,18.5043,22.0628,22.7062,22.8564,28.6709,28.5853,28.4859,28.4613,28.4987,28.5137,28.5324,28.6353,28.8303,29.1769
"AIM 3.0","High - SSP3","Middle East (R10)","Capacity|Electricity|Nuclear","GW",1,1.0043,,6.8424,1.2248,1.0473,1.0466,1.0409,1.0364,0.5552,0.5912000000000001,0.6204000000000001,0.6448,0.6678000000000001,0.6793,0.6899000000000001,0.7111000000000001,0.7821,0.7457
"AIM 3.0","High - SSP3","Middle East (R10)","Capacity|Electricity|Oil","GW",1,100.7452,,105.6043,5.3771,0.6377,0.7125,0.8067000000000001,0.9059,1.0137,1.0793,1.1326,1.1773,1.2193,1.2403,1.2596,1.2982,1.428,1.3615
"AIM 3.0","High - SSP3","Middle East (R10)","Capacity|Electricity|Solar|PV","GW",1,7.0258,,177.4852,39.5849,38.4358,33.4124,70.7813,89.5484,86.1867,85.8557,74.0637,77.0565,180.0816,191.9136,196.779,204.1263,306.5425,1144.6653
"AIM 3.0","High - SSP3","Middle East (R10)","Capacity|Electricity|Wind|Onshore","GW",1,0.8753000000000001,,3.8915,22.7372,22.6481,21.7649,18.5412,10.699,1.6123,1.367,1.4345,1.4911,1.5443,1.5709,1.5953,1.6442,1.8085,1.7244
"AIM 3.0","High - SSP3","North America (R10)","Capacity|Electricity|Biomass","GW",1,22.0962,,20.7945,1.3386,1.5349,1.9263,2.267,2.4531,2.6283,2.803,3.046299999999999,3.1126,3.3036,3.3979,3.5279,3.6126,3.7122,3.9314
"AIM 3.0","High - SSP3","North America (R10)","Capacity|Electricity|Coal","GW",1,304.0056,,267.8581,95.6395,21.0281,19.2268,30.8478,20.7967,10.0905,10.7886,11.785,12.0428,12.8288,13.2076,13.7369,14.0791,14.4838,15.3915
"AIM 3.0","High - SSP3","North America (R10)","Capacity|Electricity|Fossil","GW",1,849.5990999999999,,830.6815,453.4205,322.5798,246.659,182.1716,182.3926,128.9046,103.2361,84.0342,101.5087,102.5734,84.768,80.87289999999999,80.7334,79.1044,75.792
"AIM 3.0","High - SSP3","North America (R10)","Capacity|Electricity|Gas","GW",1,529.3939,,511.9127,355.9576,299.589,224.9715,148.4281,158.4623,115.4579,88.8696,68.3646,85.4946,85.5333,67.2298,62.6417,62.0532,59.8938,55.3988
"AIM 3.0","High - SSP3","North America (R10)","Capacity|Electricity|Geothermal","GW",1,5.474,,4.756,4.7402,4.7116,4.6312,4.5934,4.5822,4.5691,4.5177,4.586,4.4569,4.5484,4.5047,4.5443,4.5281,4.511,4.4728
"AIM 3.0","High - SSP3","North America (R10)","Capacity|Electricity|Hydro","GW",1,180.2956,,213.1323,166.7787,192.0518,200.1208,207.893,211.6559,216.8269,215.2579,216.2247,213.6094,214.9289,213.5105,213.7266,205.1012,204.6159,203.9134
"AIM 3.0","High - SSP3","North America (R10)","Capacity|Electricity|Nuclear","GW",1,130.7668,,137.639,131.3834,130.5677,128.5803,127.521,127.2272,125.5899,118.5233,115.9702,110.5157,109.5107,108.1015,109.0518,107.5068,80.2135,61.3756
"AIM 3.0","High - SSP3","North America (R10)","Capacity|Electricity|Oil","GW",1,16.1996,,50.9108,1.8235,1.9627,2.4608,2.8957,3.1337,3.3562,3.5779,3.8846,3.9713,4.2114,4.3305,4.4944,4.6013,4.726699999999999,5.001799999999999
"AIM 3.0","High - SSP3","North America (R10)","Capacity|Electricity|Other","GW",1,1.0164,,0.9691000000000001,0.976,1.1216,1.4062,1.654599999999999,1.7907,1.9179,2.0445,2.2198,2.2693,2.4065,2.4746,2.5682,2.629299999999999,2.701,2.8582
"AIM 3.0","High - SSP3","North America (R10)","Capacity|Electricity|Solar|PV","GW",1,78.7856,,122.8371,599.9675000000001,581.1693,539.7103,529.4971,682.6066,942.1775,1115.5945,1204.4818,1171.8047,1260.9963,1382.8747,1423.6515,1472.4644,1535.1477,1724.3198
"AIM 3.0","High - SSP3","North America (R10)","Capacity|Electricity|Wind|Onshore","GW",1,124.4973,,247.9984,422.073,850.7023,1437.0471,1908.8828,2084.2293,2254.9813,2449.8068,2747.9857,2857.4604,3062.334,3155.7737,3305.8914,3406.5715,3558.8383,3796.8778
"AIM 3.0","High - SSP3","Pacific OECD (R10)","Capacity|Electricity|Biomass","GW",1,9.3193,,10.1646,0.3508,0.2965,0.2953,0.299,0.3077,0.316,0.3221,0.3236,0.323999999999999,0.3485,0.3587,0.3599,0.3608,0.362299999999999,0.3689
"AIM 3.0","High - SSP3","Pacific OECD (R10)","Capacity|Electricity|Coal","GW",1,87.3022,,110.837,142.7856,134.2743,138.2414,154.5344,164.8497,192.4845,195.3442,199.1787,199.8347,201.8007,186.8811,141.9558,113.6281,77.5916,70.1262
"AIM 3.0","High - SSP3","Pacific OECD (R10)","Capacity|Electricity|Fossil","GW",1,257.6857,,267.1499,164.5792,194.5813,201.0632,213.8211,220.8124,216.3261,216.4574,210.5702,205.6313,208.0549,194.04,149.7981,121.4243,88.0428,79.59779999999999
"AIM 3.0","High - SSP3","Pacific OECD (R10)","Capacity|Electricity|Gas","GW",1,127.6995,,118.5745,21.3662,59.8622,62.3789,58.8381,55.5013,23.3675,20.6301,10.906,5.3106,5.7315,6.620900000000001,7.3024,7.2551,9.9079,8.9182
"AIM 3.0","High - SSP3","Pacific OECD (R10)","Capacity|Electricity|Geothermal","GW",1,2.1772,,2.1517,3.7601,4.0885,4.6028,5.3253,6.2667,7.2445,7.2728,8.0063,8.4677,8.5464,11.4022,15.9816,20.4076,26.1138,27.1538
"AIM 3.0","High - SSP3","Pacific OECD (R10)","Capacity|Electricity|Hydro","GW",1,28.7651,,32.5199,34.3564,36.7449,36.6991,36.6733,37.0855,37.19410000000001,37.1477,37.2083,36.83620000000001,35.6352,35.6851,35.624,35.6391,35.5295,35.5703
"AIM 3.0","High - SSP3","Pacific OECD (R10)","Capacity|Electricity|Nuclear","GW",1,32.8786,,28.9691,21.8439,11.7697,7.429699999999999,3.988099999999999,3.9974,4.0094,4.0193,4.0195,3.473,1.1989,7.604200000000001,30.736,36.68709999999999,36.715,36.7074
"AIM 3.0","High - SSP3","Pacific OECD (R10)","Capacity|Electricity|Oil","GW",1,42.684,,37.7385,0.4273,0.4448,0.4430000000000001,0.4486,0.4615,0.474,0.4831,0.4855,0.4859,0.5226000000000001,0.5381,0.5398000000000001,0.5412,0.5433,0.5535
"AIM 3.0","High - SSP3","Pacific OECD (R10)","Capacity|Electricity|Solar|PV","GW",1,93.61189999999999,,98.6665,46.82859999999999,55.2413,56.8079,67.9944,97.7182,111.1016,127.1799,136.7186,141.0521,176.6167,195.2048,189.9303,195.7079,192.8292,193.6
"AIM 3.0","High - SSP3","Pacific OECD (R10)","Capacity|Electricity|Wind|Onshore","GW",1,14.5798,,16.4601,69.914,73.7228,67.67620000000001,50.849,27.8343,19.4875,18.051,18.1531,20.3358,35.5595,42.1527,54.8186,78.7794,123.6934,145.665
"AIM 3.0","High - SSP3","Reforming Economies (R10)","Capacity|Electricity|Biomass","GW",1,14.4929,,13.8992,0.5237,0.558,0.5627,0.5858,0.6125,0.6439,0.6477,0.6635,0.6880000000000001,0.7118,0.7462000000000001,0.7488,0.7717,0.801,0.8022
"AIM 3.0","High - SSP3","Reforming Economies (R10)","Capacity|Electricity|Coal","GW",1,119.4973,,125.7703,156.7388,139.1741,95.6202,89.4951,85.2768,69.4048,57.6665,53.2558,50.2687,65.1498,81.7963,104.7202,134.1078,167.2246,166.5215
"AIM 3.0","High - SSP3","Reforming Economies (R10)","Capacity|Electricity|Fossil","GW",1,634.6134,,648.6891,393.7969,412.5874,387.8632,413.6103,439.7255,470.5443,487.3313,490.6978,485.7894,468.6957,446.0889,320.5138,332.048,368.7279,341.8133
"AIM 3.0","High - SSP3","Reforming Economies (R10)","Capacity|Electricity|Gas","GW",1,488.0597,,474.3384,235.9029,272.7158,291.5397,323.3829,353.6831,400.3346,428.8552,436.6127,434.6607,402.6561,363.3599,214.8576,196.9756,200.5021,174.2891
"AIM 3.0","High - SSP3","Reforming Economies (R10)","Capacity|Electricity|Geothermal","GW",1,0.1119,,0.1007,0.4028,0.4292,0.4328,0.4506,0.4711,0.4953,0.4983,0.5104000000000001,0.5292,0.5523,1.0132,2.2732,2.5008,2.5228,2.6942
"AIM 3.0","High - SSP3","Reforming Economies (R10)","Capacity|Electricity|Hydro","GW",1,69.5597,,70.6718,59.1316,82.2461,87.3683,87.7125,89.9231,98.7354,107.3181,134.1764,165.857,178.8514,216.6445,311.7184,312.4718,315.2553,318.8431
"AIM 3.0","High - SSP3","Reforming Economies (R10)","Capacity|Electricity|Nuclear","GW",1,37.513,,38.8669,42.398,41.8968,42.0695,42.0295,41.8457,41.0433,30.2026,20.1044,8.3845,7.2903,6.2295,2.8347,0.4843,0.5048,0.5056
"AIM 3.0","High - SSP3","Reforming Economies (R10)","Capacity|Electricity|Oil","GW",1,27.0564,,48.5804,1.1553,0.6975,0.7033,0.7323000000000001,0.7656000000000001,0.8049000000000001,0.8097000000000001,0.8293,0.8599,0.8898,0.9327000000000001,0.936,0.9646,1.0012,1.0027
"AIM 3.0","High - SSP3","Reforming Economies (R10)","Capacity|Electricity|Solar|PV","GW",1,8.6663,,8.4122,14.2175,20.5114,90.8651,103.7945,116.3082,130.2797,139.6315,149.0479,162.6827,171.2333,181.4235,192.8745,204.2985,201.7819,197.7474
"AIM 3.0","High - SSP3","Reforming Economies (R10)","Capacity|Electricity|Wind|Onshore","GW",1,2.6994,,5.7989,26.1617,26.254,34.9544,36.4207,38.6799,40.8969,42.6196,48.2626,69.3845,98.3736,108.577,110.3969,112.739,87.7141,117.1
"AIM 3.0","High - SSP3","Rest of Asia (R10)","Capacity|Electricity|Biomass","GW",1,9.773,,12.7308,0.7267,0.6965,0.7530999999999991,0.8013,0.844299999999999,0.8742000000000001,0.9122,0.9667000000000001,0.9952000000000001,1.0159,1.0269,1.086,1.161,1.2542,1.3326
"AIM 3.0","High - SSP3","Rest of Asia (R10)","Capacity|Electricity|Coal","GW",1,179.2753,,192.3101,461.8076,454.1177,452.9826,396.2171,408.6961,447.5537,466.8632,485.4329,496.0298,514.9063,517.6779,521.5056,508.8692,482.3858,488.7057
"AIM 3.0","High - SSP3","Rest of Asia (R10)","Capacity|Electricity|Fossil","GW",1,435.8372,,447.4916,508.4731,520.4977,514.2685,459.0569,458.4686,480.8351,494.0964,510.8668,522.6365999999999,527.7306,532.962,536.1764000000001,523.5071,516.3062,530.5352
"AIM 3.0","High - SSP3","Rest of Asia (R10)","Capacity|Electricity|Gas","GW",1,216.818,,201.5599,43.68940000000001,65.1612,59.968,61.4377,48.295,31.7515,25.6368,23.7422,24.8653,11.0464,13.4869,12.7702,12.6063,31.7257,39.4973
"AIM 3.0","High - SSP3","Rest of Asia (R10)","Capacity|Electricity|Geothermal","GW",1,6.5923,,6.1354,7.9669,9.13,9.1106,9.1222,9.1069,9.1012,9.1099,9.112,9.1104,9.1218,9.1333,9.1422,9.136,9.1248,9.1271
"AIM 3.0","High - SSP3","Rest of Asia (R10)","Capacity|Electricity|Hydro","GW",1,80.78880000000001,,101.1016,127.0338,124.4576,122.9705,120.1848,119.2551,114.7049,110.5569,105.3445,96.8422,82.84270000000001,67.4435,66.3479,66.2493,66.1521,66.1652
"AIM 3.0","High - SSP3","Rest of Asia (R10)","Capacity|Electricity|Nuclear","GW",1,28.7453,,35.6496,30.5611,30.2894,30.5885,42.2826,45.2966,40.6231,39.9636,34.7993,29.9128,34.1102,32.1682,32.7352,51.3974,67.0898,67.10210000000001
"AIM 3.0","High - SSP3","Rest of Asia (R10)","Capacity|Electricity|Oil","GW",1,39.7438,,53.6217,2.976099999999999,1.2188,1.3179,1.4022,1.4776,1.53,1.5964,1.6917,1.7415,1.778,1.7972,1.900399999999999,2.0318,2.1948,2.3321
"AIM 3.0","High - SSP3","Rest of Asia (R10)","Capacity|Electricity|Solar|PV","GW",1,46.2519,,75.6768,279.0306,544.8803,613.1885,889.4371,911.8206,923.4878000000001,935.4983,1013.2586,1111.5093,1143.9022,1182.7939,1256.1129,1372.7943,1537.1919,1680.1442
"AIM 3.0","High - SSP3","Rest of Asia (R10)","Capacity|Electricity|Wind|Onshore","GW",1,7.8164,,41.501,97.431,106.0652,165.9161,186.3864,212.9206,215.4981,246.4106,285.8714,287.4028,287.2781,287.7169,358.0689,423.4747,510.0969,572.6016
"AIM 3.0","High - SSP3","World","Capacity|Electricity|Biomass","GW",1,197.8049,,202.51,9.7391,8.7421,9.5963,10.3954,10.8756,11.2695,11.6352,12.0728,12.3059,12.8093,13.3292,13.9278,14.6053,15.8014,16.6242
"AIM 3.0","High - SSP3","World","Capacity|Electricity|Coal","GW",1,2454.1515,,2791.1328,2307.634,2467.5096,2319.4507,2323.6942,2274.6007,1980.1384,1970.6775,1720.3083,1694.6791,1743.9677,1777.4377,1694.0521,1569.7715,1618.0949,1699.0345
"AIM 3.0","High - SSP3","World","Capacity|Electricity|Fossil","GW",1,5083.8408,,5686.4919,4014.769,4433.4552,4475.7148,4499.7244,4486.982,4274.098,4350.4427,4024.4317,3950.1159,3894.2279,3752.6632,3490.6714,3403.1719,3604.7526,3198.6181
"AIM 3.0","High - SSP3","World","Capacity|Electricity|Gas","GW",1,2287.0233,,2338.4929,1685.7403,1953.1859,2142.412,2161.0961,2196.7929,2277.6468,2362.9512,2286.9101,2237.928,2132.0941,1956.4199,1777.0587,1812.9705,1964.7315,1476.6598
"AIM 3.0","High - SSP3","World","Capacity|Electricity|Geothermal","GW",1,25.9441,,24.435,47.3748,49.6252,50.5434,51.9236,53.2014,55.3046,55.5678,55.9634,56.4615,60.6937,68.2492,75.5799,80.1653,85.7719,87.0354
"AIM 3.0","High - SSP3","World","Capacity|Electricity|Hydro","GW",1,1264.2157,,1557.2563,1431.0738,1623.5051,1716.1154,2089.4908,2150.8101,2143.5247,2073.5933,1997.2628,2005.8536,1903.3776,1933.5201,2032.9135,2023.7072,2030.7023,2038.5327
"AIM 3.0","High - SSP3","World","Capacity|Electricity|Nuclear","GW",1,413.3127,,470.6944,395.5055,382.0692,375.49,380.3078,432.9046,767.2606,765.972,820.6786,813.796,830.8048,849.3967,838.7052,838.7189,602.8067,535.7474
"AIM 3.0","High - SSP3","World","Capacity|Electricity|Oil","GW",1,342.6661,,556.8662,21.3947,12.7598,13.8521,14.9342,15.5884,16.3128,16.814,17.2133,17.5089,18.1661,18.8056,19.5606,20.4299,21.9262,22.9239
"AIM 3.0","High - SSP3","World","Capacity|Electricity|Other","GW",1,4.1225,,4.3245,1.7746,1.9482,2.3346,2.7045,2.8807,3.0042,3.1479,3.3444,3.4042,3.5568,3.6487,3.768,3.8552,3.9625,4.131
"AIM 3.0","High - SSP3","World","Capacity|Electricity|Solar|PV","GW",1,737.9534,,1315.1826,3115.7096,3967.6488,4324.2414,5002.8097,5412.2006,5325.503,5534.1567,5709.1082,5933.8467,6608.9912,6952.7246,7509.6244,8087.416,9147.509,10592.5359
"AIM 3.0","High - SSP3","World","Capacity|Electricity|Wind|Onshore","GW",1,703.0611,,1003.9655,2061.2261,2546.0668,3327.3031,3914.7193,4127.1203,4347.1102,4610.3217,5355.7475,5647.9597,6008.3911,6562.8098,7304.3612,8076.8005,9238.9771,10072.6865
"AIM 3.0","High - SSP5","Africa (R10)","Capacity|Electricity|Biomass","GW",1,0.8,,0.8055000000000001,0.4907,0.652199999999999,0.8571000000000001,0.9387000000000001,1.0017,1.0218,1.1237,1.2627,1.5268,1.8892,2.4568,3.1854,3.8934,4.7403,5.6111
"AIM 3.0","High - SSP5","Africa (R10)","Capacity|Electricity|Coal","GW",1,47.2216,,53.00109999999999,88.0245,85.704,88.62859999999999,127.8636,165.5506,168.6114,178.0745,198.8135,216.2813,248.6183,327.7057,167.3682,172.8437,158.4009,133.5882
"AIM 3.0","High - SSP5","Africa (R10)","Capacity|Electricity|Fossil","GW",1,155.4559,,164.14,411.1788,590.6772000000001,796.2205,829.8294,840.6279,705.2820999999999,770.2979,828.7371,857.7093,1066.3329,1002.5766,749.0882,766.6216999999999,751.6538,838.7499
"AIM 3.0","High - SSP5","Africa (R10)","Capacity|Electricity|Gas","GW",1,98.2882,,99.82209999999999,322.0728,504.3276,706.7443999999999,701.0920000000001,674.1829,535.8015,591.2711999999999,628.8751000000001,640.1415999999999,816.0784,672.6412,578.7274,590.0648,588.6571,699.6606
"AIM 3.0","High - SSP5","Africa (R10)","Capacity|Electricity|Geothermal","GW",1,0.6935,,0.6737000000000001,1.3809,1.3636,1.4201,1.6971,1.9537,2.9842,3.3411,3.4807,3.3235,3.3087,3.2976,3.2738,3.2477,3.2314,3.2299
"AIM 3.0","High - SSP5","Africa (R10)","Capacity|Electricity|Hydro","GW",1,32.6113,,47.2991,66.256,82.7313,92.57140000000001,96.8993,100.9529,108.8218,122.2993,144.6474,162.4767,162.1684,161.7042,160.7009,159.5408,158.79,158.6953
"AIM 3.0","High - SSP5","Africa (R10)","Capacity|Electricity|Nuclear","GW",1,2.2366,,2.2936,1.9874,1.9253,1.9361,1.9635,1.9873,2.0113,2.0277,0.7969,0.9638000000000001,1.1928,1.551899999999999,2.013,2.4607,2.996499999999999,3.5475
"AIM 3.0","High - SSP5","Africa (R10)","Capacity|Electricity|Oil","GW",1,9.9462,,11.3168,1.0815,0.6457,0.8475,0.8739,0.8944000000000001,0.8692000000000001,0.9522,1.0485,1.2864,1.6361,2.2297,2.9926,3.7132,4.5959,5.5011
"AIM 3.0","High - SSP5","Africa (R10)","Capacity|Electricity|Solar|PV","GW",1,7.333,,12.708,52.7603,62.429,148.3551,267.3274,390.3578,688.4234,774.6895999999999,940.1198,1471.7404,1920.5615,2224.273,2559.5556,3191.1449,3808.495,4307.0464
"AIM 3.0","High - SSP5","Africa (R10)","Capacity|Electricity|Wind|Onshore","GW",1,8.676400000000001,,9.9268,48.535,46.3875,41.9263,24.0825,4.758199999999999,1.4565,1.4762,1.6623,2.007,2.4759,571.0426,1642.3728,2188.8931,2954.2699,3718.1607
"AIM 3.0","High - SSP5","China+ (R10)","Capacity|Electricity|Biomass","GW",1,25.0173,,31.4116,1.8626,2.2247,2.2474,2.3746,2.6305,2.8352,2.9912,3.1003,3.1742,3.3004,3.3437,3.3888,3.4153,3.4423,3.4645
"AIM 3.0","High - SSP5","China+ (R10)","Capacity|Electricity|Coal","GW",1,1244.2278,,1483.5845,1049.8987,1313.9518,1298.0716,1418.9307,1567.3088,1733.1176,1804.9305,1816.0683,1398.7895,1395.1255,1382.2001,1396.4947,1002.3484,940.8504,947.9536
"AIM 3.0","High - SSP5","China+ (R10)","Capacity|Electricity|Fossil","GW",1,1393.0249,,1898.7109,1061.219,1321.7383,1305.9373,1430.3547,1576.8866,1747.8564,1816.9351,1829.9017,1409.8991,1406.6767,1393.9032,1410.0092,1014.9443,952.8984,960.0795
"AIM 3.0","High - SSP5","China+ (R10)","Capacity|Electricity|Gas","GW",1,127.6937,,259.7987,7.0528,3.8933,3.9329,7.2685,4.9744,9.7772,6.77,8.4079,5.5548,5.7756,5.8515,7.5841,6.6191,6.024,6.063
"AIM 3.0","High - SSP5","China+ (R10)","Capacity|Electricity|Hydro","GW",1,429.0155,,571.7549,525.5898,518.8466,510.122,816.5357,797.615,765.2859,678.0068,562.2474,523.591,421.3979,421.049,420.6524,416.9328,415.8646,415.5734
"AIM 3.0","High - SSP5","China+ (R10)","Capacity|Electricity|Nuclear","GW",1,52.0093,,100.9981,32.5554,29.9705,29.9089,25.8547,25.8627,6.3236,6.3133,6.3149,6.3019,6.2863,6.2806,5.4831,3.0004,3.0573,3.0771
"AIM 3.0","High - SSP5","China+ (R10)","Capacity|Electricity|Oil","GW",1,21.1033,,155.3277,4.2675,3.8933,3.9329,4.1555,4.6034,4.9616,5.2346,5.4255,5.5548,5.7756,5.8515,5.9304,5.9768,6.024,6.063
"AIM 3.0","High - SSP5","China+ (R10)","Capacity|Electricity|Solar|PV","GW",1,267.867,,351.1875,1095.7465,1548.1856,1676.3618,1825.5887,2201.9335,2504.1541,2706.9935,2799.5765,2266.5588,2417.8142,2413.2349,2272.5254,2270.6691,2211.3975,2229.633
"AIM 3.0","High - SSP5","China+ (R10)","Capacity|Electricity|Wind|Onshore","GW",1,239.7857,,347.3487,520.9527,525.556,495.2381,429.4716,448.3266,448.6777,519.6373,645.6548,1650.0116,1801.672,1897.1127,2017.6179,2660.5975,2830.4362,2852.1985
"AIM 3.0","High - SSP5","Europe (R10)","Capacity|Electricity|Biomass","GW",1,85.98270000000001,,83.9157,2.7706,1.1516,1.335799999999999,1.563999999999999,1.7103,1.870299999999999,2.0191,2.1685,2.3188,2.457099999999999,2.5919,2.726299999999999,2.8479,2.9677,3.0724
"AIM 3.0","High - SSP5","Europe (R10)","Capacity|Electricity|Coal","GW",1,199.1236,,247.4464,121.5865,97.2282,60.8162,50.2591,44.6369,32.0005,25.6107,23.9168,25.4962,26.4519,27.1344,25.8629,24.249,23.9115,20.2418
"AIM 3.0","High - SSP5","Europe (R10)","Capacity|Electricity|Fossil","GW",1,527.1135,,560.8083,150.415,150.1391,123.0437,71.0871,58.6857,60.77979999999999,63.2236,43.9721,45.8488,47.4291,49.0227,49.0931,48.677,52.3388,56.4886
"AIM 3.0","High - SSP5","Europe (R10)","Capacity|Electricity|Gas","GW",1,292.9837,,268.6271,27.0053,51.15279999999999,60.1903,18.4453,11.4441,25.9316,34.5395,16.7553,16.8243,17.2392,17.9459,19.0843,20.0974,23.9155,31.5751
"AIM 3.0","High - SSP5","Europe (R10)","Capacity|Electricity|Geothermal","GW",1,9.1406,,9.1247,8.5614,9.299800000000001,9.8931,10.8686,11.8958,12.2656,12.6662,12.8613,13.3007,17.2213,21.4624,23.8519,24.888,24.665,24.6524
"AIM 3.0","High - SSP5","Europe (R10)","Capacity|Electricity|Hydro","GW",1,205.5045,,197.1672,162.4068,186.5565,196.2905,197.8066,203.5464,202.6853,202.6086,202.8196,202.9783,202.7775,203.2269,201.3232,201.9838,199.9562,200.2701
"AIM 3.0","High - SSP5","Europe (R10)","Capacity|Electricity|Nuclear","GW",1,115.5765,,103.1071,123.4835,123.6803,123.9555,121.3132,120.0331,119.2704,116.1218,111.3738,107.7411,106.5983,104.2316,53.50089999999999,19.2209,7.8624,2.3447
"AIM 3.0","High - SSP5","Europe (R10)","Capacity|Electricity|Oil","GW",1,35.0064,,44.7349,1.8233,1.7582,2.0373,2.3827,2.6047,2.8477,3.0735,3.3,3.5282,3.738099999999999,3.9423,4.145799999999999,4.330500000000001,4.5119,4.6717
"AIM 3.0","High - SSP5","Europe (R10)","Capacity|Electricity|Other","GW",1,3.106099999999999,,3.3556,0.8165,0.9348000000000001,1.0875,1.2778,1.3984,1.5303,1.6538,1.777299999999999,1.9015,2.016299999999999,2.1282,2.2402,2.3409,2.4404,2.5252
"AIM 3.0","High - SSP5","Europe (R10)","Capacity|Electricity|Solar|PV","GW",1,159.3074,,253.2814,307.0867,521.2641,599.5394,590.8303999999999,592.2228,696.452,781.7908,831.1928,929.8728000000001,1003.4004,1079.1284,1273.4095,1416.5714,1546.7575,1718.0925
"AIM 3.0","High - SSP5","Europe (R10)","Capacity|Electricity|Wind|Onshore","GW",1,233.7091,,242.262,636.8000000000001,744.872,896.3269,1181.3949,1337.5205,1496.7523,1669.1644,1871.4605,2037.4181,2183.332,2326.1944,2563.3541,2768.0302,2942.0117,3086.1388
"AIM 3.0","High - SSP5","India+ (R10)","Capacity|Electricity|Biomass","GW",1,7.5286,,8.3637,0.5649000000000001,0.712,0.7649,0.8269000000000001,0.8163,0.8482000000000001,0.9438000000000001,1.0661,1.1816,1.2987,1.4137,1.5282,1.6344,1.7562,1.8759
"AIM 3.0","High - SSP5","India+ (R10)","Capacity|Electricity|Coal","GW",1,249.4448,,279.5707,190.1956,282.6401,269.5862,258.3055,223.0835,115.3629,90.023,139.5671,137.3133,132.3465,129.8112,128.6165,128.3028,127.9605,152.1957
"AIM 3.0","High - SSP5","India+ (R10)","Capacity|Electricity|Fossil","GW",1,282.7012,,319.2777,316.5412,389.6284,393.8102,392.9787,307.3625,271.5879,317.5207,359.8812,345.032,323.9167,314.1137,293.4549,213.6193,168.7685,185.6088
"AIM 3.0","High - SSP5","India+ (R10)","Capacity|Electricity|Gas","GW",1,28.458,,30.635,125.4983,105.9202,123.0766,133.4329,83.0545,154.9528,226.0821,218.7149,205.9462,189.6221,182.1819,162.5461,82.8649,38.1737,30.5991
"AIM 3.0","High - SSP5","India+ (R10)","Capacity|Electricity|Hydro","GW",1,54.0679,,74.5119,66.0155,75.7923,85.4168,91.0457,102.608,102.2803,101.3046,100.9513,99.372,97.9019,96.7819,95.7139,94.1409,95.6349,96.5778
"AIM 3.0","High - SSP5","India+ (R10)","Capacity|Electricity|Nuclear","GW",1,7.2473,,10.5868,5.9703,5.8378,5.6956,5.5521,34.6697,143.0184,155.719,170.6936,183.2981,195.6353,208.2739,220.688,231.532,249.9068,267.2158
"AIM 3.0","High - SSP5","India+ (R10)","Capacity|Electricity|Oil","GW",1,4.7984,,9.0721,0.8473,1.068,1.1474,1.2403,1.2245,1.2722,1.4157,1.5992,1.7725,1.9481,2.1206,2.2923,2.4516,2.6343,2.8139
"AIM 3.0","High - SSP5","India+ (R10)","Capacity|Electricity|Solar|PV","GW",1,45.8618,,163.0257,687.2555,908.2424,1087.754,1320.854,1356.8421,1173.3074,1377.1801,1582.9837,1975.9099,2393.2377,2771.1082,3171.9527,3664.5157,3217.4613,3089.2704
"AIM 3.0","High - SSP5","India+ (R10)","Capacity|Electricity|Wind|Onshore","GW",1,39.436,,41.1417,30.676,25.1036,15.693,5.8459,5.9733,5.9737,5.8828,5.8844,5.6752,5.5129,5.3963,5.2904,23.2265,631.1028,902.9528
"AIM 3.0","High - SSP5","Latin America (R10)","Capacity|Electricity|Biomass","GW",1,22.419,,20.0696,0.909999999999999,0.836199999999999,0.9729000000000001,1.1243,1.2581,1.393,1.524,1.7085,1.9458,2.1767,2.4937,2.9798,3.4142,3.7786,4.584099999999999
"AIM 3.0","High - SSP5","Latin America (R10)","Capacity|Electricity|Coal","GW",1,17.8808,,22.1458,13.8317,8.597199999999999,5.0926,6.1125,4.0696,2.018,1.674,1.6198,1.2972,1.4511,1.6625,1.9865,2.2762,2.5191,3.056
"AIM 3.0","High - SSP5","Latin America (R10)","Capacity|Electricity|Fossil","GW",1,187.9502,,183.7502,56.07389999999999,59.8142,70.8989,52.21080000000001,54.1272,41.62269999999999,49.8193,36.6798,41.9532,59.8622,64.1842,59.5873,61.28530000000001,59.8573,79.50030000000001
"AIM 3.0","High - SSP5","Latin America (R10)","Capacity|Electricity|Gas","GW",1,124.6887,,121.6195,40.5067,50.3808,64.8334,44.974,48.79949999999999,38.2118,46.6213,33.3514,38.7103,56.2344,60.0279,54.6211,55.59480000000001,53.55970000000001,71.8601
"AIM 3.0","High - SSP5","Latin America (R10)","Capacity|Electricity|Geothermal","GW",1,1.7547,,1.4931,20.6502,20.4683,20.2936,20.3035,20.2824,20.7028,20.3148,20.1581,19.7825,19.7542,19.8115,19.5846,19.3807,18.8817,18.7388
"AIM 3.0","High - SSP5","Latin America (R10)","Capacity|Electricity|Hydro","GW",1,163.1539,,230.5067,205.3082,292.7972,351.1175,387.682,424.7687,424.0593,416.8742,420.7705,417.7893,416.6376,416.3918,414.3992,414.2226,416.627,418.8759
"AIM 3.0","High - SSP5","Latin America (R10)","Capacity|Electricity|Nuclear","GW",1,5.3398,,5.6864,4.8789,4.862,4.8609,4.8426,4.8302,4.8222,4.2769,3.002799999999999,2.9823,2.0749,1.2519,1.4958,1.714,1.8969,2.301199999999999
"AIM 3.0","High - SSP5","Latin America (R10)","Capacity|Electricity|Oil","GW",1,45.3809,,39.9848,1.7354,0.836199999999999,0.9729000000000001,1.1243,1.2581,1.393,1.524,1.7085,1.9458,2.1767,2.4937,2.9798,3.4142,3.7786,4.584099999999999
"AIM 3.0","High - SSP5","Latin America (R10)","Capacity|Electricity|Solar|PV","GW",1,23.2507,,51.1871,128.7942,136.0026,153.4517,163.5895,258.7589,249.3322,283.0292,329.4186,466.4734999999999,558.0726,754.4066,1027.6856,1263.482,1476.8407,1582.0183
"AIM 3.0","High - SSP5","Latin America (R10)","Capacity|Electricity|Wind|Onshore","GW",1,30.9962,,47.39709999999999,194.9157,197.4052,222.5165,317.907,326.858,443.6292,522.9392,653.0055,770.9475,892.3053,1055.605,1333.6745,1575.3424,1774.0669,2284.4988
"AIM 3.0","High - SSP5","Middle East (R10)","Capacity|Electricity|Biomass","GW",1,0.3803,,0.3351,0.2787,0.3226,0.3745,0.4552,0.5428000000000001,0.6377,0.7178,0.7982,0.8793000000000001,0.9615,1.0382,1.1774,1.3178,1.4562,1.5557
"AIM 3.0","High - SSP5","Middle East (R10)","Capacity|Electricity|Coal","GW",1,6.1713,,8.8619,5.7732,5.7972,4.6219,7.9359,9.8923,14.0684,20.3682,24.6367,20.5888,23.1312,19.2811,14.7368,15.341,10.9884,6.6661
"AIM 3.0","High - SSP5","Middle East (R10)","Capacity|Electricity|Fossil","GW",1,359.8732,,365.9246,495.2747,569.0399,666.0815,816.7349,860.9048,1060.5624,1226.2766,1231.0114,1310.281,1217.905,1316.3144,1436.7805,1515.8492,1356.6711,1451.2051
"AIM 3.0","High - SSP5","Middle East (R10)","Capacity|Electricity|Gas","GW",1,252.955,,251.4205,484.1326,562.5974,660.7107,807.8886,849.9268,1045.2186,1204.4728,1204.7782,1287.9337,1192.8508,1294.9568,1419.6889,1497.8726,1342.7703,1441.4276
"AIM 3.0","High - SSP5","Middle East (R10)","Capacity|Electricity|Hydro","GW",1,20.4533,,18.4881,17.8277,18.4219,21.8901,22.3752,22.4815,28.197,28.0038,27.8901,27.845,27.8465,27.9538,28.0573,28.1056,27.7972,27.7716
"AIM 3.0","High - SSP5","Middle East (R10)","Capacity|Electricity|Nuclear","GW",1,1.0043,,6.8426,1.2225,1.0427,1.0384,1.0258,1.0194,0.6986,0.7863,0.8744000000000001,0.9632000000000001,1.0533,1.1373,1.2898,1.4436,1.5952,1.7042
"AIM 3.0","High - SSP5","Middle East (R10)","Capacity|Electricity|Oil","GW",1,100.7469,,105.6422,5.3689,0.6453,0.749,0.9104000000000001,1.0857,1.2754,1.4356,1.5965,1.7586,1.923,2.0765,2.3548,2.6356,2.9124,3.1115
"AIM 3.0","High - SSP5","Middle East (R10)","Capacity|Electricity|Solar|PV","GW",1,7.026,,177.2843,39.5016,62.114,70.2131,94.2854,389.3651,370.0716,352.5865,687.7042,872.1068,1426.2944,1549.809,1897.1232,2334.1181,3284.9492,3516.6286
"AIM 3.0","High - SSP5","Middle East (R10)","Capacity|Electricity|Wind|Onshore","GW",1,0.8754000000000001,,3.8904,22.6953,22.5473,21.5945,18.2709,10.5235,1.7451,1.8182,2.0219,2.2273,2.4356,2.6299,2.9824,3.3381,3.6886,3.9407
"AIM 3.0","High - SSP5","North America (R10)","Capacity|Electricity|Biomass","GW",1,22.0959,,20.7379,1.3442,1.6124,2.1965,2.7051,3.1943,3.6114,4.0464,4.519500000000001,4.942699999999999,5.3554,5.8296,6.2523,6.853,7.2801,7.688599999999999
"AIM 3.0","High - SSP5","North America (R10)","Capacity|Electricity|Coal","GW",1,304.0056,,267.8581,81.7918,22.2005,19.7424,23.9658,12.2637,13.9354,15.6208,17.4718,19.0916,20.6765,22.5224,24.1242,26.5067,28.191,29.8117
"AIM 3.0","High - SSP5","North America (R10)","Capacity|Electricity|Fossil","GW",1,849.599,,830.699,433.4665,374.0829,310.494,227.1239,200.6934,195.3541,226.6511,232.9318,244.7346,239.0294,205.135,179.9637,159.1079,141.2825,89.6386
"AIM 3.0","High - SSP5","North America (R10)","Capacity|Electricity|Gas","GW",1,529.3937000000001,,511.909,349.8429,349.8209,287.9474,199.7041,184.3515,176.8084,205.8649,209.6928,219.3342,211.5166,175.1723,147.8572,123.8568,103.8045,50.02160000000001
"AIM 3.0","High - SSP5","North America (R10)","Capacity|Electricity|Geothermal","GW",1,5.474,,4.7561,4.7381,4.7073,4.6405,4.5553,4.5841,4.5266,4.5128,4.4979,4.4846,4.4771,4.4761,4.6537,5.117,5.4439,5.7592
"AIM 3.0","High - SSP5","North America (R10)","Capacity|Electricity|Hydro","GW",1,180.2743,,212.1516,166.2225,191.9859,200.1248,206.445,211.3519,215.1636,214.531,213.6017,203.9952,202.3978,203.0658,202.6434,207.6625,206.4631,206.1517
"AIM 3.0","High - SSP5","North America (R10)","Capacity|Electricity|Nuclear","GW",1,130.7657,,137.635,131.336,130.4633,128.7871,126.4972,127.2317,124.4632,118.3535,113.8183,110.8697,107.7571,107.6278,106.7918,104.9765,78.566,60.4625
"AIM 3.0","High - SSP5","North America (R10)","Capacity|Electricity|Oil","GW",1,16.1997,,50.9321,1.831699999999999,2.0614,2.8042,3.454,4.0782,4.6104,5.1654,5.767300000000001,6.3088,6.8364,7.440300000000001,7.9823,8.7444,9.287,9.805299999999999
"AIM 3.0","High - SSP5","North America (R10)","Capacity|Electricity|Other","GW",1,1.0165,,0.9691000000000001,0.9799,1.178,1.602399999999999,1.9737,2.3304,2.6345,2.951699999999999,3.2956,3.605,3.9064,4.2516,4.5614,4.9968,5.3068,5.603
"AIM 3.0","High - SSP5","North America (R10)","Capacity|Electricity|Solar|PV","GW",1,78.7853,,122.3893,710.6413,700.8264,831.0754,1043.5175,1714.1095,2147.3386,2616.656,2914.5025,2958.4154,3077.5435,3059.1168,3155.9461,3336.0063,3635.7692,4077.6826
"AIM 3.0","High - SSP5","North America (R10)","Capacity|Electricity|Wind|Onshore","GW",1,124.4951,,246.9729,401.0913,841.1305,1588.4591,2172.5012,2449.5962,2665.7859,2875.731,3325.2045,3904.659,4531.5762,5318.0244,5927.407,6673.038,7182.7806,7607.7182
"AIM 3.0","High - SSP5","Pacific OECD (R10)","Capacity|Electricity|Biomass","GW",1,9.318999999999999,,10.164,0.3517,0.3123,0.3473,0.3931,0.4501,0.5183,0.5868,0.6456000000000001,0.6956,0.7472000000000001,0.8085,0.8822000000000001,0.9718,1.0161,1.0392
"AIM 3.0","High - SSP5","Pacific OECD (R10)","Capacity|Electricity|Coal","GW",1,87.2979,,110.7204,141.3944,137.745,150.9576,165.8296,162.4964,170.9339,183.4883,184.6985,187.4572,186.139,173.0337,160.7605,163.9568,137.4851,110.2186
"AIM 3.0","High - SSP5","Pacific OECD (R10)","Capacity|Electricity|Fossil","GW",1,257.6768,,267.0277,161.2381,190.8958,202.4143,194.1805,185.8073,188.7137,203.4037,209.7391,212.9838,217.653,219.2643,227.4567,239.0853,213.8224,187.2605
"AIM 3.0","High - SSP5","Pacific OECD (R10)","Capacity|Electricity|Gas","GW",1,127.6949,,118.5682,19.4153,52.6824,50.9358,27.7614,21.5952,16.5087,19.0351,24.0723,24.4832,30.3932,45.0179,65.3728,73.6708,74.8133,75.48320000000001
"AIM 3.0","High - SSP5","Pacific OECD (R10)","Capacity|Electricity|Geothermal","GW",1,2.177,,2.1513,3.759699999999999,4.0876,4.6044,5.315300000000001,6.2242,7.1455,7.1499,7.8533,8.2879,8.3504,11.17,16.2052,23.5248,29.9465,30.2089
"AIM 3.0","High - SSP5","Pacific OECD (R10)","Capacity|Electricity|Hydro","GW",1,28.7638,,32.5107,34.4606,36.7499,36.7214,36.5697,36.7713,36.6726,36.5119,36.4949,36.0554,34.72790000000001,34.8584,35.2806,36.0996,36.0612,35.7078
"AIM 3.0","High - SSP5","Pacific OECD (R10)","Capacity|Electricity|Nuclear","GW",1,32.8786,,28.9691,21.8553,11.7621,7.4249,3.991,3.998999999999999,4.0259,4.0522,4.0694,2.5103,1.694799999999999,8.601600000000001,25.5392,25.5633,25.595,28.2697
"AIM 3.0","High - SSP5","Pacific OECD (R10)","Capacity|Electricity|Oil","GW",1,42.6839,,37.7392,0.4285,0.4685,0.5209,0.5896,1.7157,1.2711,0.8802000000000001,0.9684,1.0434,1.1208,1.2128,1.3234,1.4576,1.524,1.5588
"AIM 3.0","High - SSP5","Pacific OECD (R10)","Capacity|Electricity|Solar|PV","GW",1,93.6077,,98.644,53.4372,72.3661,92.42830000000001,133.9683,169.399,217.0459,274.7424,323.0799,372.4576,426.0032,494.3114,564.1226,636.5059,655.2637,665.8870999999999
"AIM 3.0","High - SSP5","Pacific OECD (R10)","Capacity|Electricity|Wind|Onshore","GW",1,14.5783,,16.4565,71.5453,88.5745,113.5966,160.046,218.778,272.19,317.6286,367.4718,410.0287,458.9362,499.2761,521.8369,579.0978,649.0237,706.9358
"AIM 3.0","High - SSP5","Reforming Economies (R10)","Capacity|Electricity|Biomass","GW",1,14.4929,,13.8992,0.5243,0.559,0.5717,0.6234000000000001,0.6774,0.7356,0.7814,0.8412000000000001,0.9077000000000001,0.972,1.0307,1.1196,1.1875,1.2731,1.3468
"AIM 3.0","High - SSP5","Reforming Economies (R10)","Capacity|Electricity|Coal","GW",1,119.4969,,125.8302,158.5543,139.7871,100.2811,96.7559,91.5568,79.8652,65.7156,61.9109,58.5311,81.4439,106.5533,139.8098,139.2257,144.2229,142.1338
"AIM 3.0","High - SSP5","Reforming Economies (R10)","Capacity|Electricity|Fossil","GW",1,634.6115,,648.7579,392.8209,386.1378,388.3809,437.1118,490.2111,541.1629,603.1371,646.0378,669.8277,685.9228,670.4785,641.715,670.525,716.9587,620.5112
"AIM 3.0","High - SSP5","Reforming Economies (R10)","Capacity|Electricity|Gas","GW",1,488.0584,,474.3404,233.1093,245.652,287.3851,339.5767,397.8075,460.3781,536.4447,583.0754,610.162,603.264,562.6367,500.5057,529.8149,571.1444,476.694
"AIM 3.0","High - SSP5","Reforming Economies (R10)","Capacity|Electricity|Geothermal","GW",1,0.1119,,0.1007,0.4033,0.43,0.4398,0.4795,0.5211,0.5658000000000001,0.6011000000000001,0.6471,0.6982,0.7477,0.9871000000000001,2.171,2.4013,2.5079,2.6609
"AIM 3.0","High - SSP5","Reforming Economies (R10)","Capacity|Electricity|Hydro","GW",1,69.5596,,70.6313,59.1385,82.2657,87.5612,87.8231,89.7382,98.484,106.9253,133.2858,164.1625,179.3621,211.0645,297.7052,300.0409,313.3923,314.8966
"AIM 3.0","High - SSP5","Reforming Economies (R10)","Capacity|Electricity|Nuclear","GW",1,37.513,,38.8487,42.403,41.9068,42.1623,42.0825,41.7596,40.9388,30.0921,19.971,8.2989,7.3111,6.069,2.7073,0.7452000000000001,0.8024,0.8488
"AIM 3.0","High - SSP5","Reforming Economies (R10)","Capacity|Electricity|Oil","GW",1,27.0563,,48.5873,1.1573,0.6988000000000001,0.7147,0.7792,0.8468,0.9195000000000001,0.9768,1.0515,1.1346,1.215,1.2884,1.3995,1.4843,1.5913,1.6835
"AIM 3.0","High - SSP5","Reforming Economies (R10)","Capacity|Electricity|Solar|PV","GW",1,8.6663,,8.4122,17.4382,74.4174,95.516,129.3003,158.9655,187.6331,217.4279,250.2539,306.5313,348.2288,389.925,405.0221,425.894,382.7876,360.5709
"AIM 3.0","High - SSP5","Reforming Economies (R10)","Capacity|Electricity|Wind|Onshore","GW",1,2.6994,,5.7938,26.1852,34.5219,43.0645,48.6156,54.0703,62.9158,63.9713,76.6945,106.435,130.4942,157.729,175.7825,229.8908,288.5271,494.8703
"AIM 3.0","High - SSP5","Rest of Asia (R10)","Capacity|Electricity|Biomass","GW",1,9.7732,,12.731,0.7289,0.7129000000000001,0.810999999999999,0.9255,1.0251,1.1225,1.232899999999999,1.3627,1.5069,1.6561,1.7507,1.9416,2.1176,2.2987,2.5034
"AIM 3.0","High - SSP5","Rest of Asia (R10)","Capacity|Electricity|Coal","GW",1,179.279,,192.3639,463.6374,466.064,485.8671,468.5133,494.2981,573.7378,655.1685,701.7819,728.6668999999999,784.5981,821.9793999999999,879.8978,906.4951000000001,957.3689,864.7013
"AIM 3.0","High - SSP5","Rest of Asia (R10)","Capacity|Electricity|Fossil","GW",1,435.8464,,447.5742,509.2284,536.3978,543.1735,514.8305,538.3704,607.2947,682.7861,727.5668999999999,753.6167999999999,798.6057,832.0891,891.3478,919.1111000000001,971.2948,894.229
"AIM 3.0","High - SSP5","Rest of Asia (R10)","Capacity|Electricity|Gas","GW",1,216.823,,201.5644,42.6243,69.0863,55.8871,44.6977,42.2785,31.5925,25.4601,23.4003,22.3128,11.1096,7.0459,8.0522,8.9103,9.9031,25.147
"AIM 3.0","High - SSP5","Rest of Asia (R10)","Capacity|Electricity|Geothermal","GW",1,6.5924,,6.1355,7.7854,9.1015,9.0641,9.0539,9.0107,8.9912,8.9733,8.9743,8.9356,8.9259,8.9117,8.8937,8.8701,8.8829,8.850999999999999
"AIM 3.0","High - SSP5","Rest of Asia (R10)","Capacity|Electricity|Hydro","GW",1,80.79069999999999,,101.107,126.8548,123.9929,122.0631,118.0445,117.6871,113.1827,109.0111,103.6779,94.8342,80.9675,65.7236,64.4473,64.2841,64.31989999999999,64.1139
"AIM 3.0","High - SSP5","Rest of Asia (R10)","Capacity|Electricity|Nuclear","GW",1,28.7458,,35.6503,30.5262,30.1935,31.6359,41.9617,44.814,40.1584,39.4378,34.3756,33.47150000000001,39.0358,34.621,31.2682,61.1717,61.1505,67.2513
"AIM 3.0","High - SSP5","Rest of Asia (R10)","Capacity|Electricity|Oil","GW",1,39.7445,,53.6459,2.9668,1.2476,1.4193,1.6196,1.7938,1.9643,2.1576,2.3846,2.637,2.898,3.063799999999999,3.3978,3.7057,4.0228,4.3808
"AIM 3.0","High - SSP5","Rest of Asia (R10)","Capacity|Electricity|Solar|PV","GW",1,46.2527,,75.67689999999999,285.773,564.5056999999999,690.4377,1037.0616,1152.4439,1229.59,1377.3897,1575.0102,1780.4958,1972.3585,2179.5911,2636.588,3040.2085,3525.8998,3845.0753
"AIM 3.0","High - SSP5","Rest of Asia (R10)","Capacity|Electricity|Wind|Onshore","GW",1,7.8167,,41.4681,97.3774,105.6297,187.3599,245.9872,300.6203,325.8186,338.3596,432.8443,571.2073,675.3154,713.2225999999999,771.9335000000001,805.0348,836.4548,1216.1808
"AIM 3.0","High - SSP5","World","Capacity|Electricity|Biomass","GW",1,197.809,,202.4333,9.8265,9.0961,10.4791,11.9306,13.3066,14.5938,15.9671,17.4732,19.0794,20.8142,22.7577,25.1817,27.653,30.0093,32.7417
"AIM 3.0","High - SSP5","World","Capacity|Electricity|Coal","GW",1,2454.1493,,2791.3828,2314.688,2559.7149,2483.6652,2624.4719,2775.1568,2903.6512,3040.6741,3170.4853,2793.513,2899.9819,3011.8839,2939.6579,2581.5454,2531.8985,2410.5669
"AIM 3.0","High - SSP5","World","Capacity|Electricity|Fossil","GW",1,5083.8528,,5686.6706,3987.4564,4568.5513,4800.4549,4966.4425,5113.6769,5420.2167,5960.0512,6146.4591,5891.8863,6063.3337,6067.0816,5938.4966,5608.8259,5385.5463,5363.2716
"AIM 3.0","High - SSP5","World","Capacity|Electricity|Gas","GW",1,2287.0371,,2338.3048,1651.2604,1995.5136,2301.6438,2324.8411,2318.4148,2495.1811,2896.5616,2951.1237,3071.4032,3134.0841,3023.4781,2964.0399,2989.3664,2812.7655,2908.5312
"AIM 3.0","High - SSP5","World","Capacity|Electricity|Geothermal","GW",1,25.9441,,24.4351,47.279,49.4581,50.3555,52.273,54.4719,57.1818,57.559,58.4726,58.813,62.7854,70.1163,78.6339,87.4294,93.5592,94.1011
"AIM 3.0","High - SSP5","World","Capacity|Electricity|Hydro","GW",1,1264.1947,,1556.1285,1430.0805,1610.1401,1703.8788,2061.2268,2107.521,2094.8325,2016.0767,1946.3865,1933.0997,1826.185,1841.8198,1920.9234,1923.0136,1934.9063,1938.634
"AIM 3.0","High - SSP5","World","Capacity|Electricity|Nuclear","GW",1,413.3171,,470.6178,396.2182,381.6444,377.4056,375.0844,406.2068,485.7307,477.1807,465.2907,457.4008,468.6396,479.6467,450.7771,451.8282,433.4291,437.0229
"AIM 3.0","High - SSP5","World","Capacity|Electricity|Oil","GW",1,342.6664,,556.9831,21.508,13.3228,15.1459,17.1294,20.1054,21.3844,22.8155,24.8501,26.9701,29.2677,31.7197,34.7988,37.9142,40.8823,44.1735
"AIM 3.0","High - SSP5","World","Capacity|Electricity|Other","GW",1,4.1226,,4.3246,1.7965,2.1127,2.6898,3.2515,3.7289,4.1648,4.6054,5.0729,5.5066,5.9227,6.3798,6.8015,7.3376,7.7473,8.1282
"AIM 3.0","High - SSP5","World","Capacity|Electricity|Solar|PV","GW",1,737.9581,,1313.7965,3378.4345,4650.3532,5445.1323,6606.3231,8384.398,9463.3482,10762.4856,12233.8421,13400.5623,15543.5149,16914.9045,18963.9307,21579.1159,23745.6214,25391.9051
"AIM 3.0","High - SSP5","World","Capacity|Electricity|Wind|Onshore","GW",1,703.068,,1002.658,2050.7737,2631.7282,3625.7754,4604.1229,5157.0249,5724.9449,6316.6085,7381.9044,9460.6165,10684.0556,12546.2331,14962.2519,17506.489,20092.3623,22873.5955
"GCAM 8s","Very Low - SSP1","Africa (R10)","Capacity|Electricity|Biomass","GW",1,0.532771673420121,0.493553609472383,0.7018582456511341,2.864882610913655,4.969802949903851,5.962180202893229,4.478445803251027,1.280277900266967,1.232495784150288,1.422596289930534,1.85217929124411,2.524136719924163,3.265375850674027,3.970183357623026,4.215624817301447,4.874157532043892,5.112280274560386,5.779021008322452
"GCAM 8s","Very Low - SSP1","Africa (R10)","Capacity|Electricity|Coal","GW",1,51.1857196852072,51.24499160392423,47.9614978325647,14.98928066245448,1.86253773073502,0.101157329479628,0.031623501306513,0.015975929688337,0.011968509646949,0.013818500640505,0.01287751336967,0.016764322758942,0.01870761477489,0.022944459441591,0.024364430417181,0.028602734611911,0.030355828975971,0.036531609326087
"GCAM 8s","Very Low - SSP1","Africa (R10)","Capacity|Electricity|Fossil","GW",1,177.7224984079728,193.0369964126653,189.5759508765116,151.6480546570088,112.9511940133563,67.35875167991168,30.4292150999883,9.98554943497335,7.896250055001831,7.954279672370347,8.920713962737503,10.16647265095216,11.66805272867604,13.23110255254244,13.12911234446668,14.0444986407189,14.12478942281538,12.29586464477952
"GCAM 8s","Very Low - SSP1","Africa (R10)","Capacity|Electricity|Gas","GW",1,103.2620379473697,109.4133073970553,117.2455271580439,110.859816109816,86.87238042868768,46.45772275084295,17.07918457927035,5.297140481485012,4.209110768510359,4.446126471988144,5.190447962709552,6.095112475322775,7.204299013940717,8.366801012951695,8.488618796569106,9.31642082266187,9.696801265457937,11.34774946237761
"GCAM 8s","Very Low - SSP1","Africa (R10)","Capacity|Electricity|Geothermal","GW",1,0.837604925878709,0.83356926602842,2.584231273217309,9.003753994984304,18.21835553037657,28.07288187270701,36.14108914688101,40.8026454996704,42.88464797711318,44.97344674849906,46.51295776665977,48.33723571493552,50.19036120612896,51.85192173687167,52.58822523602653,54.00828492498314,54.46490966962698,55.66617629164897
"GCAM 8s","Very Low - SSP1","Africa (R10)","Capacity|Electricity|Hydro","GW",1,45.30649061859999,46.79928309190394,53.74095012458159,62.15253064387169,70.06064186668257,77.96883204305185,85.87694326586264,93.78505448867341,101.6931657114843,109.6013646604712,117.5095460642228,125.4175344703873,133.3257860550797,141.2339499135962,149.1420260459366,157.0502776306289,164.9583537629693,172.8665176214859
"GCAM 8s","Very Low - SSP1","Africa (R10)","Capacity|Electricity|Nuclear","GW",1,1.4727160856598,1.83735240588694,1.78584030785559,1.69790068228891,1.57518425609297,1.4104416282481,1.20372484870177,0.96747344180898,1.414730970657657,2.130899218096083,3.073723499224166,4.421269877612904,6.267672893737279,8.681896615188084,11.40832448013665,14.97647401770231,19.02247824927898,24.16806014630268
"GCAM 8s","Very Low - SSP1","Africa (R10)","Capacity|Electricity|Oil","GW",1,23.2747407753959,32.37869741168555,24.3689258859034,25.79895788473856,24.21627585393361,20.79987159958911,13.31840701941138,4.672433023800005,3.675170776844524,3.494334699741697,3.71738848665828,4.054595852870441,4.445046099960437,4.841357080149166,4.61612911748039,4.699475083445111,4.397632328381468,0.91158357307582
"GCAM 8s","Very Low - SSP1","Africa (R10)","Capacity|Electricity|Other","GW",1,0,0,0,0,0,0,0,0,0,0,0,0,0,0,0,0,0,0
"GCAM 8s","Very Low - SSP1","Africa (R10)","Capacity|Electricity|Solar|CSP","GW",1,1.429866137191965,1.525940574834752,1.584313311583948,4.124085981205988,14.42285314387413,41.00753691539242,87.87025255736336,153.2929148092918,219.5244206340302,299.3787574559651,378.0433496019752,454.486410649117,525.7480161899668,591.6528000065765,654.3435585663718,713.3490913613916,763.7952667401701,813.4283826847895
"GCAM 8s","Very Low - SSP1","Africa (R10)","Capacity|Electricity|Solar|PV","GW",1,10.32611240693181,11.62745096989259,145.7953362449602,556.6908000147545,1107.10276363558,1973.468088529807,3288.374598549408,5051.427914335361,6753.65767052918,8586.03089000802,10385.76817200661,12144.4342698497,13738.85575993698,15096.32900145229,16252.33898558831,17141.68994808414,17771.24215371641,18226.79659832397
"GCAM 8s","Very Low - SSP1","Africa (R10)","Capacity|Electricity|Wind|Offshore","GW",1,0,0,1.236207687807883,25.51518322855676,75.17766615087837,150.1425959241843,244.7369506583617,349.2023829691454,415.5702325635688,466.1769765126572,494.9499723932056,518.0018728031695,540.3223453460965,575.2090613255328,590.0954818047019,604.1330329917118,599.713701325558,594.6122306239066
"GCAM 8s","Very Low - SSP1","Africa (R10)","Capacity|Electricity|Wind|Onshore","GW",1,7.708193544962517,9.20481212864006,49.29896695234223,217.5522275133195,442.5545575438092,790.0844926086529,1286.954770181429,1917.886217856484,2494.27377994083,3067.486355042098,3603.198537016127,4099.952840597656,4534.815022282774,4905.788493660265,5225.494787713584,5468.930718889256,5632.648160476325,5757.682137869569
"GCAM 8s","Very Low - SSP1","China+ (R10)","Capacity|Electricity|Biomass","GW",1,52.07485679910261,62.07272683959793,51.91080488997224,53.23879352719048,87.45527351006672,55.50451319576117,17.92876008417004,2.552679620907199,2.159853807651163,1.979236795863094,3.068107459777731,2.193861855500271,2.506830621824345,2.455837635606344,2.743655717887249,3.178351056813544,5.444344133636126,4.063020715153578
"GCAM 8s","Very Low - SSP1","China+ (R10)","Capacity|Electricity|Coal","GW",1,1067.09461448584,1169.384602996219,1237.193757812091,1075.457914166866,228.2936571924417,8.272251946119972,0.28647370342288,0.08074509378031601,0.196819445231655,0.134331489274589,0.180403410654767,0.115993922563489,0.1359030716476,0.148325198216439,0.167423333180412,0.177320804611792,0.290579852640751,0.162801741794814
"GCAM 8s","Very Low - SSP1","China+ (R10)","Capacity|Electricity|Fossil","GW",1,1201.082580449738,1322.388573839342,1381.670214863211,1214.221747079742,385.1081068959211,91.0551690695808,15.82993863685159,2.118074385398177,1.503359053805088,1.468179937535693,1.614140202829721,1.248594486555192,1.455626058674115,1.331378251696538,1.264679948157123,1.698764111183666,2.339808107652882,1.647445329105237
"GCAM 8s","Very Low - SSP1","China+ (R10)","Capacity|Electricity|Gas","GW",1,125.2203740139552,144.0630938998414,137.3985974232166,132.8738500439673,150.2405102803339,80.54333433250659,14.88715799658827,1.917358229153298,1.225163615810181,1.255556211681652,1.346984559550204,1.070922495094225,1.252498873783272,1.12594046648734,1.045683657868569,1.454855322140116,1.972567196700205,1.436067204917577
"GCAM 8s","Very Low - SSP1","China+ (R10)","Capacity|Electricity|Geothermal","GW",1,0.02167321285012,0.021550000633228,4.41646479312022,9.58822583846412,33.4391835924878,44.0477084017384,50.5963914555985,53.4823372429127,54.0354100264695,54.0073792629169,56.3123534498351,51.4095629051368,51.5202513893579,51.0351943930531,51.6579477679846,51.9207421603143,57.0012023630992,50.8916815432235
"GCAM 8s","Very Low - SSP1","China+ (R10)","Capacity|Electricity|Hydro","GW",1,418.8611193510551,411.7275425358363,496.7133983967193,563.6187314841561,563.8855155578824,564.1522908589911,564.4190661600999,564.6858414612086,564.952625534935,565.2194008360437,565.4861761371525,565.7529514382612,566.0197355119875,566.2865108130962,566.553286114205,566.8200614153137,567.0868454890401,567.3536207901489
"GCAM 8s","Very Low - SSP1","China+ (R10)","Capacity|Electricity|Nuclear","GW",1,78.2900073137271,84.1038377340829,90.36422394731841,95.05255784719249,118.2886437146956,132.1875021068512,143.2420259638663,150.0826635989671,155.448930474652,159.9801793894291,170.075425301062,174.3743556131608,180.0500217340125,185.8695282961082,181.2971911056638,181.0492098063955,165.6671918302992,151.1472162075408
"GCAM 8s","Very Low - SSP1","China+ (R10)","Capacity|Electricity|Oil","GW",1,8.767591949940929,8.94087694327269,7.07785962790956,5.8899828689082,6.573939423145797,2.239582790954192,0.6563069368404391,0.119971062464563,0.08137599276325301,0.078292236579452,0.086752232624747,0.061678068897477,0.06722411324324201,0.05711258699276001,0.051572957108147,0.06658798443175801,0.076661058311927,0.04857638239285
"GCAM 8s","Very Low - SSP1","China+ (R10)","Capacity|Electricity|Other","GW",1,0,0,0,0,0,0,0,0,0,0,0,0,0,0,0,0,0,0
"GCAM 8s","Very Low - SSP1","China+ (R10)","Capacity|Electricity|Solar|CSP","GW",1,0.908402044050391,1.04136137886965,1.957045875474078,18.61084161857404,152.1447204473592,381.6730067438696,729.161519501198,1065.235836111743,1341.023268834059,1625.410365848899,1783.368626839162,1763.007297284824,1635.863693895146,1481.502146001007,1365.389815931625,1262.738240964139,1195.586470316548,1129.371646108047
"GCAM 8s","Very Low - SSP1","China+ (R10)","Capacity|Electricity|Solar|PV","GW",1,226.4505708414122,284.9590091892489,1039.863154413017,3043.34911537816,6089.945099802234,8111.256361307998,10370.19685902467,12623.85297634336,13851.62515229223,14226.52967187351,14364.3980936071,14177.44139488225,13739.96823495074,13090.86534775727,12421.27831416193,11677.44557187884,10843.06510046306,10174.95288463681
"GCAM 8s","Very Low - SSP1","China+ (R10)","Capacity|Electricity|Wind|Offshore","GW",1,0,0,2.836417666326011,23.09545216164776,145.4935064828194,259.2210148662753,380.9815298660839,492.3832668916538,557.4212157875882,518.4865828073209,504.9865995717449,445.5568372793034,395.4872452497524,367.0657087361598,339.4830020081718,298.5892233702837,316.1085805341221,292.7094686618304
"GCAM 8s","Very Low - SSP1","China+ (R10)","Capacity|Electricity|Wind|Onshore","GW",1,185.0963241318819,259.8479390243149,511.9559226992798,1133.382530108339,2276.414089189635,3059.858284522979,3844.93539526961,4526.409029544436,4727.105891507902,4805.167414006647,4637.770853181364,4444.571457469022,4237.973737540711,4041.727827205472,3803.908943598431,3584.572246969364,3348.623408230826,3142.83261792959
"GCAM 8s","Very Low - SSP1","Europe (R10)","Capacity|Electricity|Biomass","GW",1,44.18632507472214,47.94976186780234,43.95852058401829,50.47312857239505,47.23288885528556,23.58444473721733,30.05970547883843,16.99181431694919,17.06109359140378,17.62149528203149,20.29824916085247,25.61772914839801,32.93090138219921,40.378132524194,49.76491260115417,58.91840309224828,67.6777472359003,76.09502744703657
"GCAM 8s","Very Low - SSP1","Europe (R10)","Capacity|Electricity|Coal","GW",1,117.9367913210311,130.6445000782068,112.7757075560912,16.67051487922505,1.925400728747974,0.211356667041413,0.043164508917799,0.015866768909142,0.015499798717644,0.02176741110978,0.013665390274018,0.016056960811412,0.017541586993707,0.015786363386254,0.019045712879447,0.030080405868332,0.022819851124349,0.027386474256127
"GCAM 8s","Very Low - SSP1","Europe (R10)","Capacity|Electricity|Fossil","GW",1,355.0630469693203,378.3249893672757,355.1043725327924,216.6633982149839,128.5367908484403,46.8097067151613,14.9244686687967,2.712618378219803,2.272753101113574,2.028644395439917,1.877060734433067,1.814087723935961,2.248713571709893,1.8820043394523,2.32858808968413,2.55540206186729,2.265759894952204,2.191486700093042
"GCAM 8s","Very Low - SSP1","Europe (R10)","Capacity|Electricity|Gas","GW",1,213.9765569875624,225.0131536367572,228.9328461621772,192.4986800350817,122.4644730447404,44.69445428052884,13.59230991170116,2.370062323429921,1.888473598453432,1.686612313031221,1.573548385985057,1.536440929876485,1.917267169220367,1.609918592971968,1.950924328513633,2.167237304349275,1.954704465183762,1.993866642578542
"GCAM 8s","Very Low - SSP1","Europe (R10)","Capacity|Electricity|Geothermal","GW",1,3.758439474568955,3.82877685125602,11.32584741610777,25.90223889939688,40.28804728340516,57.40756914007175,78.20722545177395,90.14839898817242,98.40533924423872,102.8718172947086,105.8205382484644,108.2423261664383,111.4424632501741,111.7018220149319,116.0328957274917,117.1683107997811,116.6537038957302,116.7306089747838
"GCAM 8s","Very Low - SSP1","Europe (R10)","Capacity|Electricity|Hydro","GW",1,207.054075113878,204.2146946121332,224.4759322129466,225.053073952001,225.630224463673,226.2073662027273,226.7845167143993,227.3616584534536,227.9387212389496,228.515862978004,229.0930134896759,229.6701552287303,230.2473057404023,230.8244562520741,231.4015102649525,231.9786607766245,232.5558025156789,233.1329530273508
"GCAM 8s","Very Low - SSP1","Europe (R10)","Capacity|Electricity|Nuclear","GW",1,124.0901370850516,132.1957741992408,134.2681419304164,136.2964754780045,134.8757692499358,128.9781625171894,121.8320694769832,110.3709875209083,101.5340685934671,93.50090610825892,87.1668183718773,83.14137524290608,82.97417719164721,83.602380436198,77.45207527822045,75.1433156751582,72.90255452862912,71.85695527863126
"GCAM 8s","Very Low - SSP1","Europe (R10)","Capacity|Electricity|Oil","GW",1,23.14969866072698,22.6673356523117,13.39581881452391,7.494203300677335,4.146917074951791,1.903895767591021,1.288994248177741,0.326689285880742,0.3687797039425,0.320264671298913,0.289846958173993,0.261589833248063,0.313904815495811,0.25629938309408,0.358618048291042,0.358084351649678,0.288235578644087,0.170233583258375
"GCAM 8s","Very Low - SSP1","Europe (R10)","Capacity|Electricity|Other","GW",1,0,0,0,0,0,0,0,0,0,0,0,0,0,0,0,0,0,0
"GCAM 8s","Very Low - SSP1","Europe (R10)","Capacity|Electricity|Solar|CSP","GW",1,2.5929739344741,2.68822890009951,5.827249859429635,32.47701073765259,93.8245964356469,197.3417353197318,387.9433831317566,563.8155406716344,798.133549182653,1001.690418162598,1136.233062678593,1203.643302813326,1215.844895550747,1196.812643469102,1162.549446629831,1125.58556658283,1088.10750999597,1054.475548572227
"GCAM 8s","Very Low - SSP1","Europe (R10)","Capacity|Electricity|Solar|PV","GW",1,140.662876928567,158.2156365338788,499.6937103726304,1494.343403226571,2500.305958798012,3405.925274325503,4573.139981785526,5448.658817626226,5931.709543395599,6018.705438903151,6004.32824824727,6019.777562554586,5955.72284224414,5923.886594746804,5911.359766202248,5813.804597397752,5667.039325381703,5501.165921415018
"GCAM 8s","Very Low - SSP1","Europe (R10)","Capacity|Electricity|Wind|Offshore","GW",1,0,0,9.899650099853964,72.05869768493119,156.430144769229,241.8333695690244,361.8513130735485,448.7563075887938,495.3599313189272,507.7082145499914,507.3841038061321,471.2391759929137,473.0673077321932,446.0125016881473,451.5597396187887,450.787628211548,436.6626336888001,402.9656813479496
"GCAM 8s","Very Low - SSP1","Europe (R10)","Capacity|Electricity|Wind|Onshore","GW",1,202.4388874464432,197.0559054775005,433.4943197554015,918.5471272354613,1374.123989800549,1814.991222217819,2403.729151846967,2845.830144188446,3068.893475170075,3224.668282350851,3322.392692013404,3382.955253496785,3371.650097405921,3355.906050875584,3254.394530782892,3150.092749235737,3048.987047261405,2965.030025660689
"GCAM 8s","Very Low - SSP1","India+ (R10)","Capacity|Electricity|Biomass","GW",1,3.41719674010964,3.7570321298385,2.21117066159306,5.94609136654294,12.9469192550692,18.734612321255,8.82898298250214,1.39366489830758,1.13743768797165,1.14105640934161,1.50373387484648,2.07619560630034,2.26344048847934,2.40891698926661,2.12824067324969,2.35000673931327,2.71478289535952,3.40799586722731
"GCAM 8s","Very Low - SSP1","India+ (R10)","Capacity|Electricity|Coal","GW",1,228.017860916186,243.211015657514,310.525564067057,297.290957809112,166.800213343745,8.59902392493683,0.159943342146989,0.030368343043449,0.022285647867419,0.02196826406232,0.024806873895933,0.03002821034049,0.03226707269608,0.035731789958255,0.031719420371163,0.034871276008173,0.04323532404783401,0.056140212897442
"GCAM 8s","Very Low - SSP1","India+ (R10)","Capacity|Electricity|Fossil","GW",1,251.129936405275,264.878157823299,333.916744808379,335.805576006724,219.626425082783,48.1483311247389,7.54503319687845,1.37979841064551,0.9270814950613141,0.8673266757569961,1.01168167684084,1.21813612298999,1.25442225304521,1.31534348578087,1.15508024907556,1.29210036160148,1.54766644963078,1.53612035316153
"GCAM 8s","Very Low - SSP1","India+ (R10)","Capacity|Electricity|Gas","GW",1,20.3577488033136,19.020687103272,21.0662745175003,31.7984297414806,41.3431796114185,30.9933404458156,5.33425101344749,0.941036034300419,0.618873838795128,0.577223749476107,0.674861680491443,0.8061696149291221,0.8361075547227831,0.88808125105734,0.7864591199341561,0.891022728948022,1.09069737992082,1.47658928423758
"GCAM 8s","Very Low - SSP1","India+ (R10)","Capacity|Electricity|Geothermal","GW",1,0,0,1.61846383018303,4.30538948423465,12.3100155578611,22.8958439453916,26.3355733662336,27.8756672283194,27.8825871535241,28.5387202114793,29.1567805159561,30.2317290217011,30.331805039054,30.5215297126967,29.7465994192399,30.1556936207835,30.749553734855,32.1347826548926
"GCAM 8s","Very Low - SSP1","India+ (R10)","Capacity|Electricity|Hydro","GW",1,50.8135451778738,51.3012149900618,57.899276136721,68.4264172524884,73.6899878103721,78.9535583682558,83.3398671664923,87.7261759647287,90.8044874793311,93.883676255693,96.9619877702954,100.041176546657,103.11948806126,106.197799575862,109.276988352224,112.355299866826,115.434488643188,118.512800157791
"GCAM 8s","Very Low - SSP1","India+ (R10)","Capacity|Electricity|Nuclear","GW",1,6.39895858004171,7.00622449120312,8.49388275185263,11.2599122434049,18.9252841481548,33.1026703483791,44.913073559282,55.0943301369997,63.211025409691,71.1055749718535,79.1950185844071,88.3540290993063,96.8293274326237,104.815975186053,109.281809595526,112.803276252991,111.719569660254,105.490956699224
"GCAM 8s","Very Low - SSP1","India+ (R10)","Capacity|Electricity|Oil","GW",1,2.75432668577508,2.64645506251235,2.32490622382128,6.71618845613074,11.4830321276197,8.55596675398646,2.05083884128397,0.408394033301637,0.285922008398767,0.268134662218569,0.312013122453461,0.381938297720374,0.386047625626349,0.391530444765276,0.336901708770237,0.366206356645284,0.41373374566212,0.003390856026501
"GCAM 8s","Very Low - SSP1","India+ (R10)","Capacity|Electricity|Other","GW",1,0,0,0,0,0,0,0,0,0,0,0,0,0,0,0,0,0,0
"GCAM 8s","Very Low - SSP1","India+ (R10)","Capacity|Electricity|Solar|CSP","GW",1,0,0,0.3654835571165631,6.01586904118171,61.6576397939598,267.424849336729,493.923557918214,724.452666770138,916.133110694772,1101.97840396068,1243.87979822048,1260.90906270568,1242.47944876479,1207.49034439595,1171.18953939235,1135.94174111762,1102.35250401557,1073.89055029875
"GCAM 8s","Very Low - SSP1","India+ (R10)","Capacity|Electricity|Solar|PV","GW",1,50.4417043462473,61.4377515321063,270.549231442717,896.835100481864,1763.93360050399,2858.88243970329,4077.31315821129,5391.83011397038,6342.09175201087,7055.24835481475,7606.27379613702,8039.55592046586,8263.47430856798,8295.88008919085,8180.49394776881,7951.40717535739,7653.95609342403,7334.7104498992
"GCAM 8s","Very Low - SSP1","India+ (R10)","Capacity|Electricity|Wind|Offshore","GW",1,0,0,0.4209388833284951,5.08736065143349,24.0241472455211,59.8736157747065,91.2811774332441,120.038526135198,136.319967252882,137.873080012101,124.527105215718,118.620109176604,113.270376914765,114.05448755776,110.762361470794,105.634658863241,98.5999974202112,96.1469419794212
"GCAM 8s","Very Low - SSP1","India+ (R10)","Capacity|Electricity|Wind|Onshore","GW",1,26.5281644040019,30.4036110028185,107.460351948481,349.289314069183,726.996143553659,1230.39955997876,1695.20860108723,2126.94110508294,2385.4199193058,2529.05318176343,2573.19764994409,2559.94345218352,2546.41993682327,2526.17969692865,2479.69403393352,2412.41997807583,2324.18603326628,2233.87968247701
"GCAM 8s","Very Low - SSP1","Latin America (R10)","Capacity|Electricity|Biomass","GW",1,5.034239588746964,5.689100280423386,4.774184559707518,8.487416806742099,10.77058742920989,10.02379201206493,5.49552066770936,1.040545603059221,0.734483800704787,0.6834474838917981,0.849143043680712,1.104215675762491,1.315036430652257,1.303628919284245,1.065607925160433,1.11191381450406,1.327834168809933,1.923519226703133
"GCAM 8s","Very Low - SSP1","Latin America (R10)","Capacity|Electricity|Coal","GW",1,15.57110227647251,15.97038524003899,17.58198150440359,6.456813215809861,0.518743742569851,0.09990144995607801,0.04385322329202401,0.017771945891239,0.010085171186317,0.009426913302289001,0.009276290769461001,0.012649270695013,0.014151051054074,0.015908118519066,0.012209968916793,0.01202235274801,0.014469970449446,0.019560440547192
"GCAM 8s","Very Low - SSP1","Latin America (R10)","Capacity|Electricity|Fossil","GW",1,197.3934228530892,235.1130656262963,247.2769014509789,223.9223060534001,158.7993868962724,85.29502006214703,29.04879751759386,6.232323422827218,3.96606357478609,3.327357336686328,3.847107124301331,4.480175818257336,5.027521033626008,4.768406734618115,3.472883241438744,3.303060446202857,3.614093241169275,2.931386389452859
"GCAM 8s","Very Low - SSP1","Latin America (R10)","Capacity|Electricity|Gas","GW",1,112.8911795210629,138.1123575777505,154.2757950234759,150.5316280731419,117.6612566049145,61.11364359192206,16.15936320450003,3.171243295647441,1.935265213078935,1.677308585874187,1.963236551829647,2.355725346808927,2.717157445890816,2.555737179054067,1.906283114345257,1.902425981215642,2.119200701761629,2.680247195217865
"GCAM 8s","Very Low - SSP1","Latin America (R10)","Capacity|Electricity|Geothermal","GW",1,1.685321896787621,1.530097215009446,3.134884045079891,8.701675861957824,20.72523048247879,39.14554355522731,58.94656367084222,73.04249241732234,79.54782378173176,83.02593122105677,84.8459696878871,85.64678766648076,86.5836089438804,87.09674936314796,87.20262908578611,87.919247859162,88.8007719687723,89.75967588999649
"GCAM 8s","Very Low - SSP1","Latin America (R10)","Capacity|Electricity|Hydro","GW",1,227.2154978716795,221.0757709039654,259.3204622645217,278.0573171960664,286.9119850849195,295.7666617463892,305.059793835331,314.3530662861554,322.5068634373725,330.660485136238,338.8140191089284,346.9678162601457,355.1226661254749,363.2761123719892,371.4295586185028,379.5829171388405,387.7372406471141,395.8907746198036
"GCAM 8s","Very Low - SSP1","Latin America (R10)","Capacity|Electricity|Nuclear","GW",1,5.35784809466527,5.576852792767159,5.28237071366875,5.19369774598557,5.01383894916745,4.87431368012355,4.65518139873931,4.249478098361308,4.064606638072412,3.966018662000689,4.097156193210732,4.522840682748553,5.182487451911329,5.904542112279248,6.383657097842209,7.187528145313375,8.02641274704415,9.070706384794821
"GCAM 8s","Very Low - SSP1","Latin America (R10)","Capacity|Electricity|Oil","GW",1,68.93114105555388,81.03032280850681,75.41912492309937,66.93386476444836,40.61938654878805,24.08147502026891,12.84558108980178,3.043308181288535,2.020713190520836,1.640621837509847,1.874594281702224,2.111801200753399,2.296212536681123,2.196761437044981,1.554390158176689,1.388612112239202,1.480422568958203,0.2315787536878
"GCAM 8s","Very Low - SSP1","Latin America (R10)","Capacity|Electricity|Other","GW",1,0,0,0,0,0,0,0,0,0,0,0,0,0,0,0,0,0,0
"GCAM 8s","Very Low - SSP1","Latin America (R10)","Capacity|Electricity|Solar|CSP","GW",1,0,0.079985085639657,0.219886979853757,2.327349363179972,13.37076544504652,50.1976081816431,121.9355938645555,212.1999234124999,284.1734537964601,351.7317044093788,417.2561086465837,467.1921950341793,486.536805867172,479.5335874409385,467.7633793186569,454.5561027146696,439.438801265921,425.881762420869
"GCAM 8s","Very Low - SSP1","Latin America (R10)","Capacity|Electricity|Solar|PV","GW",1,28.04304688799491,39.36146306334594,166.0524838368308,566.9844101479455,1163.200389697028,1941.923554976466,2868.704457840633,3791.834666668788,4374.449270409052,4743.664137336029,4967.573028029067,5110.768727708931,5167.507819763839,5137.436403535543,5090.201163920136,4995.927775039199,4862.123446960942,4693.112075820701
"GCAM 8s","Very Low - SSP1","Latin America (R10)","Capacity|Electricity|Wind|Offshore","GW",1,0,0,0.7748552470804511,10.31092926995402,36.35799657838042,82.96637839962487,143.1725219003513,202.1683232921375,233.3395908764405,246.5470489476739,242.9586205646734,232.9686108549677,225.7217731446771,229.4336316224713,223.5980726392852,213.5794224179617,198.7961778491456,187.6277139995169
"GCAM 8s","Very Low - SSP1","Latin America (R10)","Capacity|Electricity|Wind|Onshore","GW",1,41.21617021752049,49.84367587097653,96.66652439785109,260.2397784787758,496.5211047338556,825.8335380267756,1223.608517380393,1607.075302511812,1816.345634885642,1950.842860256274,2032.637017454532,2068.638366582394,2058.212746813491,2022.693228604332,1972.259178860691,1915.550273258857,1849.463422040108,1783.849930090906
"GCAM 8s","Very Low - SSP1","Middle East (R10)","Capacity|Electricity|Biomass","GW",1,0,0,0.255059904363938,1.42904746020229,3.01233229599035,4.60750242291217,2.92684742384683,0.586561423434889,0.4405206154677,0.6327138374952771,0.79515007210606,1.29815693595883,2.38099416293252,3.91902401237094,4.77615535035351,7.03686125894392,10.5801991116076,15.7236784931964
"GCAM 8s","Very Low - SSP1","Middle East (R10)","Capacity|Electricity|Coal","GW",1,4.26083632851995,4.32487778807412,4.91652000221992,1.36210630167064,0.336943670775117,0.07026661532561801,0.019319799103284,0.008177945959653,0.00535566310768,0.006870262245691001,0.006935969297084001,0.008534611116474,0.011090460026304,0.011910899836787,0.009678174337503,0.015310201202078,0.016047707374706,0.0201004627666
"GCAM 8s","Very Low - SSP1","Middle East (R10)","Capacity|Electricity|Fossil","GW",1,757.680297365373,766.721584631885,711.279247743297,548.952709938147,391.789188783152,191.404248177679,48.7937680545273,8.39115695960821,4.66463198294433,5.16733119996311,4.87367673637829,5.28878342661053,5.89918644707314,5.49887855695627,3.944357915928,5.5324426125242,5.08691479533424,4.27965452190289
"GCAM 8s","Very Low - SSP1","Middle East (R10)","Capacity|Electricity|Gas","GW",1,587.199413737138,596.195359401019,561.907851969187,427.003259359185,300.878607483991,143.432003322094,31.3908487806191,4.93033252660444,2.74941370504739,3.09933471809968,3.01386940176911,3.34184411894145,3.82960320144775,3.66335669082685,2.69272668332332,3.86950956720507,3.68061405104515,4.24606049973069
"GCAM 8s","Very Low - SSP1","Middle East (R10)","Capacity|Electricity|Geothermal","GW",1,0,0,1.03334278457302,3.740512790316,8.1608856921716,15.6383424009668,21.1623033468152,22.0633481401633,21.4313618153334,22.2907570046677,22.4180738944222,23.125283388663,24.203481618305,24.481341389133,23.8730358414362,25.488462978972,25.5010749076831,26.1342708032049
"GCAM 8s","Very Low - SSP1","Middle East (R10)","Capacity|Electricity|Hydro","GW",1,7.14687610349452,6.96307221961322,9.05755221600631,11.6757399376736,14.293839933165,16.9120276548323,19.5301276503237,22.148315371991,24.7664153674824,27.3846030891497,30.0027030846411,32.6208908063084,35.2389908017998,37.8571785234671,40.4752785189585,43.0934662406258,45.7115662361172,48.3297539577845
"GCAM 8s","Very Low - SSP1","Middle East (R10)","Capacity|Electricity|Nuclear","GW",1,1.08829004492158,1.95707802557638,1.90220746664755,1.80853738971925,1.67782861146745,1.50235225171335,1.28216354123454,1.03051951903746,1.0931700895927,1.33092058079002,1.62833717932872,2.09536028254979,2.77395150981595,3.5402686067297,4.13060091161337,5.28131654688992,6.50484994273011,8.08579481579866
"GCAM 8s","Very Low - SSP1","Middle East (R10)","Capacity|Electricity|Oil","GW",1,166.220047299716,166.201347442791,144.45487577189,120.587344277291,90.5736376283855,47.9019782402594,17.3835994748049,3.45264648704412,1.90986261478926,2.06112621961774,1.8528713653121,1.93840469655261,2.05849278559908,1.82361096629263,1.24195305826718,1.64762284411705,1.39025303691438,0.013493559405601
"GCAM 8s","Very Low - SSP1","Middle East (R10)","Capacity|Electricity|Other","GW",1,0,0,0,0,0,0,0,0,0,0,0,0,0,0,0,0,0,0
"GCAM 8s","Very Low - SSP1","Middle East (R10)","Capacity|Electricity|Solar|CSP","GW",1,0.545352856634026,0.615469652486972,0.6635696575184861,2.39897165398309,11.2838050404827,42.513388339317,93.3827433929362,141.051526221999,172.855827747001,212.370248022319,240.933701130657,251.149435253514,247.500733697062,243.932662248855,243.535386120466,247.285633555411,250.683618336952,254.398758295932
"GCAM 8s","Very Low - SSP1","Middle East (R10)","Capacity|Electricity|Solar|PV","GW",1,10.7897626144042,13.3475874128779,165.476538663526,643.120212255939,1148.69833522469,1817.64303252919,2704.0855926085,3613.86067797604,4182.13006827666,4717.3018058192,5148.40034384884,5450.48252860219,5582.4734356697,5592.94187464772,5563.86258203132,5495.26048954164,5412.33177104653,5327.9076481701
"GCAM 8s","Very Low - SSP1","Middle East (R10)","Capacity|Electricity|Wind|Offshore","GW",1,0,0,0.50186365613999,10.6341781708951,31.0442650893025,63.3317342091287,96.7418325572803,122.289696624063,128.390180339715,128.628303859474,117.339606791731,108.629431626223,108.763328207678,114.318229883783,109.849171457778,110.795534540443,106.499019869446,103.064786045171
"GCAM 8s","Very Low - SSP1","Middle East (R10)","Capacity|Electricity|Wind|Onshore","GW",1,0.934496320225014,1.17137064947338,39.5570061433198,204.315942980999,393.089020706265,659.849865736649,975.533627537261,1255.5134193335,1407.48863914884,1508.2024759944,1563.22351521811,1563.39219122785,1541.02508256667,1523.95901849181,1511.46694723714,1493.33965196617,1467.80136381978,1437.97285336072
"GCAM 8s","Very Low - SSP1","North America (R10)","Capacity|Electricity|Biomass","GW",1,13.6417015877337,13.81769241901341,15.53083154946473,21.45824994784696,37.34954546695464,59.1600423274111,58.5950027080333,47.89217115718399,38.63282568661008,35.5283369769334,42.25325877441171,55.3283217998987,72.4998229706637,91.79548943863111,115.0509452098574,140.58787318179,165.3216682637576,190.0346754256208
"GCAM 8s","Very Low - SSP1","North America (R10)","Capacity|Electricity|Coal","GW",1,183.9903220220911,211.3669168233703,117.492465479087,9.73601513900015,1.393365960691229,0.204391023594992,0.02602576391473,0.008075629230412001,0.006395924116456,0.006392539001151,0.00779885466188,0.010777884357285,0.008726031042372,0.007930226515095,0.007469861505501001,0.008007330624920001,0.00970945932902,0.014781845237189
"GCAM 8s","Very Low - SSP1","North America (R10)","Capacity|Electricity|Fossil","GW",1,705.880021161272,719.8481503300363,690.7921306295883,494.4627005209293,334.8578228872116,137.1925892549812,32.55212767818206,6.370985180332323,6.337992882879774,5.699380017354354,6.227317317385998,7.208237507672971,7.03024869936803,5.984011641913082,7.183757570444838,7.083363420498003,7.207917776178307,7.919022453638533
"GCAM 8s","Very Low - SSP1","North America (R10)","Capacity|Electricity|Gas","GW",1,501.1964765605098,488.5466028764954,560.7967571488541,474.3223393910322,325.9020627031517,131.6362172516573,30.16092878548635,5.694824674584011,5.633096354419076,5.06265403256687,5.539152454475245,6.441500407715996,6.351291729541612,5.399537452361849,6.479120531812957,6.378537938831597,6.484844309477106,7.123978874823878
"GCAM 8s","Very Low - SSP1","North America (R10)","Capacity|Electricity|Geothermal","GW",1,3.11682313270008,3.15736822750493,11.62816911966456,29.43201317844205,49.85639515061705,76.13847871714214,102.2412908552656,120.5316194073361,133.2854086209813,140.8699442507981,147.9273863134202,154.4705701411147,158.132136901302,161.128249090083,167.8723277693135,172.0282921881335,176.2128761984556,180.3350715737662
"GCAM 8s","Very Low - SSP1","North America (R10)","Capacity|Electricity|Hydro","GW",1,212.7465038555831,200.9318933813571,219.1996413595486,221.4761356258326,223.7517526303586,226.0282468966426,228.3047411629276,230.5812354292126,232.8568524337376,235.1333467000216,237.4098409663066,239.6854579708316,241.9619522371166,244.2384465034016,246.5149407696856,248.7905577742106,251.0670520404956,253.3435463067806
"GCAM 8s","Very Low - SSP1","North America (R10)","Capacity|Electricity|Nuclear","GW",1,137.0216313472782,134.4626411194255,130.6927749584183,127.6706757229363,126.9204774161225,126.0770870956381,121.4802437772256,111.942398775818,104.47019230188,98.2010993749106,94.28016578218167,94.11415517756632,96.0001368213292,98.45790602849073,99.61596557644705,104.4121025879802,104.4491449889396,102.444949873663
"GCAM 8s","Very Low - SSP1","North America (R10)","Capacity|Electricity|Oil","GW",1,20.69322257867161,19.93463063017022,12.50290800164664,10.40434599089732,7.562394223368626,5.35198097972934,2.365173128781018,0.6680848765179,0.6985006043442451,0.6303334457863391,0.6803660082488711,0.755959215599686,0.670230938784047,0.5765439630361391,0.6971671771263691,0.696818151041492,0.7133640073721771,0.7802617335774721
"GCAM 8s","Very Low - SSP1","North America (R10)","Capacity|Electricity|Other","GW",1,0,0,0,0,0,0,0,0,0,0,0,0,0,0,0,0,0,0
"GCAM 8s","Very Low - SSP1","North America (R10)","Capacity|Electricity|Solar|CSP","GW",1,1.77999709847526,1.64642027417812,2.83750444610834,13.3798615321712,48.8821200712231,149.281657101216,291.290142723121,422.796651635245,591.296279909235,748.567330439357,874.29409624545,945.307858696022,963.059077804495,961.943071651399,954.397083618181,948.898979301518,946.918430545305,944.185250562656
"GCAM 8s","Very Low - SSP1","North America (R10)","Capacity|Electricity|Solar|PV","GW",1,98.13016234849887,125.3646943163042,557.6080148374847,1658.988543804755,2980.010947447621,4594.221179866307,6039.309861757943,7197.067624440822,7923.133014093551,8233.8402595316,8387.33115970921,8483.84378987293,8606.26326656911,8723.03899548396,8872.22278913368,8926.72306434182,8914.2059845392,8779.295778117279
"GCAM 8s","Very Low - SSP1","North America (R10)","Capacity|Electricity|Wind|Offshore","GW",1,0,0,3.93868344709834,33.65871025098775,91.093227360214,186.7571344112783,277.3264024423601,350.0536389706084,392.283591630059,403.38485538018,382.439182135952,377.9773495271,375.832267171864,365.870602372165,365.428075812687,357.656709466459,341.2592501906644,342.4140671499366
"GCAM 8s","Very Low - SSP1","North America (R10)","Capacity|Electricity|Wind|Onshore","GW",1,148.8221636737328,164.5757588485141,430.135717677975,932.2234065573876,1474.12840529022,2188.320584886642,2866.520831227305,3410.122259491337,3707.364649331686,3945.968675221883,4135.928495877256,4239.87960494714,4294.181390232196,4326.355532186236,4289.256954501858,4239.133224006592,4189.546064793218,4117.184236333722
"GCAM 8s","Very Low - SSP1","Pacific OECD (R10)","Capacity|Electricity|Biomass","GW",1,16.2569924227804,18.68516355458378,18.39769447794328,22.04517126715169,20.71483085203171,15.26589650827058,9.62761712979178,1.452162650262548,1.045889474584885,1.141808353260376,1.831696006544491,3.077553111551283,4.688647601241906,5.997526282272405,7.922186144400908,10.21648971536031,12.28697401127006,14.39963560266593
"GCAM 8s","Very Low - SSP1","Pacific OECD (R10)","Capacity|Electricity|Coal","GW",1,95.2914681548215,96.634444361129,82.0689095472178,24.01282560831921,2.64303015088555,0.443942766631343,0.195389264898551,0.051777259316757,0.043936077782269,0.04825775511148801,0.03936603791287401,0.03650547501603101,0.045008805008601,0.028748660071549,0.03215704910618,0.04109789724204,0.037360518975139,0.036732431727232
"GCAM 8s","Very Low - SSP1","Pacific OECD (R10)","Capacity|Electricity|Fossil","GW",1,251.7590751527831,245.2236357487913,211.0433820283242,152.409580492727,84.27491737928054,39.17614800407438,19.96305094429471,2.392492454169245,1.580191144646703,1.657263865521834,1.640209506043694,1.439298952953103,1.65456978797434,0.7476449187121631,0.7545719992514941,1.244563776953086,1.297850533997905,0.980797872368203
"GCAM 8s","Very Low - SSP1","Pacific OECD (R10)","Capacity|Electricity|Gas","GW",1,135.3245665281675,122.7592402799352,114.9429462596984,116.8945627693093,75.78627234969571,34.49088024269983,15.96929884381304,1.804638338056011,1.16536066632182,1.237616532802558,1.233697896584284,1.080019739246337,1.233342802101296,0.5577260286126571,0.5588819960390391,0.9221270690031561,0.9705382226712851,0.9108583304839971
"GCAM 8s","Very Low - SSP1","Pacific OECD (R10)","Capacity|Electricity|Geothermal","GW",1,1.859902206395949,1.886943610027104,3.222707304737852,8.3789965335011,13.25774571310125,18.6843882396473,27.1684926628814,30.8729903520288,32.545441479211,33.49796403737901,33.8299704476734,34.0438322800031,33.89054552451729,33.2144505607974,33.2333983739834,33.4892233731777,33.4215695950291,33.2883061812863
"GCAM 8s","Very Low - SSP1","Pacific OECD (R10)","Capacity|Electricity|Hydro","GW",1,37.2145842845255,37.1985303943239,37.8793732459861,38.7310189622517,39.5825769523414,40.434222668607,41.2857806586966,42.1374263749622,42.9889843650518,43.8406300813174,44.692188071407,45.5438337876726,46.3953917777622,47.2470374940278,48.0985954841175,48.9501534742071,49.8017114642967,50.6533571805622
"GCAM 8s","Very Low - SSP1","Pacific OECD (R10)","Capacity|Electricity|Nuclear","GW",1,5.76296192405616,10.5296630674887,31.793476436288,44.4335944622181,61.0240370583073,65.59223545232351,22.9566507068235,28.2860211399015,32.43839775309059,38.41031031634381,43.84603413216647,48.28388565734279,53.37811189612977,55.05209248822326,56.10257114118387,58.55406357208017,60.72007321854981,60.48174350321334
"GCAM 8s","Very Low - SSP1","Pacific OECD (R10)","Capacity|Electricity|Oil","GW",1,21.14304046979342,25.82995110772664,14.03152622140863,11.50219211509858,5.845614878699277,4.241324994743258,3.798362835583128,0.536076856796476,0.370894400542618,0.371389577607781,0.367145571546532,0.322773738690732,0.376218180864435,0.161170230027955,0.163532954106275,0.28133881070789,0.289951792351483,0.033207110156972
"GCAM 8s","Very Low - SSP1","Pacific OECD (R10)","Capacity|Electricity|Other","GW",1,0,0,0,0,0,0,0,0,0,0,0,0,0,0,0,0,0,0
"GCAM 8s","Very Low - SSP1","Pacific OECD (R10)","Capacity|Electricity|Solar|CSP","GW",1,0.003116475165799,0.002596869312021,0.027360640097856,0.767032349080747,2.14167180939965,4.3088317300466,7.9866222443041,11.3989904639221,15.4950702183866,18.9751925071464,20.8706182975045,22.2111194784126,22.9133573208526,23.2617678355597,23.4841511328567,23.6422679709687,23.7731999493641,23.9290768068811
"GCAM 8s","Very Low - SSP1","Pacific OECD (R10)","Capacity|Electricity|Solar|PV","GW",1,81.5278000741852,92.6957134291674,166.2402632210825,412.8805583163009,691.7878053465661,960.076961565766,1335.271531856897,1567.081461737984,1689.241780186296,1786.860203921976,1826.139882934543,1847.611658858619,1816.695974521191,1780.281510058332,1725.675567571822,1659.900177507185,1599.00226465753,1540.542895493897
"GCAM 8s","Very Low - SSP1","Pacific OECD (R10)","Capacity|Electricity|Wind|Offshore","GW",1,0,0,0.7778354587270521,10.93791462847562,24.7969224426007,42.3681281289619,73.11649819556,92.4141833729272,101.3372573874114,107.2830210303628,105.8797235467481,92.54886822534439,92.3609860312026,86.7346691955858,81.7568803975064,82.3543569420491,79.28276060489961,73.9422248376168
"GCAM 8s","Very Low - SSP1","Pacific OECD (R10)","Capacity|Electricity|Wind|Onshore","GW",1,12.48315748747753,14.42750445260791,36.68366427045849,155.8995122803755,265.3021192473025,359.524422125693,487.924803000323,557.849895316091,592.407151403735,578.188990417463,570.158204249744,566.3632720487469,547.707369443722,534.435419561762,520.916723369139,496.32000951878,471.508240768295,452.601581780905
"GCAM 8s","Very Low - SSP1","Reforming Economies (R10)","Capacity|Electricity|Biomass","GW",1,0.069918687227508,0.067822066519339,0.548569282333601,2.488899079853248,4.40485937367775,5.4116385942421,3.557565957194669,0.68032313760013,0.3446281405411361,0.480837394180985,0.5420940287889451,0.8730371553633951,1.34415601210093,1.348007553232311,0.753251116462047,1.188146108824439,1.171418043458998,1.813051270205844
"GCAM 8s","Very Low - SSP1","Reforming Economies (R10)","Capacity|Electricity|Coal","GW",1,51.538852985685,50.62629972938,59.6858771074654,17.73035345602652,2.564539675554162,0.232726074738459,0.09006774577938001,0.029835450909519,0.012132533376573,0.020529354989881,0.01412208056105,0.023499849932898,0.026258694440016,0.031616602088611,0.017104168140894,0.025500692366937,0.024874817987141,0.036294593462392
"GCAM 8s","Very Low - SSP1","Reforming Economies (R10)","Capacity|Electricity|Fossil","GW",1,227.6135232650104,246.6122923707276,250.1143669606262,180.6470585069163,121.5771360816658,66.1030062672306,24.1249770168801,5.16420318914566,2.154256446332564,2.587875554324634,2.423830866650909,3.18055823130705,4.22270768092854,3.84349461118094,1.953675450637305,2.835336156741812,2.569644430697048,3.72137178384051
"GCAM 8s","Very Low - SSP1","Reforming Economies (R10)","Capacity|Electricity|Gas","GW",1,172.4886020399201,189.0182299937874,184.7082337358271,156.1349776034844,114.2902152923308,63.0194507594479,22.63814525056398,4.84040376320654,2.019318234791057,2.421025530433436,2.272993523074545,2.981275476779966,3.96696949197284,3.607313920509209,1.830939071122035,2.648620982618377,2.398735370031585,3.49215140241854
"GCAM 8s","Very Low - SSP1","Reforming Economies (R10)","Capacity|Electricity|Geothermal","GW",1,0.06968363473209101,0.071168479869762,2.45178960263807,9.400375234202581,16.85099628410477,28.5443249322256,45.0840733025494,56.9551786932986,58.5763011690921,61.55039613937571,63.2672022157286,66.1620934439222,69.2575412268352,70.0516267796388,68.6808887718078,70.7560780378098,71.2768804012421,74.1032545561099
"GCAM 8s","Very Low - SSP1","Reforming Economies (R10)","Capacity|Electricity|Hydro","GW",1,85.43432961765009,86.5381880898143,90.4354234570475,95.3079107224804,100.1803102617374,105.0527098009944,109.9251093402514,114.7975088795084,119.6701715972933,124.5423956841983,129.4147074972793,134.2869315841845,139.1600329328488,144.0323447459299,148.904568832835,153.7768806459161,158.6491047328213,163.5213288197264
"GCAM 8s","Very Low - SSP1","Reforming Economies (R10)","Capacity|Electricity|Nuclear","GW",1,32.49624560562102,33.5155641825063,33.79176569941539,34.46252089339454,34.60144126603912,35.57576085506659,37.57743025540007,38.65208858466543,37.04131165314485,36.57071495011625,36.19076057081453,37.49094461867223,40.54831390479209,43.60884039442799,42.64147413520996,43.16037433973345,43.19243215783248,42.84456598560857
"GCAM 8s","Very Low - SSP1","Reforming Economies (R10)","Capacity|Electricity|Oil","GW",1,3.586068239405161,6.96776264756042,5.72025611733406,6.781727447405499,4.72238111378088,2.85082943304417,1.396764020536711,0.293963975029599,0.122805678164935,0.14632066890131,0.136715263015319,0.175782904594185,0.22947949451569,0.204564088583126,0.105632211374374,0.161214481756489,0.146034242678326,0.192925787959582
"GCAM 8s","Very Low - SSP1","Reforming Economies (R10)","Capacity|Electricity|Other","GW",1,0,0,0,0,0,0,0,0,0,0,0,0,0,0,0,0,0,0
"GCAM 8s","Very Low - SSP1","Reforming Economies (R10)","Capacity|Electricity|Solar|CSP","GW",1,0,0,0.069997156363317,2.74325210141409,16.0982377760596,54.52513702512,119.845636545442,176.999328717346,208.022243957453,249.921271368471,276.557848193827,282.826691646239,271.199880060375,258.206682750359,249.729880855988,241.494488848721,234.869151625004,230.044220821147
"GCAM 8s","Very Low - SSP1","Reforming Economies (R10)","Capacity|Electricity|Solar|PV","GW",1,3.09940423106783,3.552180120480749,67.4161485005898,431.174105636647,852.4971293804371,1446.086158786963,2251.897498017152,3003.940266043454,3292.630797315729,3449.11723842547,3496.541065327521,3504.22405327934,3469.55240894714,3396.37706424448,3362.83992662698,3299.01035511273,3225.06405821367,3135.444599888978
"GCAM 8s","Very Low - SSP1","Reforming Economies (R10)","Capacity|Electricity|Wind|Offshore","GW",1,0,0,0.731268324826123,11.2892531989286,28.36215056110056,59.22321874179148,104.3847623854273,148.1088943946793,157.2333142822832,164.3897165006946,154.8596056381658,141.2889398971444,137.6402314483443,149.5849351648944,140.9643470270577,139.6815417961549,125.7213396425471,112.8355387123211
"GCAM 8s","Very Low - SSP1","Reforming Economies (R10)","Capacity|Electricity|Wind|Onshore","GW",1,1.156827050225207,2.291519013910251,72.7132603258443,268.8369909181548,452.163008406517,732.266871441288,1149.050942336528,1546.799414638083,1675.646518926787,1773.729074947132,1840.968991122776,1877.497044918921,1861.32371731498,1809.536148964776,1770.792303009788,1707.96030848885,1650.113814811311,1595.646193871728
"GCAM 8s","Very Low - SSP1","Rest of Asia (R10)","Capacity|Electricity|Biomass","GW",1,11.47734978385114,12.86731505059904,12.46193931119172,31.82105488089288,39.08245331798644,29.71569722759659,11.92355327108038,2.439777440190613,1.76796589720707,2.201231558798809,2.309444610041724,3.049877347876,4.247900467252689,5.426279076278175,6.214433492292861,8.76868429193313,11.39598999903331,15.06528913527227
"GCAM 8s","Very Low - SSP1","Rest of Asia (R10)","Capacity|Electricity|Coal","GW",1,134.8093522072791,136.1925195121124,163.1352673138549,65.95174274923735,12.29146572255427,1.678282212695489,0.417512886823431,0.176580121991594,0.117890440026843,0.140942742399683,0.123538181200709,0.133171138164394,0.146675067159211,0.156301541524852,0.130847164881405,0.168310912184091,0.151112572064466,0.157724402560169
"GCAM 8s","Very Low - SSP1","Rest of Asia (R10)","Capacity|Electricity|Fossil","GW",1,336.2357720119614,347.1120415419074,386.7398120076332,329.2884672192677,236.7657529606982,129.264046295843,43.67904255471707,9.16324646718325,5.66927899701217,6.137650191462947,6.021902941588859,6.393212630658958,7.036713195368993,7.058073273992779,5.877650808600906,7.242254346601525,6.422375970170777,5.873607855779535
"GCAM 8s","Very Low - SSP1","Rest of Asia (R10)","Capacity|Electricity|Gas","GW",1,167.7752594024273,171.5163059989624,190.725630718603,215.184049929721,179.3411546675737,94.33513269577392,27.87412411043627,5.422241577559226,3.461405716205487,3.82152338448408,3.844464870789611,4.245642009808142,4.902185172048506,5.148058764971824,4.475456265145419,5.688855233038003,5.228557756952705,5.706684928399853
"GCAM 8s","Very Low - SSP1","Rest of Asia (R10)","Capacity|Electricity|Geothermal","GW",1,4.422088260483012,4.470534211346116,8.622621883303294,23.15462739812237,40.36101721792626,61.79468301018652,85.03411197634489,104.0420081594952,110.7777429583897,119.1077078035522,123.6627383169258,128.3529608550422,133.2739871140859,137.2130200559044,139.1108008864086,144.2287082329228,145.4122702825584,147.6478822126192
"GCAM 8s","Very Low - SSP1","Rest of Asia (R10)","Capacity|Electricity|Hydro","GW",1,79.97954231401617,88.649809780991,84.62409065643996,93.30314828624637,96.62775103986975,100.2103564770053,103.792874187965,107.1561641851887,110.2561879283424,113.3562993976718,116.4563231408254,119.556434610155,122.6564583533085,125.7563943702861,128.8565058396158,131.9564418565936,135.0565533259229,138.1565770690767
"GCAM 8s","Very Low - SSP1","Rest of Asia (R10)","Capacity|Electricity|Nuclear","GW",1,6.06608470753251,6.41528863142407,6.235423015264789,5.9283717000375,5.49990520730149,4.92469462808635,4.20292255030312,3.37803291702756,3.219461678613338,3.449836851519463,3.856496185408443,4.628649122477018,5.830509259165697,7.384316849981906,8.718870830395685,11.15361430166997,13.67770740969254,16.75264879306469
"GCAM 8s","Very Low - SSP1","Rest of Asia (R10)","Capacity|Electricity|Oil","GW",1,33.65116040225553,39.403216030833,32.87891397517575,48.15267454030947,45.13313257057014,33.25063138737359,15.38740555745733,3.564424767632445,2.089982840779846,2.175184064579186,2.053899889598534,2.014399482686423,1.987852956161273,1.753712967496095,1.271347378574081,1.385088201379439,1.042705641153602,0.009198524819516002
"GCAM 8s","Very Low - SSP1","Rest of Asia (R10)","Capacity|Electricity|Other","GW",1,0,0,0,0,0,0,0,0,0,0,0,0,0,0,0,0,0,0
"GCAM 8s","Very Low - SSP1","Rest of Asia (R10)","Capacity|Electricity|Solar|CSP","GW",1,0,0,0.516183441465295,25.55939098205918,114.8004951514344,308.5664734926505,587.8938057495936,897.0594994241051,1128.270942060379,1391.701401321406,1561.99243649857,1638.252926263012,1646.272990453103,1619.992077346122,1612.636494554893,1595.219619648123,1578.158264593856,1560.738930034205
"GCAM 8s","Very Low - SSP1","Rest of Asia (R10)","Capacity|Electricity|Solar|PV","GW",1,21.83578717235762,39.03851343269646,244.3811010553792,1011.743510086,1749.301060604683,2603.877311544017,3705.604944822248,5030.735618531802,5948.511419284998,6725.552242380915,7424.794033477709,8044.34862246471,8495.92771666994,8735.33149989327,8881.131576240434,8888.739840400003,8808.576554537667,8671.862160892128
"GCAM 8s","Very Low - SSP1","Rest of Asia (R10)","Capacity|Electricity|Wind|Offshore","GW",1,0,0,1.142834331949159,32.95744751014296,88.21707138910185,163.6276293491574,251.5738162722378,341.2574890619565,372.5134099407207,394.0271626967158,388.7295844123973,376.7125578204261,366.4442775129394,378.0473304713888,362.3984001632232,365.6452554109154,352.953906803817,338.3710472824559
"GCAM 8s","Very Low - SSP1","Rest of Asia (R10)","Capacity|Electricity|Wind|Onshore","GW",1,4.465770679200282,5.777903531243422,82.31615674231966,384.9466374821429,678.1202936158799,1032.542596827224,1450.959409541034,1902.157638344297,2186.130979126306,2375.507327300594,2528.453894230323,2632.68720787021,2693.021691850724,2722.563598691824,2738.72725342729,2709.745370669248,2664.379528583741,2614.351841575362
"GCAM 8s","Very Low - SSP1","World","Capacity|Electricity|Biomass","GW",1,146.691352357694,165.40016781785,150.75063346624,200.252735519731,267.939493306176,227.970319549624,153.422001506418,76.3099781481623,64.5571944862925,62.8327603817274,75.3030563222945,97.1430853565335,127.443105988021,159.003025788759,194.63501304812,238.230886791775,283.033238137394,328.304914191404
"GCAM 8s","Very Low - SSP1","World","Capacity|Electricity|Coal","GW",1,1949.69692038313,2109.60055378997,2153.33754822205,1529.65852398773,418.6298979187,19.9133000105198,1.31337373960559,0.435174488720422,0.442369211059809,0.424305232137382,0.4327906025974511,0.403981645756434,0.45632945484286,0.475203859558503,0.452019283736484,0.54112460746829,0.6405659029688291,0.5680542145752471
"GCAM 8s","Very Low - SSP1","World","Capacity|Electricity|Fossil","GW",1,4461.56017404179,4719.25948769222,4757.51312390135,3848.02159868985,2174.28672182878,901.807016651347,266.89041936871,53.9104482825028,36.9718587335835,36.8952888464162,38.4576410691902,42.4375575518932,47.4977614564443,45.6603383668455,41.0643576176848,46.8317859348928,46.4768206225988,43.3767579041219
"GCAM 8s","Very Low - SSP1","World","Capacity|Electricity|Gas","GW",1,2139.69221554143,2203.65833816488,2272.00046011658,2008.10159305622,1514.78011246684,730.716179673288,195.085612476426,36.3892812440263,24.9054817114329,25.2849815304379,26.6532572872587,29.9546526145234,34.21072245467,32.9224713598048,30.2150935646735,35.2396129500111,35.5972607192022,40.4142538251861
"GCAM 8s","Very Low - SSP1","World","Capacity|Electricity|Geothermal","GW",1,15.7715367443966,15.800007861675,50.038522052625,131.607809213622,253.46787250453,392.369764215304,530.917115235186,619.816686128719,659.372064226085,690.734063974434,713.753970856973,730.022381583438,748.826182213641,758.295905096258,769.998748879478,787.16304417604,799.494813017052,806.691710681532
"GCAM 8s","Very Low - SSP1","World","Capacity|Electricity|Hydro","GW",1,1371.77256430835,1355.4,1533.34610007052,1657.80202406307,1694.614585601,1731.6862727175,1768.31882014235,1804.73244689508,1838.43447509398,1872.13806481881,1905.84050533073,1939.54318270333,1973.24780759704,2006.95023056373,2040.65325884103,2074.35471681979,2108.05871885764,2141.76122955051
"GCAM 8s","Very Low - SSP1","World","Capacity|Electricity|Nuclear","GW",1,398.044880788555,417.600276649602,444.610107227146,463.804244165182,508.402409877284,534.225220563619,503.345486078559,504.053993733495,503.935895562862,508.646460423318,523.409935799681,541.426865374342,569.834710095165,596.91774701368,597.03254015224,613.721275245914,605.88241473325,592.343597687842
"GCAM 8s","Very Low - SSP1","World","Capacity|Electricity|Oil","GW",1,372.171038117234,406.000595737371,332.175115562712,310.261481645905,240.876711443243,151.177536967539,70.4914331526784,17.085992549756,11.6240078110908,11.1860020838408,11.3715931793341,12.0789232916134,12.8307095469315,12.2626631474822,10.3972447692748,11.0510483774134,10.2389940004278,2.39444986436049
"GCAM 8s","Very Low - SSP1","World","Capacity|Electricity|Other","GW",1,0,0,0,0,0,0,0,0,0,0,0,0,0,0,0,0,0,0
"GCAM 8s","Very Low - SSP1","World","Capacity|Electricity|Solar|CSP","GW",1,7.25970854599154,7.60000273542068,14.0685949250113,108.403665360503,528.626905114486,1496.84022418572,2921.23325762849,4368.30287823792,5674.92816703443,7001.72509349622,7933.42964635281,8288.98629982432,8257.41889960371,8064.32778314586,7905.01873612122,7748.7117320654,7623.68321738466,7510.34412660551
"GCAM 8s","Very Low - SSP1","World","Capacity|Electricity|Solar|PV","GW",1,671.307227851668,829.6,3323.07598258822,10716.1097593489,20046.7830904408,29713.3603631353,41213.8984844743,52720.2901376742,60289.1804677941,65542.8502430146,69611.5478233248,72822.4885285391,74836.4417678407,75772.3683810105,76261.4046192456,75849.9089946607,74756.6067529407,73385.7910126581
"GCAM 8s","Very Low - SSP1","World","Capacity|Electricity|Wind|Offshore","GW",1,0,0,22.2605548031375,235.545126755953,700.997098069148,1309.34481937413,2025.16680478445,2666.67270930116,2989.7686913796,3074.50496229717,3024.05410407647,2883.54375320319,2828.91013875951,2826.33115801789,2775.8955324,2728.85736401077,2655.59736792921,2544.68970064013
"GCAM 8s","Very Low - SSP1","World","Capacity|Electricity|Wind|Onshore","GW",1,630.850154955671,734.6,1860.28189091327,4825.23346762414,8579.41273208769,12693.6714383725,17384.4260494081,21696.5844263074,24061.0766387476,25758.8146373008,26807.9298503077,27435.8806913422,27686.3307922745,27769.1450151707,27566.9116564343,27178.0645310787,26647.2570840513,26101.0311009502
"GCAM 8s","Low - SSP2","Africa (R10)","Capacity|Electricity|Biomass","GW",1,0.532771673420121,0.493553609472383,0.6641541806700031,2.394838024842983,4.634005491508849,7.23646754587555,10.46136420630699,13.48849928958276,12.16357195666235,12.33346522066838,15.11471372952936,17.16236728322781,17.13569260520243,13.60538194986921,11.78967400125522,10.5630132938868,7.653375247209867,5.863424907419802
"GCAM 8s","Low - SSP2","Africa (R10)","Capacity|Electricity|Coal","GW",1,51.1857196852072,51.24499160392423,49.90475527486413,27.57332407701703,10.54213587889828,2.715224327509041,0.650761638922508,0.201785886738516,0.08396942446626901,0.057098049372044,0.04897652622553501,0.053583956597579,0.04993718855006,0.050362911361142,0.052377798357991,0.053548646134893,0.050221656832508,0.04899626778499101
"GCAM 8s","Low - SSP2","Africa (R10)","Capacity|Electricity|Fossil","GW",1,177.7224984079728,193.0369964126653,191.1797413261462,160.5677979916858,142.6632755650697,126.5864844751118,114.030511546402,96.77260764328705,85.78792106841836,79.51426802403523,80.6763157507789,82.51352710113372,77.65073376221929,60.49146025993208,48.63138959960464,40.08548394974056,28.60294742955573,17.70129325685706
"GCAM 8s","Low - SSP2","Africa (R10)","Capacity|Electricity|Gas","GW",1,103.2620379473697,109.4133073970553,116.8167876790353,109.9906082038009,107.3072869724696,98.5151401433839,86.92266384054854,70.63519019221299,59.43154024889886,53.25854445782828,54.23379488271575,55.52759701340101,52.78261034347398,41.35135647506434,33.60896862573134,28.32105907702783,20.71754086197366,16.45134534456094
"GCAM 8s","Low - SSP2","Africa (R10)","Capacity|Electricity|Geothermal","GW",1,0.837604925878709,0.83356926602842,2.480356600891921,8.175794380748588,15.2623127645895,22.80312177884121,29.82382170664924,35.41250740535815,39.85377674791317,43.17432412062531,45.71748559584475,48.2797262136274,50.88929671024336,53.68224011841721,56.55074866301922,59.31851991573721,61.23939987625413,63.31654679571887
"GCAM 8s","Low - SSP2","Africa (R10)","Capacity|Electricity|Hydro","GW",1,45.30649061859999,46.79928309190394,53.74095012458159,62.15253064387169,70.06064186668257,77.96883204305185,85.87694326586264,93.78505448867341,101.6931657114843,109.6013646604712,117.5095460642228,125.4175344703873,133.3257860550797,141.2339499135962,149.1420260459366,157.0502776306289,164.9583537629693,172.8665176214859
"GCAM 8s","Low - SSP2","Africa (R10)","Capacity|Electricity|Nuclear","GW",1,1.4727160856598,1.83735240588694,1.78583989476077,1.69790026919409,1.57518384299815,1.41044121515328,1.20372237013284,0.967455678731662,1.641038012987095,2.906983005331322,4.775984162013444,7.605854232137258,11.79027944762924,17.97453109232509,26.88885120168256,39.58140879231466,56.18050544424164,78.23901535788492
"GCAM 8s","Low - SSP2","Africa (R10)","Capacity|Electricity|Oil","GW",1,23.2747407753959,32.37869741168555,24.4581983722469,23.00386571086783,24.8138527137017,25.35612000421876,26.4570860669309,25.93563156433544,26.27241139505325,26.19862551683488,26.39354434183777,26.93234613113503,24.81818623019522,19.08974087350656,14.97004317551534,11.71087622657783,7.835184910749513,1.200951644511137
"GCAM 8s","Low - SSP2","Africa (R10)","Capacity|Electricity|Other","GW",1,0,0,0,0,0,0,0,0,0,0,0,0,0,0,0,0,0,0
"GCAM 8s","Low - SSP2","Africa (R10)","Capacity|Electricity|Solar|CSP","GW",1,1.429866137191965,1.525940574834752,1.577366504556247,2.505639650804927,3.495598029793989,5.185394515020074,7.639214008115261,10.7855141607293,13.62145385898648,18.68500893515697,24.80373619536826,31.84739823568092,40.14649668040033,50.49555535676053,62.70754044154704,76.58691449878147,91.66965104321831,108.0613612732113
"GCAM 8s","Low - SSP2","Africa (R10)","Capacity|Electricity|Solar|PV","GW",1,10.32611240693181,11.62745096989259,142.2640998695291,507.5595949270604,938.384355644317,1540.02234082739,2385.81780344809,3457.745242167064,4867.619214947172,6632.322754033601,8611.626459281655,10834.36953528583,13281.44361923021,16037.54117839944,18956.36296081682,21929.49358961251,24971.93322038157,28033.37356207093
"GCAM 8s","Low - SSP2","Africa (R10)","Capacity|Electricity|Wind|Offshore","GW",1,0,0,1.115242144073211,19.00262112363521,55.3515359446773,107.611360738451,173.4966899702847,245.9844205485745,314.7755683549748,382.3908129538697,439.5509241826707,494.5772187620685,551.333275433619,606.9865848222173,658.3285337700343,712.9154877184255,756.8502077116095,796.3236862991616
"GCAM 8s","Low - SSP2","Africa (R10)","Capacity|Electricity|Wind|Onshore","GW",1,7.708193544962517,9.20481212864006,41.73497038115152,166.0958100573475,345.0396016051429,575.0428429584751,879.0476848751065,1243.431667889831,1707.611900542417,2261.528560038346,2845.556669322366,3499.333943668106,4215.670741739092,5024.677095568779,5860.535566826902,6703.046187677819,7551.035355342869,8404.180467415992
"GCAM 8s","Low - SSP2","China+ (R10)","Capacity|Electricity|Biomass","GW",1,52.07485679910261,62.07272683959793,49.32501650557771,50.3590385937965,50.55276417379665,79.07565208561445,90.20626009967891,78.42745361522078,46.37456005913941,27.43205733926878,27.65100114575538,25.75639603055518,15.63798279063315,6.459913403535979,6.961875811580403,5.097276713706633,3.611802546469689,3.63364204200578
"GCAM 8s","Low - SSP2","China+ (R10)","Capacity|Electricity|Coal","GW",1,1067.09461448584,1169.384602996219,1240.392925867411,1174.67098801926,968.2523172645464,376.5409637387482,83.05236199035383,16.37541626325578,4.251008028675412,1.335056411257882,0.9435693028356411,0.8592270969009691,0.599573417690719,0.35115184810343,0.478906364869862,0.372090546233788,0.332073874710727,0.343460064835227
"GCAM 8s","Low - SSP2","China+ (R10)","Capacity|Electricity|Fossil","GW",1,1201.082580449738,1322.388573839342,1378.046895471295,1307.669882868462,1081.554687823101,490.2213358824901,178.7050809743312,80.1101974092439,49.7085016078633,32.6910655119651,26.2290858840403,21.33168857268016,14.04659640834935,6.8377433198843,5.95905979188102,4.86227607688307,3.13094499904752,2.319603224763419
"GCAM 8s","Low - SSP2","China+ (R10)","Capacity|Electricity|Gas","GW",1,125.2203740139552,144.0630938998414,130.8386207874134,128.0523709550422,109.6276152255188,109.5571310645724,92.6791046991206,62.2278902786362,44.2985630786477,30.5372357162091,24.6283271664521,19.91697269877443,13.11459053646435,6.33405960796526,5.31041888886348,4.34072011113841,2.70504887826273,1.912481722643327
"GCAM 8s","Low - SSP2","China+ (R10)","Capacity|Electricity|Geothermal","GW",1,0.02167321285012,0.021550000633228,3.9778051155594,8.51699155628855,14.7833362545714,31.194730959552,40.8869527385982,43.7205303546144,49.1668863960675,49.3857636382712,50.9531733725245,52.4465168486487,50.7162778355095,49.2312266207312,53.8952226981727,53.7306700204119,55.1095885878098,57.0440415910586
"GCAM 8s","Low - SSP2","China+ (R10)","Capacity|Electricity|Hydro","GW",1,418.8611193510551,411.7275425358363,496.7133983967193,563.6187314841561,563.8855155578824,564.1522908589911,564.4190661600999,564.6858414612086,564.952625534935,565.2194008360437,565.4861761371525,565.7529514382612,566.0197355119875,566.2865108130962,566.553286114205,566.8200614153137,567.0868454890401,567.3536207901489
"GCAM 8s","Low - SSP2","China+ (R10)","Capacity|Electricity|Nuclear","GW",1,78.2900073137271,84.1038377340829,89.8925461380221,94.1188678573014,97.4654206707965,111.5042728632821,123.1010585773145,126.4542022940671,140.8250038230798,153.2889059312233,168.8003871037403,189.5274575980151,205.2053667743292,215.826664408406,227.0860816651227,241.746128928791,258.5575745210066,267.2628561457556
"GCAM 8s","Low - SSP2","China+ (R10)","Capacity|Electricity|Oil","GW",1,8.767591949940929,8.94087694327269,6.81534881646166,4.94652389416064,3.674755333035989,4.123241079169074,2.973614284856845,1.506890867351911,1.158930500540151,0.81877338449808,0.6571894147525851,0.555488777004825,0.332432454194274,0.152531863815615,0.169734538147675,0.149465419510886,0.093822246074063,0.063661437284869
"GCAM 8s","Low - SSP2","China+ (R10)","Capacity|Electricity|Other","GW",1,0,0,0,0,0,0,0,0,0,0,0,0,0,0,0,0,0,0
"GCAM 8s","Low - SSP2","China+ (R10)","Capacity|Electricity|Solar|CSP","GW",1,0.908402044050391,1.04136137886965,1.736120168978488,7.546019115558799,12.68644389203959,28.28816926297764,47.7877572930265,62.34514042570621,83.3535038901704,101.315321515652,117.6740353919896,123.6002295609691,120.983023094504,118.6001608170675,116.7578892629629,117.424503676352,119.2993976022674,120.9163394545592
"GCAM 8s","Low - SSP2","China+ (R10)","Capacity|Electricity|Solar|PV","GW",1,226.4505708414122,284.9590091892489,960.4862086174669,2727.345643902564,4636.581127822609,6845.054817482808,8569.186684990094,9796.855541185116,11119.14665140793,11838.42492384189,12451.04891398623,12950.421124179,13136.76268829523,13136.56693731986,12965.10834561414,12644.48721104339,12278.78802529505,11829.4423695328
"GCAM 8s","Low - SSP2","China+ (R10)","Capacity|Electricity|Wind|Offshore","GW",1,0,0,2.313163839704908,16.25953835211396,49.46691968454806,143.2149560589825,239.2702724872839,304.4959676006184,379.5472787335059,420.694727346236,402.9472774106296,389.3985965467375,380.8473455657273,334.2988394929682,331.1038349574411,322.3430352790421,310.5790217694444,323.8269772613488
"GCAM 8s","Low - SSP2","China+ (R10)","Capacity|Electricity|Wind|Onshore","GW",1,185.0963241318819,259.8479390243149,440.4486192486734,856.5543860367992,1462.878671090282,2268.471382903131,2884.977608381666,3268.671404220574,3558.879982992725,3796.445675544031,3875.659401031348,3853.755859910542,3808.145760834018,3778.113565476744,3658.747858734799,3571.385440908758,3477.393568897781,3353.795557131765
"GCAM 8s","Low - SSP2","Europe (R10)","Capacity|Electricity|Biomass","GW",1,44.18632507472214,47.94976186780234,44.6110562647704,51.56100124703971,49.3655072691703,43.97287263065446,54.20459235536963,56.34312268985147,48.67550844321593,42.55767234860132,45.51514208415668,47.83817438031226,50.31775473242955,50.38177768172108,56.3925510921825,59.85688921091186,62.16290762243023,64.97250986291601
"GCAM 8s","Low - SSP2","Europe (R10)","Capacity|Electricity|Coal","GW",1,117.9367913210311,130.6445000782068,120.0814989962615,39.21754786706757,12.95340369251847,4.344204522410958,1.584569401339903,0.6475541461892721,0.294908682870546,0.175346910768613,0.089964465120293,0.073523759565313,0.058982526182167,0.04931872171675,0.060124843607635,0.06513542574490201,0.04338067367841501,0.033232275014309
"GCAM 8s","Low - SSP2","Europe (R10)","Capacity|Electricity|Fossil","GW",1,355.0630469693203,378.3249893672757,361.4870800814895,246.5295276712566,179.6668498773348,112.739970125416,82.29120042596422,48.05691766135737,39.08846208909631,29.60652344915996,25.61885221474109,21.18632930908801,17.48415932726386,10.22670916773858,9.503208361232517,6.681141652427455,3.991599811038141,2.503492244871644
"GCAM 8s","Low - SSP2","Europe (R10)","Capacity|Electricity|Gas","GW",1,213.9765569875624,225.0131536367572,227.5874621147987,200.0893827650564,161.7442943799554,104.6559607150859,77.22756159707177,45.08421238843977,35.85588419410325,27.26398284501721,23.82535882107689,19.66299960259384,16.16198999440291,9.385516935672932,8.506812411818558,5.950265746453978,3.553029893067923,2.27179728836935
"GCAM 8s","Low - SSP2","Europe (R10)","Capacity|Electricity|Geothermal","GW",1,3.758439474568955,3.82877685125602,11.04431006521988,24.38355027606261,34.38267860532788,45.55597344660391,60.5678259075479,71.8793191933685,85.27974040813605,92.37330004416992,98.67443449455683,104.2323416110222,109.3332607924878,114.9249042397995,124.1965747620065,127.925463386485,131.1507780511917,133.7884671568307
"GCAM 8s","Low - SSP2","Europe (R10)","Capacity|Electricity|Hydro","GW",1,207.054075113878,204.2146946121332,224.4759322129466,225.053073952001,225.630224463673,226.2073662027273,226.7845167143993,227.3616584534536,227.9387212389496,228.515862978004,229.0930134896759,229.6701552287303,230.2473057404023,230.8244562520741,231.4015102649525,231.9786607766245,232.5558025156789,233.1329530273508
"GCAM 8s","Low - SSP2","Europe (R10)","Capacity|Electricity|Nuclear","GW",1,124.0901370850516,132.1957741992408,134.7414292645979,137.6484491401203,135.2007594225707,129.6295674359715,122.6120093154158,111.4722266867252,107.6462825553543,104.155058159705,101.9220512074105,102.749945060948,107.5047335060091,113.9270623130381,119.0120525087511,127.024387519317,136.8400152684489,146.5621558456112
"GCAM 8s","Low - SSP2","Europe (R10)","Capacity|Electricity|Oil","GW",1,23.14969866072698,22.6673356523117,13.81811897042893,7.222597039132423,4.969151804860818,3.739804887919267,3.479069427552576,2.325151126728276,2.937669212122525,2.167193693374134,1.703528928543869,1.449805946928874,1.263186806678789,0.7918735103489041,0.9362711058063321,0.665740480228577,0.395189244291804,0.19846268148798
"GCAM 8s","Low - SSP2","Europe (R10)","Capacity|Electricity|Other","GW",1,0,0,0,0,0,0,0,0,0,0,0,0,0,0,0,0,0,0
"GCAM 8s","Low - SSP2","Europe (R10)","Capacity|Electricity|Solar|CSP","GW",1,2.5929739344741,2.68822890009951,5.439210793335159,16.75908779064685,22.8016963720067,30.73190221023916,42.00961866065388,51.77089660710941,65.48221427824512,71.3830721742847,80.3836676749095,86.811891901246,90.90632420657539,95.6775012567072,100.8343561516023,106.399749060625,111.9460090290772,116.5544024816232
"GCAM 8s","Low - SSP2","Europe (R10)","Capacity|Electricity|Solar|PV","GW",1,140.662876928567,158.2156365338788,484.5292847477369,1403.515363343781,2205.429961805664,2985.440007506951,3902.431641139934,4610.186970584296,5302.675844487542,5635.826690676266,5912.046751692182,6149.179919078943,6311.053921731163,6553.426929829229,6762.579152434831,6883.130019400829,7008.441474264312,7070.76465924219
"GCAM 8s","Low - SSP2","Europe (R10)","Capacity|Electricity|Wind|Offshore","GW",1,0,0,8.90463233869165,58.38602533499372,116.1664795351596,182.9897088850246,269.8607489570294,332.2085419695889,392.2213357411959,424.1323113220993,434.6150560722771,426.8290957650442,438.8623804456067,415.3396304625731,449.374805787143,472.4585983264428,481.5832288466167,480.452979665659
"GCAM 8s","Low - SSP2","Europe (R10)","Capacity|Electricity|Wind|Onshore","GW",1,202.4388874464432,197.0559054775005,391.1314649198022,753.2416293595206,1125.894199411199,1462.03728670639,1864.871358596609,2182.269592223651,2465.435911689227,2699.863710308492,2846.088715517887,2979.374892627319,3069.976141280017,3189.003801633444,3212.018675452352,3253.719577072362,3301.447319200918,3336.310226174128
"GCAM 8s","Low - SSP2","India+ (R10)","Capacity|Electricity|Biomass","GW",1,3.41719674010964,3.7570321298385,1.82437887156319,4.64218631469665,8.04148610879527,16.4982035393067,27.2352778222476,31.6879834004844,22.4744555473096,16.2108526800518,18.063925081408,17.4090373191981,13.9124055139068,7.85463508961584,5.97256855048583,4.86814499610955,3.43577320955865,2.52818111283755
"GCAM 8s","Low - SSP2","India+ (R10)","Capacity|Electricity|Coal","GW",1,228.017860916186,243.211015657514,307.438487190334,322.857727274074,309.932162054917,187.665279632887,57.758996145715,10.9504646717405,2.09471261145786,0.555151884787219,0.317170512691543,0.206814487433356,0.131320794211821,0.081672876337208,0.06271442858995001,0.05827645918541501,0.058633864546867,0.05461209657776001
"GCAM 8s","Low - SSP2","India+ (R10)","Capacity|Electricity|Fossil","GW",1,251.129936405275,264.878157823299,327.962706556158,354.202517344191,350.037402437518,237.740973016112,108.452223456054,46.3589136939762,26.9826652599389,17.5411654377205,15.4100068839851,14.1680005579352,11.2218291502918,6.87732566402712,5.0344950833911,3.96257044069249,2.89835656602461,1.73797744202233
"GCAM 8s","Low - SSP2","India+ (R10)","Capacity|Electricity|Gas","GW",1,20.3577488033136,19.020687103272,18.6234330412871,26.7545982648037,32.8585567239406,39.3221271126757,39.6101766994369,28.6693071956665,20.4141476590376,13.8164767341071,12.1272644429679,11.1855927284022,8.85622514163762,5.40264261555161,3.86336043920151,2.99301484262165,2.15354596795656,1.67896568497401
"GCAM 8s","Low - SSP2","India+ (R10)","Capacity|Electricity|Geothermal","GW",1,0,0,1.43575323038729,3.8073280072528,6.9558437095958,14.6025126560729,21.8047321922354,24.3887557739272,26.0957536362203,27.3410162379093,28.6838455562747,29.7001043516302,30.6548585517672,30.8539318664365,32.1415637507435,33.2926457953977,34.3884625870564,35.3676268173689
"GCAM 8s","Low - SSP2","India+ (R10)","Capacity|Electricity|Hydro","GW",1,50.8135451778738,51.3012149900618,57.899276136721,68.4264172524884,73.6899878103721,78.9535583682558,83.3398671664923,87.7261759647287,90.8044874793311,93.883676255693,96.9619877702954,100.041176546657,103.11948806126,106.197799575862,109.276988352224,112.355299866826,115.434488643188,118.512800157791
"GCAM 8s","Low - SSP2","India+ (R10)","Capacity|Electricity|Nuclear","GW",1,6.39895858004171,7.00622449120312,8.39728028941562,10.8493238747189,14.4785160166248,23.4187490834795,36.8048881210856,48.1379049629341,61.3130038568201,75.6248385990202,91.4596898387612,108.996518635697,127.554757403899,144.702230735523,162.252353737713,181.205070909696,201.335491074896,218.757973039486
"GCAM 8s","Low - SSP2","India+ (R10)","Capacity|Electricity|Oil","GW",1,2.75432668577508,2.64645506251235,1.90078632453677,4.5901918053135,7.24668365866058,10.7535662705499,11.0830506109025,6.73914182656921,4.4738049894434,3.16953681882617,2.96557192832565,2.77559334209965,2.23428321444237,1.39301017213831,1.10842021559964,0.9112791388854211,0.686176733521181,0.004399660470567
"GCAM 8s","Low - SSP2","India+ (R10)","Capacity|Electricity|Other","GW",1,0,0,0,0,0,0,0,0,0,0,0,0,0,0,0,0,0,0
"GCAM 8s","Low - SSP2","India+ (R10)","Capacity|Electricity|Solar|CSP","GW",1,0,0,0.272023721161674,2.12887643896403,4.37092675322106,13.1743813466508,28.6586422919509,42.2854478041357,56.1653190656794,68.7640339283674,81.8405639447316,89.3529502788828,91.0105108361312,93.2551692139011,96.8054121124043,101.696957424108,107.394760632057,113.70499622773
"GCAM 8s","Low - SSP2","India+ (R10)","Capacity|Electricity|Solar|PV","GW",1,50.4417043462473,61.4377515321063,247.229026419766,784.631447715593,1422.92459627857,2298.89027992317,3356.25454692858,4360.54341504295,5366.46932862336,6325.20441638567,7287.82098697701,8117.60234581893,8745.81679302675,9215.47381955197,9578.83847819,9843.20558160533,10044.7817370893,10184.1176195871
"GCAM 8s","Low - SSP2","India+ (R10)","Capacity|Electricity|Wind|Offshore","GW",1,0,0,0.341689186311167,3.45289613929922,11.1312684084321,31.601351505611,60.3363461568682,83.9314900691917,102.667103344862,115.983780737158,117.658090156778,113.205782488716,113.691007058634,113.791621088362,116.199898359229,118.571061205638,119.890539210297,121.735312225441
"GCAM 8s","Low - SSP2","India+ (R10)","Capacity|Electricity|Wind|Onshore","GW",1,26.5281644040019,30.4036110028185,85.0094881576242,243.919502398808,501.581008161552,859.62994418422,1255.73955546342,1575.87252156289,1850.0590367962,2080.03782007532,2252.93919030341,2364.55723497188,2444.378353636,2526.74635666881,2587.01921246472,2633.45605283216,2659.57756868623,2670.22618917191
"GCAM 8s","Low - SSP2","Latin America (R10)","Capacity|Electricity|Biomass","GW",1,5.034239588746964,5.689100280423386,4.531236682760243,7.741104469178304,10.39091408751436,13.09936301276244,16.53196644800677,18.47763870527648,13.1172635210784,9.88287709351235,10.54002167161854,10.21856612673323,8.536468468883085,4.852935442714929,3.684563372326927,2.796925813094326,1.892609395783846,1.509423037777528
"GCAM 8s","Low - SSP2","Latin America (R10)","Capacity|Electricity|Coal","GW",1,15.57110227647251,15.97038524003899,17.93951419580145,12.303485255714,5.936963500897389,1.470420099062396,0.4493385902230521,0.175032190276086,0.096802821555521,0.07386809346601701,0.06522071408267201,0.07326086470331601,0.067078996420636,0.05949283266615601,0.05232084271632301,0.040955876665358,0.034974217241129,0.032615396039962
"GCAM 8s","Low - SSP2","Latin America (R10)","Capacity|Electricity|Fossil","GW",1,197.3934228530892,235.1130656262963,247.7498931218852,222.097334869006,204.0757467304748,166.4193105484235,133.7466428868888,96.79699457319467,72.309123188649,52.78827737473103,48.0494246300142,44.4692350350867,37.76691654903134,22.65299595388007,16.49992284292343,11.62254822241219,7.80633267422178,3.852995690008787
"GCAM 8s","Low - SSP2","Latin America (R10)","Capacity|Electricity|Gas","GW",1,112.8911795210629,138.1123575777505,152.6418454373966,147.1381610865932,146.8203037270566,126.2296987607162,101.4838152446672,73.22921749075692,52.32620463710833,36.77556791830644,32.57915173618776,29.29543922943868,23.92797540785939,14.3930499580594,10.19014334367384,7.198006241191888,4.730958154049211,3.494465935471849
"GCAM 8s","Low - SSP2","Latin America (R10)","Capacity|Electricity|Geothermal","GW",1,1.685321896787621,1.530097215009446,3.073294672936494,7.761704356002313,15.59151461443547,27.57381657285128,42.23745625455061,56.44672454580368,69.10158695308144,77.95372123187656,84.18489063473488,88.81997749391968,93.55619675013794,96.08892368346568,99.95780655173745,103.4572780733005,106.8424866537166,109.4886331797604
"GCAM 8s","Low - SSP2","Latin America (R10)","Capacity|Electricity|Hydro","GW",1,227.2154978716795,221.0757709039654,255.6210494240887,278.0573171960664,286.9119850849195,295.7666617463892,305.059793835331,314.3530662861554,322.5068634373725,330.660485136238,338.8140191089284,346.9678162601457,355.1226661254749,362.8668697611138,371.4295586185028,379.5829171388405,387.7372406471141,395.8907746198036
"GCAM 8s","Low - SSP2","Latin America (R10)","Capacity|Electricity|Nuclear","GW",1,5.35784809466527,5.576852792767159,5.23237302125244,5.19776070813257,4.90707955511869,4.58800883742198,4.2392124738343,3.867963829883188,4.120777597363372,4.6155836928596,5.37908652091587,6.678922653628694,8.542463155017872,10.65463113562178,13.35921004559234,16.88715284536723,21.06470034382902,26.29849258887101
"GCAM 8s","Low - SSP2","Latin America (R10)","Capacity|Electricity|Oil","GW",1,68.93114105555388,81.03032280850681,77.16853348868709,62.65568852669891,51.31847950252074,38.71919168864491,31.81348905199855,23.39274489216172,19.88611572998513,15.93884136295853,15.40505217974381,15.10053494094468,13.77186214475132,8.200453163154512,6.257458656533265,4.383586104554936,3.040400302931441,0.325914358496978
"GCAM 8s","Low - SSP2","Latin America (R10)","Capacity|Electricity|Other","GW",1,0,0,0,0,0,0,0,0,0,0,0,0,0,0,0,0,0,0
"GCAM 8s","Low - SSP2","Latin America (R10)","Capacity|Electricity|Solar|CSP","GW",1,0,0.079985085639657,0.208487889464659,1.114670291519322,2.043812268295633,3.938006149903615,7.243191805099722,11.54412884827819,17.11193843909057,22.525697939967,28.61648571864117,34.74200545055312,40.71373162257492,44.91411303966611,48.82540664907392,52.54926506782621,56.32629160829128,60.15873351266199
"GCAM 8s","Low - SSP2","Latin America (R10)","Capacity|Electricity|Solar|PV","GW",1,28.04304688799491,39.36146306334594,166.4477985421695,520.020559079564,970.1519818289175,1542.636591317702,2227.842523683053,2933.795945097568,3640.163373278304,4264.768165974091,4816.391891363398,5353.399515214847,5879.932871817055,6233.395543731459,6547.246161096042,6788.135796378153,6994.955684829715,7134.450253322222
"GCAM 8s","Low - SSP2","Latin America (R10)","Capacity|Electricity|Wind|Offshore","GW",1,0,0,0.6904848543085641,7.704156393334422,23.41620859359994,50.41220086531755,89.14427776852239,132.2001927849435,172.3661258093884,204.1331882935152,224.5094343015974,237.7013459177476,249.6652627536572,254.6570871541425,263.8616341171896,272.8991497478595,277.3077740667799,280.288664502265
"GCAM 8s","Low - SSP2","Latin America (R10)","Capacity|Electricity|Wind|Onshore","GW",1,41.21617021752049,49.84367587097653,87.24184153107282,201.915242735818,383.5352936545552,602.8254764135216,866.0038828870952,1131.981847804665,1384.064995990076,1620.41945518865,1804.242015614895,1984.310246457023,2156.416654854389,2257.919027600647,2325.495316588196,2384.945920950825,2434.955472652968,2474.54323749944
"GCAM 8s","Low - SSP2","Middle East (R10)","Capacity|Electricity|Biomass","GW",1,0,0,0.251875075730278,1.34881211637916,2.59778418844629,4.67440107616908,6.98125228811055,8.35213825049575,6.20928045072742,5.6610152083204,5.72796063520051,5.68295227204714,5.03864235005011,3.98679411409148,4.0697254495132,5.35769540313067,5.935470082807,6.55342175468983
"GCAM 8s","Low - SSP2","Middle East (R10)","Capacity|Electricity|Coal","GW",1,4.26083632851995,4.32487778807412,5.08109432368394,2.7350979308785,1.44233590296892,0.552589986401515,0.191666383019878,0.075642273786512,0.041775906648883,0.036692700106241,0.033193647717809,0.03416289158189401,0.036985729625418,0.037373582765936,0.037268494688124,0.043296315120417,0.037671018172881,0.03610110595442501
"GCAM 8s","Low - SSP2","Middle East (R10)","Capacity|Electricity|Fossil","GW",1,757.680297365373,766.721584631885,712.559026852219,548.487927690106,480.698518296729,387.661344780449,304.942208957884,223.992400151123,155.526526685492,108.776071138663,85.7977083134525,69.585848432331,50.9203401356611,29.6477813496105,19.8045297174242,16.1491057375282,9.5564893134162,5.16085503454963
"GCAM 8s","Low - SSP2","Middle East (R10)","Capacity|Electricity|Gas","GW",1,587.199413737138,596.195359401019,562.215689877086,435.835315458158,381.437772259658,304.122317956215,241.618029592369,182.686405024135,127.717251151226,87.2510513452929,69.9479708849487,56.9199600176115,41.3355994341201,23.4643983511432,15.4197527232434,12.5006021784284,7.42547721551218,5.10903673960953
"GCAM 8s","Low - SSP2","Middle East (R10)","Capacity|Electricity|Geothermal","GW",1,0,0,1.0112856725836,3.57938058059998,6.01661206738082,10.2496275754372,14.6280022041548,17.7986021460621,19.8713738664202,21.5444574728904,22.1317511181006,22.7632563274113,23.494587820812,24.3936538969333,25.4751114249105,27.1527165598179,27.3942533057474,27.8076583980877
"GCAM 8s","Low - SSP2","Middle East (R10)","Capacity|Electricity|Hydro","GW",1,7.14687610349452,6.96307221961322,9.05755221600631,11.6757399376736,14.293839933165,16.9120276548323,19.5301276503237,22.148315371991,24.7664153674824,27.3846030891497,30.0027030846411,32.6208908063084,35.2389908017998,37.8571785234671,40.4752785189585,43.0934662406258,45.7115662361172,48.3297539577845
"GCAM 8s","Low - SSP2","Middle East (R10)","Capacity|Electricity|Nuclear","GW",1,1.08829004492158,1.95707802557638,1.90219631308737,1.80850186356462,1.67771963705358,1.50220675971727,1.28195550668252,1.0301827641391,1.31134968808273,1.93789616938201,2.68614191532594,3.71539117793065,5.09316606691769,6.93407562248545,9.39345916742087,13.2706122566144,17.7355662330424,23.2388713400537
"GCAM 8s","Low - SSP2","Middle East (R10)","Capacity|Electricity|Oil","GW",1,166.220047299716,166.201347442791,145.262242651449,109.917514301069,97.8184101341017,82.9864368378328,63.1325129824954,41.2303528532012,27.7674996276169,21.488327093264,15.8165437807861,12.6317255231376,9.54775497191555,6.1460094157014,4.34750849949266,3.60520724397944,2.09334107973114,0.015717188985681
"GCAM 8s","Low - SSP2","Middle East (R10)","Capacity|Electricity|Other","GW",1,0,0,0,0,0,0,0,0,0,0,0,0,0,0,0,0,0,0
"GCAM 8s","Low - SSP2","Middle East (R10)","Capacity|Electricity|Solar|CSP","GW",1,0.545352856634026,0.615469652486972,0.6595392160015141,1.42921839007349,2.08019550335164,3.50029981913606,5.57910958574898,7.91010613130435,9.92414309513745,12.5502482115526,14.978344410893,16.7482126386806,18.0627995879846,19.4584238633878,20.9806383500429,22.7717641006065,24.6479201675672,26.5031333803449
"GCAM 8s","Low - SSP2","Middle East (R10)","Capacity|Electricity|Solar|PV","GW",1,10.7897626144042,13.3475874128779,165.209146962725,608.064070657004,997.546434444028,1477.31568372657,2039.48060621717,2621.46919678276,3201.18233532302,3808.42710839222,4385.76946046747,4901.36011915846,5348.46839482393,5790.53018686797,6199.23476441746,6558.12499090622,6920.88741063709,7252.5578492474
"GCAM 8s","Low - SSP2","Middle East (R10)","Capacity|Electricity|Wind|Offshore","GW",1,0,0,0.456195396922962,8.61688001269762,21.652473117808,41.6741176232938,64.3502645931818,85.0395472329287,97.6666627048343,108.552356243275,109.808991535134,109.213737476776,110.488765757747,113.029844789289,114.717073094119,122.488439440348,126.780136899911,130.210100923141
"GCAM 8s","Low - SSP2","Middle East (R10)","Capacity|Electricity|Wind|Onshore","GW",1,0.934496320225014,1.17137064947338,33.5371426606679,163.53399844745,302.711711427168,473.419941018615,663.475502808366,845.328334381236,1012.62686020631,1158.12886602166,1270.50507145911,1359.11161928288,1436.167649921,1527.34981167414,1616.56461541184,1696.53361199883,1776.67851104948,1849.84247936032
"GCAM 8s","Low - SSP2","North America (R10)","Capacity|Electricity|Biomass","GW",1,13.6417015877337,13.81769241901341,14.77766277529778,21.94069356374936,23.02655018677403,35.99466900747666,56.9035330110731,67.8666080669872,70.6414417427798,74.6533127679009,86.12718620642049,100.056587886996,114.8785217413455,130.6210039639498,155.09366503545,172.3276958617486,182.1034009343996,187.6294080520731
"GCAM 8s","Low - SSP2","North America (R10)","Capacity|Electricity|Coal","GW",1,183.9903220220911,211.3669168233703,141.7471599867415,17.80114677130422,4.70105588741617,1.980889628831108,0.9091055907477471,0.423682725295253,0.173170245139162,0.090480484481659,0.050187310963872,0.046094068802976,0.045463225492551,0.032169701988591,0.026085395183282,0.022618012192415,0.022451289010971,0.019418317422945
"GCAM 8s","Low - SSP2","North America (R10)","Capacity|Electricity|Fossil","GW",1,705.880021161272,719.8481503300363,703.2682464503984,529.3551669301094,414.8248235682813,335.3896539527095,259.1644021602119,179.3931689854496,131.373375384158,95.3486500031681,77.49814312096434,66.74428115747686,59.10496251984424,34.51852460974218,26.01223156190401,18.32273241711901,10.38974509742005,7.538964577131294
"GCAM 8s","Low - SSP2","North America (R10)","Capacity|Electricity|Gas","GW",1,501.1964765605098,488.5466028764954,549.3128233559747,501.3542059166392,403.4836206237048,327.0846296994571,252.3729419108922,174.8361596168793,126.2629081680861,91.2002017139899,74.21898891550774,63.63003481850231,56.4038086471296,32.73585481022163,24.29570036452678,16.99254166303381,9.510369431227412,6.837294763259246
"GCAM 8s","Low - SSP2","North America (R10)","Capacity|Electricity|Geothermal","GW",1,3.11682313270008,3.15736822750493,10.81841401577297,28.78012206416048,41.82566606697226,56.53269614057084,73.00392939162938,88.61523167212701,107.0161877071715,118.6896746671498,129.2746413552425,139.5857655471997,148.5267126338303,158.7067795221789,170.1010854388577,178.4048081850965,185.3342057006615,193.5145474491124
"GCAM 8s","Low - SSP2","North America (R10)","Capacity|Electricity|Hydro","GW",1,212.7465038555831,200.9318933813571,219.1996413595486,221.4761356258326,223.7517526303586,226.0282468966426,228.3047411629276,230.5812354292126,232.8568524337376,235.1333467000216,237.4098409663066,239.6854579708316,241.9619522371166,244.2384465034016,246.5149407696856,248.7905577742106,251.0670520404956,253.3435463067806
"GCAM 8s","Low - SSP2","North America (R10)","Capacity|Electricity|Nuclear","GW",1,137.0216313472782,134.4626411194255,130.6927749584183,128.4870314479793,125.1768795978305,120.7665824442361,114.7675650752104,105.3882793126721,103.5594863857681,103.9671306011725,104.599340186825,109.6228752584115,117.9803358423593,128.836804081007,143.7134764512362,162.9981783496417,179.0480341368304,195.2360567815543
"GCAM 8s","Low - SSP2","North America (R10)","Capacity|Electricity|Oil","GW",1,20.69322257867161,19.93463063017022,12.20826310768188,10.1998142421652,6.640147057160289,6.324134624421144,5.882354658571948,4.133326643275245,4.937296970932413,4.057967804696469,3.228966894492757,3.068152270171563,2.655690647222058,1.750500097531973,1.690445802193906,1.307572741892874,0.856924377181667,0.6822514964491
"GCAM 8s","Low - SSP2","North America (R10)","Capacity|Electricity|Other","GW",1,0,0,0,0,0,0,0,0,0,0,0,0,0,0,0,0,0,0
"GCAM 8s","Low - SSP2","North America (R10)","Capacity|Electricity|Solar|CSP","GW",1,1.77999709847526,1.64642027417812,2.60408677153938,7.84803283199078,10.4425074860452,15.3155300712861,22.4903907368644,29.6501675213656,40.3988684546594,48.4445734176023,56.9073749900309,63.8649310245572,68.7260206958955,74.0429396423416,78.9000739563544,84.7140540540487,90.7678532927879,97.2314451015174
"GCAM 8s","Low - SSP2","North America (R10)","Capacity|Electricity|Solar|PV","GW",1,98.13016234849887,125.3646943163042,522.3714988417988,1618.13879444533,2493.731368078512,3551.128733022657,4720.657765549684,5635.339630248327,6539.680884471745,7094.74678282655,7594.23732767831,8013.41791861046,8366.56355715417,8878.43694924483,9318.37553928924,9659.20271187547,10018.20388639226,10286.00436991571
"GCAM 8s","Low - SSP2","North America (R10)","Capacity|Electricity|Wind|Offshore","GW",1,0,0,3.322871938944602,28.92067954009257,64.6815770681354,115.8704700708389,182.5576460423113,236.6371034816459,285.6812206789335,320.4821793466327,331.7524834252644,331.1173778904959,340.8797853081428,332.6490321624166,345.510767727583,364.390623641084,373.862027695274,381.434903033998
"GCAM 8s","Low - SSP2","North America (R10)","Capacity|Electricity|Wind|Onshore","GW",1,148.8221636737328,164.5757588485141,369.2493709703922,780.1892535649756,1160.04021605279,1584.08995195587,2064.484139372391,2445.182191436908,2796.839179862165,3125.185794928181,3370.881145323144,3589.817304172188,3762.694422419537,3982.57634906539,4091.735373786664,4204.428202284578,4331.818535774233,4442.339157499679
"GCAM 8s","Low - SSP2","Pacific OECD (R10)","Capacity|Electricity|Biomass","GW",1,16.2569924227804,18.68516355458378,18.21661937462785,20.69560609531213,21.43308957729776,19.82288379820711,23.509140898087,21.95574305991076,15.19766985268706,10.0257626269937,9.63139416148572,8.60208063814628,8.49784211324215,8.238554390696494,9.799307730875624,10.89324676635898,11.16271816626105,12.16477714430917
"GCAM 8s","Low - SSP2","Pacific OECD (R10)","Capacity|Electricity|Coal","GW",1,95.2914681548215,96.634444361129,86.9179240213177,43.71765660132201,5.20129577748076,2.341912720606961,1.788348755553531,0.85035562824218,0.452712005942926,0.279615801088524,0.224493468946586,0.175831338800043,0.160805013717254,0.107507123232222,0.109043620151226,0.09071369423436701,0.076149523150526,0.05432103942557701
"GCAM 8s","Low - SSP2","Pacific OECD (R10)","Capacity|Electricity|Fossil","GW",1,251.7590751527831,245.2236357487913,214.3176481320034,165.4940879985232,92.13853804495406,65.09364528064089,69.6491558464818,48.98778495807635,36.38469440681635,27.33166726261584,23.60445490689495,16.61201508353362,11.90514005024048,5.03178711397512,3.66279090374068,2.538413903259099,1.915785832234551,0.8246649046244331
"GCAM 8s","Low - SSP2","Pacific OECD (R10)","Capacity|Electricity|Gas","GW",1,135.3245665281675,122.7592402799352,113.1278873732056,112.1937168261,81.01054922233651,58.7823664851541,59.47244203554461,43.68183013199198,32.84257224583484,24.64645935516926,20.95124988112427,14.92590709141,10.48037300433742,4.38812719053571,3.017327808938216,2.027171378874586,1.484146074618411,0.7322632837589691
"GCAM 8s","Low - SSP2","Pacific OECD (R10)","Capacity|Electricity|Geothermal","GW",1,1.859902206395949,1.886943610027104,3.027095611076618,7.215101303463911,12.13312629426903,15.82537387920497,21.13250510277499,24.13644268039129,27.0228560609832,28.702950549821,29.9728960531741,30.8152200192086,31.2745736383118,31.8921249018246,32.6121689304644,33.1750038754382,34.1039828900871,34.2268516554306
"GCAM 8s","Low - SSP2","Pacific OECD (R10)","Capacity|Electricity|Hydro","GW",1,37.2145842845255,37.1985303943239,37.8793732459861,38.7310189622517,39.5825769523414,40.434222668607,41.2857806586966,42.1374263749622,42.9889843650518,43.8406300813174,44.692188071407,45.5438337876726,46.3953917777622,47.2470374940278,48.0985954841175,48.9501534742071,49.8017114642967,50.6533571805622
"GCAM 8s","Low - SSP2","Pacific OECD (R10)","Capacity|Electricity|Nuclear","GW",1,5.76296192405616,10.5296630674887,31.7540970246142,44.2490617511306,60.9393257631443,64.5614112398444,18.0709278611746,21.4927843579737,28.66322063731085,36.37182503870463,45.98190826818364,52.31312873684622,59.11828293979007,63.23170323416686,69.12284697027407,75.57766526931245,83.56631294607159,87.81289426462841
"GCAM 8s","Low - SSP2","Pacific OECD (R10)","Capacity|Electricity|Oil","GW",1,21.14304046979342,25.82995110772664,14.27183673748017,9.5827145711009,5.926693045136782,3.969366074879813,8.38836505538367,4.455599197842203,3.089410155038531,2.405592106358053,2.428711556824078,1.510276653323532,1.263962032185844,0.536152800207191,0.5364194746512371,0.420528830150144,0.355490234465613,0.038080581439886
"GCAM 8s","Low - SSP2","Pacific OECD (R10)","Capacity|Electricity|Other","GW",1,0,0,0,0,0,0,0,0,0,0,0,0,0,0,0,0,0,0
"GCAM 8s","Low - SSP2","Pacific OECD (R10)","Capacity|Electricity|Solar|CSP","GW",1,0.003116475165799,0.002596869312021,0.022275586263548,0.280836068272323,0.5265361377569721,0.741975706134759,1.01094442574136,1.23122437869454,1.5324038288542,1.59693641477829,1.66189769801488,1.74829891832268,1.8218269270117,1.94174611775028,2.08477020105845,2.25657015426031,2.45227949701236,2.62686239536789
"GCAM 8s","Low - SSP2","Pacific OECD (R10)","Capacity|Electricity|Solar|PV","GW",1,81.5278000741852,92.6957134291674,156.7539865441988,359.010058580744,617.770010271108,812.8873143218061,1061.587033725871,1221.225422286669,1364.126656737929,1465.281810007221,1528.892334568235,1586.072658029009,1610.478993070747,1656.361928804847,1670.064281735857,1683.883304831643,1702.635018094694,1718.339109177456
"GCAM 8s","Low - SSP2","Pacific OECD (R10)","Capacity|Electricity|Wind|Offshore","GW",1,0,0,0.630513637450917,7.60778457516669,20.83256271114762,32.78986682954287,51.1600179804745,63.6223237303307,75.3757284265655,80.449751971251,85.6408884948265,82.125845948743,84.4821082843289,79.6078019464225,80.1167184380304,81.9957264989805,86.4104051768171,86.8259225076405
"GCAM 8s","Low - SSP2","Pacific OECD (R10)","Capacity|Electricity|Wind|Onshore","GW",1,12.48315748747753,14.42750445260791,29.3127246739045,104.2775649544128,220.4848930483491,290.7857476947218,376.284791011017,424.835270548882,472.183306559856,482.778066754379,474.544829494175,483.306362398844,483.489489006558,494.488049716145,498.752870951869,498.543061293209,492.655853031636,492.319599213367
"GCAM 8s","Low - SSP2","Reforming Economies (R10)","Capacity|Electricity|Biomass","GW",1,0.069918687227508,0.067822066519339,0.543625214181794,2.17408449487277,3.77831951092214,6.13340715108315,8.897439017772719,10.41360050900133,7.86487384259115,7.18547280954739,7.71575953382864,7.92885517580124,6.736261882894309,4.05963608994802,2.98983650366298,2.7659751996478,1.650934099592401,1.177163145444382
"GCAM 8s","Low - SSP2","Reforming Economies (R10)","Capacity|Electricity|Coal","GW",1,51.538852985685,50.62629972938,62.3446855984145,34.2343043158062,15.49018645111906,4.8413329458254,1.629898623039134,0.587883060727441,0.241981262119022,0.157643665419216,0.103007688268758,0.107462218686825,0.07563701385167,0.07363380777985,0.062617796100238,0.06639204217045601,0.051036866177939,0.044716697093797
"GCAM 8s","Low - SSP2","Reforming Economies (R10)","Capacity|Electricity|Fossil","GW",1,227.6135232650104,246.6122923707276,254.1803318061364,193.5704657204463,162.7020531211075,140.4916259166571,126.2053732258091,100.2958147376803,77.4849435781621,62.7504217708528,53.3366047603337,47.0871159663794,35.7027201385443,20.05917392289651,12.70279104122849,10.12627919847971,5.74800964562809,3.88300065045392
"GCAM 8s","Low - SSP2","Reforming Economies (R10)","Capacity|Electricity|Gas","GW",1,172.4886020399201,189.0182299937874,186.1036401123883,153.5522019164256,142.3612581649809,131.6892280717957,121.2851848591775,97.4642629255722,75.4996915277838,60.9190909411531,51.8844776047525,45.7605263539198,34.6235686705184,19.32106463255789,12.15942044414464,9.62789908281412,5.43599447602883,3.65728232651129
"GCAM 8s","Low - SSP2","Reforming Economies (R10)","Capacity|Electricity|Geothermal","GW",1,0.06968363473209101,0.071168479869762,2.425529928927518,8.59361308282141,13.84332973392396,19.87717550257464,27.62870994777473,34.8490450214224,41.2233476317283,48.0839775428341,53.4543924254956,58.9272234777784,63.72510131809621,68.4599618019608,72.7268181618138,76.8908131406694,78.9796467789677,81.0720963634239
"GCAM 8s","Low - SSP2","Reforming Economies (R10)","Capacity|Electricity|Hydro","GW",1,85.43432961765009,86.5381880898143,90.4354234570475,95.3079107224804,100.1803102617374,105.0527098009944,109.9251093402514,114.7975088795084,119.6701715972933,124.5423956841983,129.4147074972793,134.2869315841845,139.1600329328488,144.0323447459299,148.904568832835,153.7768806459161,158.6491047328213,163.5213288197264
"GCAM 8s","Low - SSP2","Reforming Economies (R10)","Capacity|Electricity|Nuclear","GW",1,32.49624560562102,33.5155641825063,33.97417887487865,34.76507430416238,34.28747992817352,33.96260846942322,33.58930900652194,32.22076321540413,31.81361644781987,33.58512766472506,35.52698322974796,39.10035950944335,44.03943059866294,49.72318946676998,54.18971854808921,61.5566605517851,69.04722826900176,76.37369323617378
"GCAM 8s","Low - SSP2","Reforming Economies (R10)","Capacity|Electricity|Oil","GW",1,3.586068239405161,6.96776264756042,5.73200609533313,5.78395948821509,4.85060850500745,3.96106489903601,3.29028974359252,2.24366875138071,1.743270788259263,1.673687164280455,1.349119467312349,1.219127393772756,1.003514454174387,0.6644754825587871,0.4807528009836181,0.431988073495137,0.260978303421322,0.181001626848844
"GCAM 8s","Low - SSP2","Reforming Economies (R10)","Capacity|Electricity|Other","GW",1,0,0,0,0,0,0,0,0,0,0,0,0,0,0,0,0,0,0
"GCAM 8s","Low - SSP2","Reforming Economies (R10)","Capacity|Electricity|Solar|CSP","GW",1,0,0,0.059006990419168,1.01232487382015,2.01385493410189,3.69078693310248,5.88344725514131,8.19794076560372,10.9201653545309,13.9711270037212,16.724873551108,18.8410163879362,20.7050610475939,22.9209124269061,24.9353660302792,27.2082707174721,29.4183783787598,31.5225595429487
"GCAM 8s","Low - SSP2","Reforming Economies (R10)","Capacity|Electricity|Solar|PV","GW",1,3.09940423106783,3.552180120480749,66.1383307344613,388.708214626146,691.324198166512,1082.754719438199,1522.161170176659,1891.817707075706,2220.661544513876,2507.221648991795,2746.52249088113,2949.00935583208,3132.85314359406,3371.66176134607,3589.87135457395,3748.91091469351,3888.24267350265,3969.45001405212
"GCAM 8s","Low - SSP2","Reforming Economies (R10)","Capacity|Electricity|Wind|Offshore","GW",1,0,0,0.6852465395489511,8.561692389488327,18.70408469668328,36.15502693692812,58.35540948619474,77.05422959307658,89.34474731424535,104.4291629894337,108.9246495241705,111.8421717109835,118.3484751634315,123.4163466911872,125.6656921138117,134.4126571988995,136.1366875758193,137.0545955000244
"GCAM 8s","Low - SSP2","Reforming Economies (R10)","Capacity|Electricity|Wind|Onshore","GW",1,1.156827050225207,2.291519013910251,62.62971324428354,212.1166104457635,348.7539897518025,512.186662212515,702.102076781433,865.884147497777,1001.07490737358,1152.789526076652,1283.733054364351,1405.90347191323,1512.940738190459,1634.002964274601,1729.301761856125,1789.408594414351,1842.692176039835,1874.09159195806
"GCAM 8s","Low - SSP2","Rest of Asia (R10)","Capacity|Electricity|Biomass","GW",1,11.47734978385114,12.86731505059904,11.79979645519103,26.12886452854136,36.75081341029489,45.5677414242294,52.25472095642286,54.47804323959247,37.81936617348772,28.45689690524972,29.01041019763154,26.59756715990282,20.7831240799241,12.76989092540621,10.56393206718283,10.29623176159197,8.772539718189961,8.66984676266709
"GCAM 8s","Low - SSP2","Rest of Asia (R10)","Capacity|Electricity|Coal","GW",1,134.8093522072791,136.1925195121124,167.2089420117142,117.664526282958,60.25039932910524,24.52672785263675,8.968882999598545,3.513954771190716,1.716159698484535,1.121440021982126,0.8647649074533671,0.7734286115389121,0.6823829961214141,0.573682094348347,0.534694030089095,0.526454970787353,0.4105545515046291,0.343295201813007
"GCAM 8s","Low - SSP2","Rest of Asia (R10)","Capacity|Electricity|Fossil","GW",1,336.2357720119614,347.1120415419074,386.6122708934203,362.0474924868139,308.3741752202287,251.3168274793515,210.470723915331,157.769278503112,118.8340552110626,93.5628857875819,82.96662163123,73.91221462134295,60.04042949834452,38.71235264635116,27.69175249931536,21.94464132095349,14.11901125600102,8.609386284504556
"GCAM 8s","Low - SSP2","Rest of Asia (R10)","Capacity|Electricity|Gas","GW",1,167.7752594024273,171.5163059989624,186.9683200753162,204.2966697212417,203.8305297768863,181.1657577948484,157.4537808852831,118.3511843584996,88.98446429966098,69.93654446429657,62.71609929986603,56.76520128333058,46.85994694732365,30.51564423902628,22.0676687332177,17.80835766976397,11.76995591102223,8.237231329779188
"GCAM 8s","Low - SSP2","Rest of Asia (R10)","Capacity|Electricity|Geothermal","GW",1,4.422088260483012,4.470534211346116,8.36772451844867,20.41957711037867,32.71463578942842,47.09872836838005,63.80077924705343,80.5225130469292,95.12806801301558,109.9815782365453,121.5586774123368,131.6364284233036,141.0820735087501,151.3976532453079,161.9145792681621,172.2425522373053,180.2410828246426,186.7428878453507
"GCAM 8s","Low - SSP2","Rest of Asia (R10)","Capacity|Electricity|Hydro","GW",1,79.97954231401617,88.649809780991,84.62409065643996,93.30314828624637,96.62775103986975,100.2103564770053,103.792874187965,107.1561641851887,110.2561879283424,113.3562993976718,116.4563231408254,119.556434610155,122.6564583533085,125.7563943702861,128.8565058396158,131.9564418565936,135.0565533259229,138.1565770690767
"GCAM 8s","Low - SSP2","Rest of Asia (R10)","Capacity|Electricity|Nuclear","GW",1,6.06608470753251,6.41528863142407,6.235423015264789,5.9283717000375,5.49990520730149,4.92469421499153,4.2029221372083,3.37803250393274,3.646744351584559,4.629822136503047,6.068116963859123,8.216429529120301,11.22678803080331,15.39249997591902,21.24908765647507,30.2061154770827,41.09860546583128,54.26554268569931
"GCAM 8s","Low - SSP2","Rest of Asia (R10)","Capacity|Electricity|Oil","GW",1,33.65116040225553,39.403216030833,32.43500880638945,40.08629648261425,44.29324611423723,45.6243418318663,44.04806003044939,35.90413937342166,28.13343121291721,22.50490130130311,19.38575742391067,16.37358472647345,12.49809955489943,7.623026312976537,5.089389736008586,3.609828680402185,1.938500793474148,0.02885975291237
"GCAM 8s","Low - SSP2","Rest of Asia (R10)","Capacity|Electricity|Other","GW",1,0,0,0,0,0,0,0,0,0,0,0,0,0,0,0,0,0,0
"GCAM 8s","Low - SSP2","Rest of Asia (R10)","Capacity|Electricity|Solar|CSP","GW",1,0,0,0.4431381477727031,8.17252241293792,14.98933460849548,26.45843237300463,40.50468544365326,55.0990104448918,73.98169149723272,90.02142026317142,105.3743526769839,117.2201755227532,127.8234888825426,140.5177150229756,153.7439593855146,168.7609529616447,184.9623233112748,200.6241512706773
"GCAM 8s","Low - SSP2","Rest of Asia (R10)","Capacity|Electricity|Solar|PV","GW",1,21.83578717235762,39.03851343269646,235.192731148007,917.9486883854655,1581.585424395063,2316.849962578793,3189.248042762049,4105.639747595254,5122.06113604704,6179.96500552108,7232.876343524807,8279.400197409477,9262.467326790327,10283.56784711785,11267.72548218762,12168.82173481171,13061.383782541,13839.28749735716
"GCAM 8s","Low - SSP2","Rest of Asia (R10)","Capacity|Electricity|Wind|Offshore","GW",1,0,0,0.9684735247892571,21.2746940293761,59.28488004936301,111.2745917549924,170.4429217932587,226.5763259799566,272.8660719276186,313.8436689496409,334.0052742488854,348.8914757638988,365.0121205535519,377.3459773311917,392.116215429136,424.6124340271806,447.8013622060306,466.3942765411712
"GCAM 8s","Low - SSP2","Rest of Asia (R10)","Capacity|Electricity|Wind|Onshore","GW",1,4.465770679200282,5.777903531243422,64.86484465757903,284.682360036861,543.5413798260682,803.73905709013,1093.36544415903,1378.871263490182,1669.81443120769,1928.272201559856,2154.027248789843,2381.124951773546,2591.016527437062,2817.667226188652,3024.355717935823,3198.778473442881,3362.579684705802,3503.913088469095
"GCAM 8s","Low - SSP2","World","Capacity|Electricity|Biomass","GW",1,146.691352357694,165.40016781785,146.54542140037,188.986229448409,210.571234004521,272.075661271379,347.185547103076,361.490830826403,280.537991589679,234.399385000115,255.097514447035,267.25258427292,261.474696278511,242.830523051549,267.317699614516,284.823095020187,288.381531022702,294.701797822141
"GCAM 8s","Low - SSP2","World","Capacity|Electricity|Coal","GW",1,1949.69692038313,2109.60055378997,2199.05698746655,1792.7758043954,1394.70225573987,606.979545454919,156.983930118513,33.8017716174423,9.44720068736014,3.88239402272955,2.74054854430608,2.40338929461119,1.90816690186372,1.41636550029964,1.47615361435373,1.33948198846937,1.1171475350266,1.010768461962
"GCAM 8s","Low - SSP2","World","Capacity|Electricity|Fossil","GW",1,4461.56017404179,4719.25948769222,4777.36384069115,4090.0222015706,3416.7360706848,2313.66117145736,1587.65752339536,1078.5340783165,793.480268479656,599.910995760494,519.187218096435,457.610255836988,375.84382753979,235.055854008038,175.502171402645,136.295192919495,88.1592226245877,54.1322333097871
"GCAM 8s","Low - SSP2","World","Capacity|Electricity|Gas","GW",1,2139.69221554143,2203.65833816488,2244.2365098539,2019.25723111386,1770.48178707651,1481.1243578039,1230.12570136411,896.86565960279,663.633227210388,495.60515549137,427.1126836356,373.590230837384,304.546688127267,187.291714815798,138.439573783359,107.759637991349,69.4860668637192,50.3821644189377
"GCAM 8s","Low - SSP2","World","Capacity|Electricity|Geothermal","GW",1,15.7715367443966,15.800007861675,47.6615694318044,121.233162717779,193.509055900495,291.313756880089,395.514714692969,477.769671840004,559.759577420738,617.230763742093,664.606188018286,707.20656031375,743.252939559947,779.631399897055,829.571679649888,865.59047118966,894.783887256134,922.369357252143
"GCAM 8s","Low - SSP2","World","Capacity|Electricity|Hydro","GW",1,1371.77256430835,1355.4,1529.64668723009,1657.80202406307,1694.614585601,1731.6862727175,1768.31882014235,1804.73244689508,1838.43447509398,1872.13806481881,1905.84050533073,1939.54318270333,1973.24780759704,2006.54098795285,2040.65325884103,2074.35471681979,2108.05871885764,2141.76122955051
"GCAM 8s","Low - SSP2","World","Capacity|Electricity|Nuclear","GW",1,398.044880788555,417.600276649602,444.608138794312,464.750342916342,481.208269641612,496.268542563521,459.873570444581,454.409795606463,484.540523356171,521.083170998627,567.199689396783,628.526882392179,698.055603765417,767.203392065262,846.267137952357,950.053380899922,1064.4740337032,1174.04755128572
"GCAM 8s","Low - SSP2","World","Capacity|Electricity|Oil","GW",1,372.171038117234,406.000595737371,334.070343370696,277.989166061338,251.552027868423,225.557268198538,200.547891912734,147.866647096268,120.399840581909,100.423446246394,89.3339859165296,81.616635704992,69.3889725106593,46.3477736919398,35.5864440049323,27.1960729396774,17.5560082258419,2.73930042888742
"GCAM 8s","Low - SSP2","World","Capacity|Electricity|Other","GW",1,0,0,0,0,0,0,0,0,0,0,0,0,0,0,0,0,0,0
"GCAM 8s","Low - SSP2","World","Capacity|Electricity|Solar|CSP","GW",1,7.25970854599154,7.60000273542068,13.0212557894925,48.7972278645886,75.4509059851081,131.024878387455,208.807001505996,280.819577087819,372.491701762587,449.257439804254,528.965332252671,584.777109919582,620.899283581214,661.824236757464,706.57541254084,760.369001715725,818.884864562313,877.903984640642
"GCAM 8s","Low - SSP2","World","Capacity|Electricity|Solar|PV","GW",1,671.307227851668,829.6,3146.62211242786,9834.94243566326,16555.4294587353,24452.980450146,32974.6678186212,40634.6188180657,48743.7869698379,55752.1893066504,62567.2329604204,69134.2326886171,75075.8413095336,81156.9630822136,86855.406520356,91907.3958551588,96890.2529130276,101317.787303505
"GCAM 8s","Low - SSP2","World","Capacity|Electricity|Wind|Offshore","GW",1,0,0,19.4285134007462,179.786967890198,440.687989809554,853.593651268983,1358.97459523541,1787.75014299086,2182.51184303612,2475.09194015311,2589.41306935223,2644.90264827121,2753.61052632444,2751.12276594077,2876.99517379372,3027.0872130839,3117.2013911586,3204.54741845985
"GCAM 8s","Low - SSP2","World","Capacity|Electricity|Wind|Onshore","GW",1,630.850154955671,734.6,1605.16018044515,3766.52635803776,6394.46096402891,9432.22829313759,12650.3520443361,15362.3282410566,17918.5905132202,20305.4496764956,22178.1773412205,23900.5958871756,25480.8964793181,27232.5442478674,28604.5269700093,29934.2451228758,31230.8340453818,32401.5615938938
"GCAM 8s","Low-to-Negative - SSP2","Africa (R10)","Capacity|Electricity|Biomass","GW",1,0.532771673420121,0.493553609472383,0.6756936600182061,2.495872760886799,4.474448221501195,7.773972911960421,10.92396906972148,12.15250138242684,17.22948904775255,27.47022175242933,42.96259847820427,61.98731752882654,79.86149786202888,91.46945980430007,97.71679859924487,102.469475729644,107.1938692968939,117.4219890635061
"GCAM 8s","Low-to-Negative - SSP2","Africa (R10)","Capacity|Electricity|Coal","GW",1,51.1857196852072,51.24499160392423,50.01305806636562,22.03865711005219,14.41252229858924,1.555641167515309,0.5874386325756871,0.6436122231500581,0.77721581542777,0.9742534661031381,1.188784917126049,1.293029903727291,1.276861061990892,1.184467226930833,1.202338943737038,1.319360935878757,1.335898253113147,1.53970282579433
"GCAM 8s","Low-to-Negative - SSP2","Africa (R10)","Capacity|Electricity|Fossil","GW",1,177.7224984079728,193.0369964126653,191.6294450586481,158.0630137796104,164.2921161048186,124.1917705718701,92.23480515097526,61.78289123104533,46.42026530795123,40.37177782978885,35.46660935322344,28.32674869128933,28.03938106369777,31.43858403788906,38.46279074888409,47.18220167923897,54.95646676148286,64.25099788395437
"GCAM 8s","Low-to-Negative - SSP2","Africa (R10)","Capacity|Electricity|Gas","GW",1,103.2620379473697,109.4133073970553,116.8819363308356,112.231080089141,121.6687359408712,96.25262252841863,65.29335410641345,40.0037726828531,28.27884973328723,24.23772020984378,21.62588572364952,18.7681505442479,21.47434903166054,26.78401837594719,34.7642505033625,43.84740266444234,51.94971262069672,62.36907625372525
"GCAM 8s","Low-to-Negative - SSP2","Africa (R10)","Capacity|Electricity|Geothermal","GW",1,0.837604925878709,0.83356926602842,2.485551841634348,8.060511265595167,14.3431401357214,23.69545032290819,32.69400538314285,38.74280293825052,42.69272445395228,45.92527500032399,48.75041995690155,51.76944952094322,54.08983272890392,55.99288021849757,58.32796617310991,61.10458460565403,63.26600908115566,66.1410242543804
"GCAM 8s","Low-to-Negative - SSP2","Africa (R10)","Capacity|Electricity|Hydro","GW",1,45.30649061859999,46.79928309190394,53.74095012458159,62.15253064387169,70.06064186668257,77.96883204305185,85.87694326586264,93.78505448867341,101.6931657114843,109.6013646604712,117.5095460642228,125.4175344703873,133.3257860550797,141.2339499135962,149.1420260459366,157.0502776306289,164.9583537629693,172.8665176214859
"GCAM 8s","Low-to-Negative - SSP2","Africa (R10)","Capacity|Electricity|Nuclear","GW",1,1.4727160856598,1.83735240588694,1.78584030785559,1.69790068228891,1.57518425609297,1.4104416282481,1.20372484870177,0.967477572757193,1.954558935828693,3.659582818559155,6.203850008444689,10.19000487572455,15.65016672729737,22.73814139199025,32.22113901784752,45.59599393332245,63.33038384201835,87.88952970756584
"GCAM 8s","Low-to-Negative - SSP2","Africa (R10)","Capacity|Electricity|Oil","GW",1,23.2747407753959,32.37869741168555,24.73445066144715,23.79327658041736,28.21085786535787,26.38350687593618,26.35401241198611,21.13550632504226,17.36419975923632,15.15980415384189,12.65193871244786,8.265568243314101,5.288170970046281,3.470098435011037,2.496201301784567,2.015438078917948,1.670855887673068,0.342218804434786
"GCAM 8s","Low-to-Negative - SSP2","Africa (R10)","Capacity|Electricity|Other","GW",1,0,0,0,0,0,0,0,0,0,0,0,0,0,0,0,0,0,0
"GCAM 8s","Low-to-Negative - SSP2","Africa (R10)","Capacity|Electricity|Solar|CSP","GW",1,1.429866137191965,1.525940574834752,1.576559836675882,2.527717631985828,3.265030204293856,5.471112461209751,9.209415959466705,14.04567757294926,18.54342816394161,25.53440996400762,34.48040006498186,44.66313155427602,55.16818515829839,66.10414958218317,78.18044761381883,91.88247480879738,106.795973972713,123.4830676050275
"GCAM 8s","Low-to-Negative - SSP2","Africa (R10)","Capacity|Electricity|Solar|PV","GW",1,10.32611240693181,11.62745096989259,140.7154233850999,501.2567259675254,895.3622453871155,1614.452009164372,2781.694983785502,4303.156097992528,6181.874534450981,8522.6363590427,11262.9426571145,14390.50550872977,17475.96101595797,20383.04382380563,23186.97846048184,25921.94715776827,28619.27782758733,31304.83543420601
"GCAM 8s","Low-to-Negative - SSP2","Africa (R10)","Capacity|Electricity|Wind|Offshore","GW",1,0,0,1.073729167646497,18.43420375017691,49.23932932603617,112.2498891006388,199.2145254011687,293.5811518294157,376.9309088768883,459.2961483374962,519.9413040229953,578.1601288429572,632.0140017449316,679.9360480724913,722.8399833526261,766.8821162125828,795.5464182860451,832.5624402532701
"GCAM 8s","Low-to-Negative - SSP2","Africa (R10)","Capacity|Electricity|Wind|Onshore","GW",1,7.708193544962517,9.20481212864006,41.20023379218706,163.5234773238377,319.7844222365386,599.0696126643879,1025.556280354231,1546.538577867793,2162.080484450757,2891.3634313846,3709.927076029749,4608.310352744925,5467.505570038759,6271.776312693234,7038.467654788992,7781.924942569164,8505.744775337736,9229.19226199051
"GCAM 8s","Low-to-Negative - SSP2","China+ (R10)","Capacity|Electricity|Biomass","GW",1,52.07485679910261,62.07272683959793,50.18968097214092,53.26065162445709,55.84774709433983,92.32801238131864,53.24678352612882,11.73040291010773,39.9107427506189,54.23665015514382,63.41057612609666,64.5634928522153,62.63345525327187,55.8649492854165,58.21497572048661,56.51123763816367,56.60014869886675,64.46473445247412
"GCAM 8s","Low-to-Negative - SSP2","China+ (R10)","Capacity|Electricity|Coal","GW",1,1067.09461448584,1169.384602996219,1244.043764918483,1165.318300469191,977.7139122768033,146.3333392962249,9.720571881136786,1.425716821450958,9.095771600971306,5.656497568016915,4.082916179821137,3.883202504007784,2.207456897813903,1.573489905374741,3.18191715202752,1.891480668750639,1.722226004048628,2.40542406956288
"GCAM 8s","Low-to-Negative - SSP2","China+ (R10)","Capacity|Electricity|Fossil","GW",1,1201.082580449738,1322.388573839342,1382.9645131216,1308.626860137087,1105.291030934863,265.1336693718449,81.1947003649894,37.7983049811406,32.95950272014241,16.41780518396834,11.7257282054439,8.06968977233265,4.497587543962642,3.48755433752507,7.092064739701149,5.729370402041142,6.443298867123845,8.70501771945325
"GCAM 8s","Low-to-Negative - SSP2","China+ (R10)","Capacity|Electricity|Gas","GW",1,125.2203740139552,144.0630938998414,132.0002203510342,137.4977136755788,123.0070740084977,114.3643997643839,69.5503593928991,35.5390966901304,22.99196481656804,10.40068924416604,7.347465724371259,4.01910938475894,2.229249318894749,1.88559592933916,3.867944340217046,3.817728448066599,4.698951475753887,6.278356716508936
"GCAM 8s","Low-to-Negative - SSP2","China+ (R10)","Capacity|Electricity|Geothermal","GW",1,0.02167321285012,0.021550000633228,3.9686310375061,8.63303783033212,14.53191946382,38.0789867405135,44.4436158796058,46.9453965174069,59.3280541412907,54.9693206746582,55.7398180032311,59.0047891930674,54.558252543107,54.4823830991181,64.1380396565746,58.1643370296999,58.3766980688427,62.7643798493548
"GCAM 8s","Low-to-Negative - SSP2","China+ (R10)","Capacity|Electricity|Hydro","GW",1,418.8611193510551,411.7275425358363,496.7133983967193,563.6187314841561,563.8855155578824,564.1522908589911,564.4190661600999,564.6858414612086,564.952625534935,565.2194008360437,565.4861761371525,565.7529514382612,566.0197355119875,566.2865108130962,566.553286114205,566.8200614153137,567.0868454890401,567.3536207901489
"GCAM 8s","Low-to-Negative - SSP2","China+ (R10)","Capacity|Electricity|Nuclear","GW",1,78.2900073137271,84.1038377340829,89.8616949189737,94.6481553763858,97.4612431437721,123.8459662533852,138.1519980326375,145.1284648373191,181.4016799878197,198.5545135694746,216.4392290106184,246.0603654974577,261.668642119299,274.8571270047065,304.898301583269,320.6062023313265,337.4843410880418,341.1346940484062
"GCAM 8s","Low-to-Negative - SSP2","China+ (R10)","Capacity|Electricity|Oil","GW",1,8.767591949940929,8.94087694327269,6.920527852085771,5.810845992319109,4.570044649558646,4.435930311236256,1.923769090953474,0.833491469559258,0.8717663026030841,0.360618371785397,0.295346301251491,0.167377883565922,0.06088132725399201,0.028468502811171,0.042203247456569,0.02016128522391,0.022121387321332,0.02123693338144
"GCAM 8s","Low-to-Negative - SSP2","China+ (R10)","Capacity|Electricity|Other","GW",1,0,0,0,0,0,0,0,0,0,0,0,0,0,0,0,0,0,0
"GCAM 8s","Low-to-Negative - SSP2","China+ (R10)","Capacity|Electricity|Solar|CSP","GW",1,0.908402044050391,1.04136137886965,1.740588457148378,4.437545552110021,9.804278797451179,36.29933524406885,60.57535665197899,80.8313624451433,118.4210920265565,139.8987729144169,162.9261911452841,167.3935177969057,162.2732528272751,156.8842267827596,150.8922178820833,147.618013606782,146.126284789923,145.052400973029
"GCAM 8s","Low-to-Negative - SSP2","China+ (R10)","Capacity|Electricity|Solar|PV","GW",1,226.4505708414122,284.9590091892489,956.6709422313404,2692.079486309399,4642.282326239294,7370.849987294159,9260.038452542454,10803.89220241418,14154.98830625318,15302.98821876248,16169.55607516305,16897.22011115794,16933.34424652467,16820.23368223142,16277.70419473099,15688.38403097694,15095.41940472552,14419.01103378025
"GCAM 8s","Low-to-Negative - SSP2","China+ (R10)","Capacity|Electricity|Wind|Offshore","GW",1,0,0,2.289523155627401,15.91297261508223,47.48175758175642,183.283743226968,284.7774942967447,362.044765387376,499.1356145637613,548.1677763181256,496.7104551564593,500.2756842871206,478.2024551210546,380.2327241277619,418.4710587553762,400.659726027228,365.6343838405641,394.0362464247311
"GCAM 8s","Low-to-Negative - SSP2","China+ (R10)","Capacity|Electricity|Wind|Onshore","GW",1,185.0963241318819,259.8479390243149,439.2734091253334,839.3535595488222,1447.576233398507,2511.591188126393,3163.881944197344,3626.326723573771,4453.666625265455,4771.053807782635,4875.124251942423,4799.823908991272,4690.430956292281,4623.035861716949,4406.70882411736,4266.653069466267,4129.042993909801,3954.17646000904
"GCAM 8s","Low-to-Negative - SSP2","Europe (R10)","Capacity|Electricity|Biomass","GW",1,44.18632507472214,47.94976186780234,45.12191411898431,53.29049966511214,52.43069266733825,47.35524831914701,135.969878248587,147.839135974529,169.5332116134023,185.5040763443484,194.4606816336492,189.9929509188856,182.9600756062661,169.2531709495564,155.9896566215268,149.2616982774973,148.7760638238381,165.9570922555294
"GCAM 8s","Low-to-Negative - SSP2","Europe (R10)","Capacity|Electricity|Coal","GW",1,117.9367913210311,130.6445000782068,121.2148678398662,33.96282316711437,21.72523889674823,3.22040205032236,1.102446313128445,1.152168419900524,1.383769351753922,1.481541561391074,1.364104566860762,1.101628369805028,0.8827575593437411,0.7001890171867311,0.6690819053700531,0.7220494988992731,0.598634010504265,0.702289270813514
"GCAM 8s","Low-to-Negative - SSP2","Europe (R10)","Capacity|Electricity|Fossil","GW",1,355.0630469693203,378.3249893672757,364.8804710181755,255.7079529685377,212.4120579466786,117.5757375504641,78.6274424796115,36.31544142818771,22.97143785419319,14.1710481397258,9.75232464167007,7.196705686511217,8.81162114921878,8.721584750601373,12.33184437744117,15.20703368639008,17.37205630599809,21.85802047502037
"GCAM 8s","Low-to-Negative - SSP2","Europe (R10)","Capacity|Electricity|Gas","GW",1,213.9765569875624,225.0131536367572,229.6036427133171,213.5146304767292,184.2282582309948,109.8739095647402,72.34359214320115,33.13362990468303,19.76425854213099,11.5698462556858,7.66903147616004,5.580289388428632,7.498004378063625,7.860108025985703,11.51264018157898,14.38282853674906,16.70070491577818,21.09481097093451
"GCAM 8s","Low-to-Negative - SSP2","Europe (R10)","Capacity|Electricity|Geothermal","GW",1,3.758439474568955,3.82877685125602,11.2560924963476,23.95469067353276,32.3951517426559,48.29147303668212,78.82223728641576,91.97664131932471,104.3378654837074,109.8748469474168,116.6248417517943,126.3269726322445,134.5424158668551,131.9993341786206,137.8619709288354,139.4726970172179,142.0804771736786,148.3771846432058
"GCAM 8s","Low-to-Negative - SSP2","Europe (R10)","Capacity|Electricity|Hydro","GW",1,207.054075113878,204.2146946121332,224.4759322129466,225.053073952001,225.630224463673,226.2073662027273,226.7845167143993,227.3616584534536,227.9387212389496,228.515862978004,229.0930134896759,229.6701552287303,230.2473057404023,230.8244562520741,231.4015102649525,231.9786607766245,232.5558025156789,233.1329530273508
"GCAM 8s","Low-to-Negative - SSP2","Europe (R10)","Capacity|Electricity|Nuclear","GW",1,124.0901370850516,132.1957741992408,134.9563646095852,136.8805941189185,133.4459450991631,130.1949102016451,134.4701842177241,127.2382876220379,125.9210406802634,123.6072875018654,122.7999908621336,129.2885423786066,146.4915611673387,155.2385789814796,160.1270670266144,168.074983275881,178.4933449807437,192.0035783485286
"GCAM 8s","Low-to-Negative - SSP2","Europe (R10)","Capacity|Electricity|Oil","GW",1,23.14969866072698,22.6673356523117,14.06196046499246,8.230499324694874,6.458560818935493,4.481425935401607,5.181404023281848,2.029643103604224,1.823409960308346,1.119660322648928,0.7191885986492731,0.514787928277557,0.430859211811416,0.161287707428939,0.150122290492126,0.10215565074175,0.07271737971565101,0.06092023327234401
"GCAM 8s","Low-to-Negative - SSP2","Europe (R10)","Capacity|Electricity|Other","GW",1,0,0,0,0,0,0,0,0,0,0,0,0,0,0,0,0,0,0
"GCAM 8s","Low-to-Negative - SSP2","Europe (R10)","Capacity|Electricity|Solar|CSP","GW",1,2.5929739344741,2.68822890009951,5.546650386055529,15.5600892246293,20.24310264754516,31.10955493835134,56.05426302257625,71.41178979974774,87.8735353085096,96.5631273493656,108.8454735104575,121.0592353834662,127.6267668640491,129.8864810712199,132.1877903722895,135.1954961449139,138.5430633341874,142.3278796718198
"GCAM 8s","Low-to-Negative - SSP2","Europe (R10)","Capacity|Electricity|Solar|PV","GW",1,140.662876928567,158.2156365338788,493.8830225020278,1366.509055974116,2095.717472202693,3121.879832839847,5284.985034778625,6471.780281301574,7517.510674029551,8112.855096810057,8630.84156307839,9099.234590945125,9109.691433994585,9130.208057350395,9079.80619085607,9003.334840474025,8970.316983531831,8977.868561700374
"GCAM 8s","Low-to-Negative - SSP2","Europe (R10)","Capacity|Electricity|Wind|Offshore","GW",1,0,0,9.204391837890626,53.36258445914837,104.1051037021509,192.4845002598671,385.7866265718887,481.1350573911949,563.2896774196905,608.5013022166628,609.8664561442848,554.7378286665339,620.6777785071068,587.0097732276924,605.6254817314831,606.1831943852776,560.654119734074,521.9588835501338
"GCAM 8s","Low-to-Negative - SSP2","Europe (R10)","Capacity|Electricity|Wind|Onshore","GW",1,202.4388874464432,197.0559054775005,396.5105302620638,736.7890153046442,1071.437429142448,1523.214763108788,2500.249258201782,3009.019458496388,3403.17179543134,3725.12191721081,3962.322130280622,4178.234113312508,4196.468651065582,4208.900710298927,4113.73971233202,4064.448844688437,4039.053908560608,4048.797928477427
"GCAM 8s","Low-to-Negative - SSP2","India+ (R10)","Capacity|Electricity|Biomass","GW",1,3.41719674010964,3.7570321298385,1.98271055883606,5.62853752980274,9.43462834679215,21.2242171507588,21.3788946478841,7.61706186558987,4.22016674896132,4.68150430879391,6.31042255032257,7.59718632590358,7.77671330161288,7.90683883204765,8.4745641420359,9.48037364163552,10.4752963956265,12.6263924661062
"GCAM 8s","Low-to-Negative - SSP2","India+ (R10)","Capacity|Electricity|Coal","GW",1,228.017860916186,243.211015657514,312.449507209357,300.73924174566,280.821074099238,97.7094257635376,8.95800253331912,2.23865181734367,1.7256310720243,1.82129721859783,1.70690443228264,1.70808267973116,1.41172181669404,1.13413851204877,1.1216308435201,1.16261268300514,1.08569939156837,1.33528445467085
"GCAM 8s","Low-to-Negative - SSP2","India+ (R10)","Capacity|Electricity|Fossil","GW",1,251.129936405275,264.878157823299,334.321732544707,337.017201379544,327.848358410666,150.232942198594,44.2900945128046,21.6651978817044,12.5582542950864,8.55795682179402,6.21313438607351,4.59948763959967,3.34742591189313,2.73058571701272,2.93225648077721,3.39907067086164,3.75097757793246,4.94441657280203
"GCAM 8s","Low-to-Negative - SSP2","India+ (R10)","Capacity|Electricity|Gas","GW",1,20.3577488033136,19.020687103272,19.8064923336806,30.5540033824248,38.1634892801426,40.4174787338058,27.9534557398393,15.8237459359706,8.57287514753531,5.15361133130822,3.37695224894292,2.11308902085075,1.48712012595523,1.33207420710888,1.61195427995098,2.06961939413484,2.5283520371651,3.60813878537507
"GCAM 8s","Low-to-Negative - SSP2","India+ (R10)","Capacity|Electricity|Geothermal","GW",1,0,0,1.49474134410051,4.04224003982191,7.26838927639107,18.2296768640895,24.6722899951248,26.9395424912984,28.5035118107606,29.940992429372,31.1429394748016,33.2417305288217,33.5232501286493,33.5250565059886,34.5620726833487,35.6415858025027,36.0314784682482,38.3521307977091
"GCAM 8s","Low-to-Negative - SSP2","India+ (R10)","Capacity|Electricity|Hydro","GW",1,50.8135451778738,51.3012149900618,57.899276136721,68.4264172524884,73.6899878103721,78.9535583682558,83.3398671664923,87.7261759647287,90.8044874793311,93.883676255693,96.9619877702954,100.041176546657,103.11948806126,106.197799575862,109.276988352224,112.355299866826,115.434488643188,118.512800157791
"GCAM 8s","Low-to-Negative - SSP2","India+ (R10)","Capacity|Electricity|Nuclear","GW",1,6.39895858004171,7.00622449120312,8.496574522585309,11.449502958271,15.1275923506857,29.7040638196593,46.5716265408237,61.4567390873048,78.2688643192019,96.4935598155268,115.095940312779,139.374194674136,162.161665787887,182.676471278309,202.848720903933,224.055631639102,244.705086467299,261.874970121359
"GCAM 8s","Low-to-Negative - SSP2","India+ (R10)","Capacity|Electricity|Oil","GW",1,2.75432668577508,2.64645506251235,2.06573300166922,5.72395625145936,8.86379503128618,12.1060377012503,7.37863623964626,3.60280012839012,2.25974807552677,1.58304827188797,1.12927770484795,0.7783159390177621,0.448583969243861,0.264372997855062,0.198671357306122,0.166838593721661,0.13692614919899,0.00099333275611239
"GCAM 8s","Low-to-Negative - SSP2","India+ (R10)","Capacity|Electricity|Other","GW",1,0,0,0,0,0,0,0,0,0,0,0,0,0,0,0,0,0,0
"GCAM 8s","Low-to-Negative - SSP2","India+ (R10)","Capacity|Electricity|Solar|CSP","GW",1,0,0,0.291544469788108,2.59163034495195,4.99536593972053,21.1942890963426,41.834750325879,60.1107490423908,78.3467177661929,95.1287877971752,111.869659626935,119.937745767312,122.097351956626,124.326573126829,127.591885771241,131.969656178939,135.866259887792,140.586144892269
"GCAM 8s","Low-to-Negative - SSP2","India+ (R10)","Capacity|Electricity|Solar|PV","GW",1,50.4417043462473,61.4377515321063,253.391899161349,822.434312720949,1446.23435912537,2532.64366958992,3771.35016593589,5052.32789951032,6339.84108072212,7578.63118885175,8756.25216438865,9863.14098288511,10596.1252001665,11027.8784564563,11286.3995122112,11412.7946232469,11445.1820225967,11406.0617655458
"GCAM 8s","Low-to-Negative - SSP2","India+ (R10)","Capacity|Electricity|Wind|Offshore","GW",1,0,0,0.35992999533509,3.97138245934955,11.6166801927035,40.9843717730121,72.834131544794,99.9093154880276,121.050885014511,137.212136706912,132.564841457843,131.704531288525,132.154721593467,131.752922367023,132.810081312675,133.880706553926,128.332921212895,130.658648996913
"GCAM 8s","Low-to-Negative - SSP2","India+ (R10)","Capacity|Electricity|Wind|Onshore","GW",1,26.5281644040019,30.4036110028185,87.6355693498506,263.197161182299,511.468771353404,971.306188421232,1416.07874038458,1805.26858139981,2141.77826819665,2422.00921804263,2626.99542677445,2750.63018303377,2830.07164848474,2881.38475895211,2903.57931399412,2912.81701341605,2903.30506125518,2875.20367328254
"GCAM 8s","Low-to-Negative - SSP2","Latin America (R10)","Capacity|Electricity|Biomass","GW",1,5.034239588746964,5.689100280423386,4.910105551753919,8.35937025987682,11.02008187618582,14.26149898231155,14.37671927021424,10.33771490070668,13.48456908902743,23.03439126180199,36.44043679835532,50.81760871093601,63.54725002873008,68.35602979212716,68.65002132307133,69.60310380533738,70.63311048897761,78.20118824755531
"GCAM 8s","Low-to-Negative - SSP2","Latin America (R10)","Capacity|Electricity|Coal","GW",1,15.57110227647251,15.97038524003899,18.52502893876888,10.40983018643699,6.597701348297601,0.753943126951031,0.566260761913963,0.6144331489474361,0.6156394090468741,0.675836765486262,0.7694812271076621,0.819523037630918,0.817924437284941,0.689880082686099,0.5888444032522351,0.584999071908296,0.588018896423928,0.6834055218678651
"GCAM 8s","Low-to-Negative - SSP2","Latin America (R10)","Capacity|Electricity|Fossil","GW",1,197.3934228530892,235.1130656262963,254.7057140674172,237.3469270199149,234.3583891445898,160.7003602467521,119.4629144371464,75.60502256379765,41.57321110880922,28.6292676359941,22.99698328366179,17.09858028975315,16.60930671258627,16.46067102090836,17.40868696655161,19.81784518441831,22.26101449610623,25.84893800467873
"GCAM 8s","Low-to-Negative - SSP2","Latin America (R10)","Capacity|Electricity|Gas","GW",1,112.8911795210629,138.1123575777505,156.5817308503646,157.597095185207,165.380221561704,120.6054983102544,84.25155295386834,51.0540557774814,26.71205063838052,17.588947978596,14.10178054819482,11.00476042738772,12.20824415579707,13.81877584105134,15.6714168686264,18.40050770845942,21.00772271175006,25.07330149915833
"GCAM 8s","Low-to-Negative - SSP2","Latin America (R10)","Capacity|Electricity|Geothermal","GW",1,1.685321896787621,1.530097215009446,3.201628302477015,7.921265475972758,15.27585087614614,30.70454711938621,54.09567745848185,74.9204743058773,87.6191742747063,97.73699303292318,107.1297549058099,115.3440516014468,121.9397376588483,125.6142937401855,129.4777088063788,133.7601858621453,137.6378947666924,141.5455652798277
"GCAM 8s","Low-to-Negative - SSP2","Latin America (R10)","Capacity|Electricity|Hydro","GW",1,227.2154978716795,221.0757709039654,259.2362451355957,278.0573171960664,286.9119850849195,295.7666617463892,305.059793835331,314.3530662861554,322.5068634373725,330.660485136238,338.8140191089284,346.9678162601457,355.1226661254749,363.2761123719892,371.4295586185028,379.5829171388405,387.7372406471141,395.8907746198036
"GCAM 8s","Low-to-Negative - SSP2","Latin America (R10)","Capacity|Electricity|Nuclear","GW",1,5.35784809466527,5.576852792767159,5.281228093392929,5.18763723588238,4.90424195233041,4.70862442900772,4.62040378932726,4.517500372321598,5.312605222341208,6.618221999926515,8.74102119637653,12.14130109007762,16.54831918534675,21.1906886528413,26.02187645099324,32.14347238104505,39.71346183651491,49.5027388241832
"GCAM 8s","Low-to-Negative - SSP2","Latin America (R10)","Capacity|Electricity|Oil","GW",1,68.93114105555388,81.03032280850681,79.59895427828377,69.34000164827079,62.38046623458823,39.34091880954664,34.64510072136416,23.93653363736883,14.24552106138188,10.36448289191184,8.125721508359295,5.274296824734509,3.583138119504272,1.952015097170924,1.148425694672953,0.8323384040505901,0.6652728879322101,0.092230983652493
"GCAM 8s","Low-to-Negative - SSP2","Latin America (R10)","Capacity|Electricity|Other","GW",1,0,0,0,0,0,0,0,0,0,0,0,0,0,0,0,0,0,0
"GCAM 8s","Low-to-Negative - SSP2","Latin America (R10)","Capacity|Electricity|Solar|CSP","GW",1,0,0.079985085639657,0.222320951401339,1.13520704255879,1.950761077872443,4.61131413528991,11.70873619904098,22.55464123304317,32.45692899205024,42.3996160185629,54.20905941889441,67.44888081392777,79.06792894250546,85.69665680085875,91.3727269929324,97.02506321936667,102.2620343571057,107.0306489843995
"GCAM 8s","Low-to-Negative - SSP2","Latin America (R10)","Capacity|Electricity|Solar|PV","GW",1,28.04304688799491,39.36146306334594,172.5228707024404,527.3764856613434,972.6487374723761,1677.545543218335,2812.23925522396,4127.356239173283,5220.439140608477,6337.107928729747,7545.899050273857,8859.938249844212,10013.18444826577,10726.88651204707,11280.79958512463,11670.42395602173,11922.5959021287,12019.89792176077
"GCAM 8s","Low-to-Negative - SSP2","Latin America (R10)","Capacity|Electricity|Wind|Offshore","GW",1,0,0,0.7614979956300291,7.844006391229874,22.14974925591357,57.55280461184972,120.504933801397,192.7414324612409,249.0182608962878,301.1001510375313,342.1448616682193,373.9715426179483,401.5067231758547,425.0377719004045,437.9224877537541,443.4514750219844,437.7806975144714,435.6544570248687
"GCAM 8s","Low-to-Negative - SSP2","Latin America (R10)","Capacity|Electricity|Wind|Onshore","GW",1,41.21617021752049,49.84367587097653,90.88294874711401,205.6518882376741,381.3853986070658,660.7036548967136,1118.366988052032,1636.115264620707,2029.434687839909,2432.323878891918,2827.792924565478,3232.512811480504,3545.149945421805,3706.906667798256,3814.96514878604,3894.163986453009,3938.121537883532,3948.374437421324
"GCAM 8s","Low-to-Negative - SSP2","Middle East (R10)","Capacity|Electricity|Biomass","GW",1,0,0,0.257345085209775,0.7858382294759511,2.32507637561181,5.36450954954463,13.0128099246574,19.6080433368053,27.5549228782361,37.2531968845395,47.7681418145214,56.2007918570765,60.7605524623606,62.8333115779638,61.8929989438252,62.614589772105,65.4635947796954,74.3347353500343
"GCAM 8s","Low-to-Negative - SSP2","Middle East (R10)","Capacity|Electricity|Coal","GW",1,4.26083632851995,4.32487778807412,5.10849947628281,4.7437241711546,1.85351639582409,0.394605497887183,0.276492996926411,0.3140989730508491,0.324941914444919,0.309579808290748,0.294485913066132,0.239134074990875,0.221243982956137,0.216883979782677,0.20383664593639,0.212775767456241,0.225855621472286,0.267485962075089
"GCAM 8s","Low-to-Negative - SSP2","Middle East (R10)","Capacity|Electricity|Fossil","GW",1,757.680297365373,766.721584631885,717.105987352785,678.126357463677,536.322876995588,369.81010828515,244.484019857113,140.964222240789,69.2526505548617,41.2586127586562,30.7478183520493,21.5548572138239,21.5743066071508,25.5206303941312,29.1525689534117,33.4734337489109,38.099981815696,44.1427779335601
"GCAM 8s","Low-to-Negative - SSP2","Middle East (R10)","Capacity|Electricity|Gas","GW",1,587.199413737138,596.195359401019,565.249241001442,538.744514210401,423.444185547015,286.351350921574,184.110245167198,101.38301058944,48.3817533532343,28.5168922865227,21.6201593564937,16.5305149079938,18.5880813814273,23.5725180280005,27.8980964219518,32.5366142959375,37.3246770767445,43.8710750460548
"GCAM 8s","Low-to-Negative - SSP2","Middle East (R10)","Capacity|Electricity|Geothermal","GW",1,0,0,1.0375962287407,2.59349190319581,5.17884154457748,11.2784560124018,18.5069470090987,23.181261139434,24.4634371897102,25.3449605014506,26.5381788507266,27.6399573259008,28.7942914880615,30.2324518917847,30.7917706243318,31.5489124094939,32.4055429797997,33.1650384810179
"GCAM 8s","Low-to-Negative - SSP2","Middle East (R10)","Capacity|Electricity|Hydro","GW",1,7.14687610349452,6.96307221961322,9.05755221600631,11.6757399376736,14.293839933165,16.9120276548323,19.5301276503237,22.148315371991,24.7664153674824,27.3846030891497,30.0027030846411,32.6208908063084,35.2389908017998,37.8571785234671,40.4752785189585,43.0934662406258,45.7115662361172,48.3297539577845
"GCAM 8s","Low-to-Negative - SSP2","Middle East (R10)","Capacity|Electricity|Nuclear","GW",1,1.08829004492158,1.95707802557638,1.90220746664755,1.80853738971925,1.67782443920976,1.50235225171335,1.28216354123454,1.03051993213228,1.71181076153195,2.62663670005131,3.94716961098128,5.80161141038745,8.27286946407616,11.6103424969935,15.3877481239264,20.068858363788,25.9374661945243,33.247757222565
"GCAM 8s","Low-to-Negative - SSP2","Middle East (R10)","Capacity|Electricity|Oil","GW",1,166.220047299716,166.201347442791,146.748246875061,134.638119082122,111.025175052749,83.0641518656885,60.0972816929884,39.2671126782974,20.5459552871824,12.4321406638428,8.83317308248947,4.78520823083929,2.76498124276733,1.73122838634805,1.05063588552345,0.7240436855170951,0.549449117479163,0.004216925430221
"GCAM 8s","Low-to-Negative - SSP2","Middle East (R10)","Capacity|Electricity|Other","GW",1,0,0,0,0,0,0,0,0,0,0,0,0,0,0,0,0,0,0
"GCAM 8s","Low-to-Negative - SSP2","Middle East (R10)","Capacity|Electricity|Solar|CSP","GW",1,0.545352856634026,0.615469652486972,0.661020483496363,0.8807937137574791,1.44822595960169,3.58720108070156,7.8858031674379,13.4028315975587,17.6984428200034,22.3961115957202,27.2049305211744,31.0495904664878,33.3261884646934,35.299277117124,37.6962272103419,40.3159724124417,42.9105521942492,45.3108693544119
"GCAM 8s","Low-to-Negative - SSP2","Middle East (R10)","Capacity|Electricity|Solar|PV","GW",1,10.7897626144042,13.3475874128779,167.087333280688,469.10526557693,926.546221044613,1559.07334297788,2558.69458427548,3836.56684720408,4968.77583234821,6068.66901034017,7180.08286953483,8252.23699107486,9042.75376370365,9667.57299117666,10167.5062941927,10524.456265327,10763.9225863712,10907.9463162644
"GCAM 8s","Low-to-Negative - SSP2","Middle East (R10)","Capacity|Electricity|Wind|Offshore","GW",1,0,0,0.466931209496552,4.01004496039216,17.4491890051952,44.2803998012396,80.1217666566493,115.208373919369,137.64798485963,148.466565884226,148.48036062606,143.708255808013,141.5361313795,149.068169903111,154.617816439469,156.713522377504,155.651655702496,153.484676931651
"GCAM 8s","Low-to-Negative - SSP2","Middle East (R10)","Capacity|Electricity|Wind|Onshore","GW",1,0.934496320225014,1.17137064947338,34.1284155266171,106.757830703291,263.883728649795,498.815216760692,837.409833816075,1224.75604780733,1540.44193593628,1822.59968224063,2055.04909493665,2243.57687861514,2355.4120694111,2454.03377734539,2549.47055790653,2625.75635430996,2672.20694256535,2692.55205416927
"GCAM 8s","Low-to-Negative - SSP2","North America (R10)","Capacity|Electricity|Biomass","GW",1,13.6417015877337,13.81769241901341,15.24867221017432,18.22153798300643,21.16077882672222,49.03844091355087,152.1011027777133,174.1618668422211,190.9837134701194,202.1388100501919,209.287251939554,195.8150427798147,177.8105299539638,152.841052221783,130.4186509782324,117.1753579419533,112.7767565444837,121.9263428902519
"GCAM 8s","Low-to-Negative - SSP2","North America (R10)","Capacity|Electricity|Coal","GW",1,183.9903220220911,211.3669168233703,143.0615125992264,78.55206945010845,10.98518729989858,1.693969170698667,0.5385620524517161,0.363315090576351,0.297057450787171,0.257728737965724,0.239215804821695,0.177464137157752,0.207898202933329,0.140214493753171,0.101741344534817,0.093638924443493,0.107901222808853,0.147713283231862
"GCAM 8s","Low-to-Negative - SSP2","North America (R10)","Capacity|Electricity|Fossil","GW",1,705.880021161272,719.8481503300363,710.5602081450154,651.7309873226432,498.3659066674921,353.4952668745725,244.2845732131794,118.1112399745216,57.26022074501527,30.29355829173692,24.06608036521638,18.92661370744925,26.53717097566838,26.61940194686861,29.2226615543651,30.24357251211134,33.72528662382879,39.90927706717631
"GCAM 8s","Low-to-Negative - SSP2","North America (R10)","Capacity|Electricity|Gas","GW",1,501.1964765605098,488.5466028764954,554.7978422020581,561.1970038479304,478.1641144255099,343.470300824226,232.6374748894386,112.3510531390631,54.04329612348228,28.39462455098537,22.39715606998044,17.73739947679912,25.38442851477059,26.05020932091561,28.86879126661069,29.99575538679276,33.46778344783444,39.59463545528558
"GCAM 8s","Low-to-Negative - SSP2","North America (R10)","Capacity|Electricity|Geothermal","GW",1,3.11682313270008,3.15736822750493,11.15818924591539,21.60676185275123,37.01645930127742,58.7013395886066,102.3237693829073,129.999458205879,142.7314301414227,150.7729053553263,161.7657048127315,175.268201488127,190.7547667033639,193.9419296254762,199.6654753205681,204.0179750300662,212.1275225846416,220.9976786688748
"GCAM 8s","Low-to-Negative - SSP2","North America (R10)","Capacity|Electricity|Hydro","GW",1,212.7465038555831,200.9318933813571,219.1996413595486,221.4761356258326,223.7517526303586,226.0282468966426,228.3047411629276,230.5812354292126,232.8568524337376,235.1333467000216,237.4098409663066,239.6854579708316,241.9619522371166,244.2384465034016,246.5149407696856,248.7905577742106,251.0670520404956,253.3435463067806
"GCAM 8s","Low-to-Negative - SSP2","North America (R10)","Capacity|Electricity|Nuclear","GW",1,137.0216313472782,134.4626411194255,130.6927749584183,126.1964387569513,123.1806475146735,122.6841272006401,132.2425634898364,133.556437742649,133.9403863859374,132.4682705478835,136.7008513152813,149.4801443720658,176.4038243145769,197.2429484495904,212.6804366045354,229.3386222255156,246.4192283174801,264.6760859434465
"GCAM 8s","Low-to-Negative - SSP2","North America (R10)","Capacity|Electricity|Oil","GW",1,20.69322257867161,19.93463063017022,12.70085334373061,11.98191402460329,9.216604942083924,8.330996879648186,11.10853627128967,5.396871744882383,2.919867170745829,1.641205002785802,1.429708490414199,1.011750093492424,0.9448442579643971,0.428978132199765,0.252128943219571,0.154178200875113,0.149601953185498,0.166928328658801
"GCAM 8s","Low-to-Negative - SSP2","North America (R10)","Capacity|Electricity|Other","GW",1,0,0,0,0,0,0,0,0,0,0,0,0,0,0,0,0,0,0
"GCAM 8s","Low-to-Negative - SSP2","North America (R10)","Capacity|Electricity|Solar|CSP","GW",1,1.77999709847526,1.64642027417812,2.6655018919448,4.50784975047479,6.92270244128614,14.3109001525314,33.9728702528951,50.9241767115604,63.5240039891603,73.7255507886397,85.9625883692057,97.9166475920894,106.331633344847,110.802204740529,115.076071009408,119.054182802244,123.709926128992,128.324591298144
"GCAM 8s","Low-to-Negative - SSP2","North America (R10)","Capacity|Electricity|Solar|PV","GW",1,98.13016234849887,125.3646943163042,539.3868419222699,1277.472392897831,2293.589705398138,3835.094978868943,6941.052059236167,9013.51781865627,10169.90882389522,10859.4643871154,11461.41699653592,11941.1816335065,12108.07638697476,12306.69156765875,12464.61802092003,12566.23881627916,12666.04906435686,12694.13799266942
"GCAM 8s","Low-to-Negative - SSP2","North America (R10)","Capacity|Electricity|Wind|Offshore","GW",1,0,0,3.523298589589323,17.96430218242076,53.54137930141761,125.7892594991314,286.9655998241908,395.995789502295,461.115412028454,485.634470818159,484.224889063264,423.483684750691,459.362494476794,471.886806277411,482.560542512747,470.845303268921,446.0051335442949,402.929300453414
"GCAM 8s","Low-to-Negative - SSP2","North America (R10)","Capacity|Electricity|Wind|Onshore","GW",1,148.8221636737328,164.5757588485141,378.8685639669279,641.529018456235,1075.126904282619,1709.424208826724,3043.30738749649,3930.542519571262,4369.152283013756,4729.440054867939,5022.628071878175,5266.692473659606,5350.54307294406,5424.512821715029,5416.866613267597,5432.108100559826,5448.400666561396,5456.087314128509
"GCAM 8s","Low-to-Negative - SSP2","Pacific OECD (R10)","Capacity|Electricity|Biomass","GW",1,16.2569924227804,18.68516355458378,18.42952372816497,21.34889038004632,21.82967138176094,21.30818088606448,30.4154946420684,22.36010530083994,21.64054495061242,21.72351780851028,20.76200805483197,16.14694006360293,12.81417734399795,11.61815763635008,10.31026181299648,9.41189443767865,8.986729718563376,10.24172829082484
"GCAM 8s","Low-to-Negative - SSP2","Pacific OECD (R10)","Capacity|Electricity|Coal","GW",1,95.2914681548215,96.634444361129,87.9458275734993,41.21631942838272,11.34982085157522,2.7153456871482,2.199144726579917,1.748452499108154,1.149722789615686,0.8317055519402481,0.654330182555241,0.527209260485453,0.7753089891806451,0.6728937183922,0.414269082386003,0.308369514689561,0.26584570417935,0.339349169774226
"GCAM 8s","Low-to-Negative - SSP2","Pacific OECD (R10)","Capacity|Electricity|Fossil","GW",1,251.7590751527831,245.2236357487913,217.6115996747775,169.0552240738685,115.0536809290677,73.45287505980819,67.90821048599439,38.17337190794996,17.88163446796823,9.66564149639727,6.42505592757592,3.50917251324738,3.60151535935697,3.153897626247583,2.648654912673805,2.477924029119439,2.53922271854608,3.053240637997681
"GCAM 8s","Low-to-Negative - SSP2","Pacific OECD (R10)","Capacity|Electricity|Gas","GW",1,135.3245665281675,122.7592402799352,114.9266395394208,117.0855017585887,96.34137393051,65.4105891145334,56.37465831262738,32.00205989816505,14.76640109455215,7.59708995500392,4.816859490145687,2.461184644684179,2.482935430782108,2.328840167983325,2.142289547192005,2.103825446111466,2.212564008532745,2.701103472915762
"GCAM 8s","Low-to-Negative - SSP2","Pacific OECD (R10)","Capacity|Electricity|Geothermal","GW",1,1.859902206395949,1.886943610027104,3.159577757511229,7.714228889810171,11.85945418840505,16.88729895836966,28.16070387843263,36.0878987038951,38.29275013203,38.9698488160204,40.0167306540696,41.3355640367112,43.1130146045849,43.339863364455,42.6472684522475,42.5628203116367,43.0250319005409,44.2344310503648
"GCAM 8s","Low-to-Negative - SSP2","Pacific OECD (R10)","Capacity|Electricity|Hydro","GW",1,37.2145842845255,37.1985303943239,37.8793732459861,38.7310189622517,39.5825769523414,40.434222668607,41.2857806586966,42.1374263749622,42.9889843650518,43.8406300813174,44.692188071407,45.5438337876726,46.3953917777622,47.2470374940278,48.0985954841175,48.9501534742071,49.8017114642967,50.6533571805622
"GCAM 8s","Low-to-Negative - SSP2","Pacific OECD (R10)","Capacity|Electricity|Nuclear","GW",1,5.76296192405616,10.5296630674887,31.8042617736685,44.3792418381556,60.7806824253824,65.4553879275357,21.7598281345466,28.827295998394,37.48519991675741,45.87948252241436,55.62688256815949,65.4928604548919,75.21706089564029,80.89421820180957,86.51680019172494,92.17569634038337,98.98842811401761,104.0876671733084
"GCAM 8s","Low-to-Negative - SSP2","Pacific OECD (R10)","Capacity|Electricity|Oil","GW",1,21.14304046979342,25.82995110772664,14.73913256185723,10.75340288689692,7.362486146982034,5.326940258126526,9.334407446787079,4.422859510676687,1.965510583800407,1.236845989453098,0.9538662548749881,0.520778608077756,0.343270939394212,0.152163739872057,0.09209628309579401,0.06572906831841101,0.060813005833976,0.01278799530769
"GCAM 8s","Low-to-Negative - SSP2","Pacific OECD (R10)","Capacity|Electricity|Other","GW",1,0,0,0,0,0,0,0,0,0,0,0,0,0,0,0,0,0,0
"GCAM 8s","Low-to-Negative - SSP2","Pacific OECD (R10)","Capacity|Electricity|Solar|CSP","GW",1,0.003116475165799,0.002596869312021,0.024465010317029,0.333624487339745,0.5335226733771821,0.8232787162672921,2.16851212776872,3.92015558660965,4.87171088885859,5.26089837007552,5.65508868177816,6.17384633479138,6.86185100475905,7.2381661738487,7.56093047689919,7.8088972991439,8.06256328860184,8.44059248958246
"GCAM 8s","Low-to-Negative - SSP2","Pacific OECD (R10)","Capacity|Electricity|Solar|PV","GW",1,81.5278000741852,92.6957134291674,164.2772786132056,381.06724288233,613.880516477332,882.572676673748,1599.110434869343,2355.530128490389,2722.718145430724,2931.815481363061,3089.599141871778,3249.42832696797,3373.804664253684,3442.401447767359,3466.615402334108,3459.762571714483,3454.321466826758,3456.771264715763
"GCAM 8s","Low-to-Negative - SSP2","Pacific OECD (R10)","Capacity|Electricity|Wind|Offshore","GW",1,0,0,0.695649561858499,8.49782416485038,19.64661408505357,35.875952681794,90.9186148318603,149.0990985901599,175.5420311963999,188.99784936169,193.9849441364039,168.7746374023063,171.6792407258058,188.7897348795252,194.6473107086068,195.6891859561623,187.2694120026823,157.3464820635425
"GCAM 8s","Low-to-Negative - SSP2","Pacific OECD (R10)","Capacity|Electricity|Wind|Onshore","GW",1,12.48315748747753,14.42750445260791,31.5736273797662,112.6832810667563,214.8124081368798,313.1552373502661,541.62555317199,762.156485388581,870.9077539131999,907.040634252011,924.90852054334,954.604573546741,954.9426378193209,949.971722481541,951.6392355041351,944.928727373931,933.691068254142,928.665568564842
"GCAM 8s","Low-to-Negative - SSP2","Reforming Economies (R10)","Capacity|Electricity|Biomass","GW",1,0.069918687227508,0.067822066519339,0.549991699093975,1.412541214038112,3.518600094448549,6.74113150920663,7.04986567129756,3.95758525186535,7.60885200896017,18.7217993957792,35.9889059249803,56.4557234334798,76.28182567850979,91.4267806217727,107.0810881305733,124.844788447093,143.106886654488,172.4426216457544
"GCAM 8s","Low-to-Negative - SSP2","Reforming Economies (R10)","Capacity|Electricity|Coal","GW",1,51.538852985685,50.62629972938,62.6162571670602,50.80719365094055,19.98228896264668,2.73333009278294,0.938325590939,0.7947586727610151,1.156844586051305,1.633785057570715,2.081783269532947,2.010219356296233,1.746962148764545,1.442568546582667,1.30717653233606,1.335070690639268,1.410655717275495,1.644185763492517
"GCAM 8s","Low-to-Negative - SSP2","Reforming Economies (R10)","Capacity|Electricity|Fossil","GW",1,227.6135232650104,246.6122923707276,255.6087928207866,246.6726673607945,196.1972173844579,138.4453869311937,98.5262229294272,58.3643868115787,36.3370313256922,27.2441258565875,23.07083590878521,17.18530990044476,15.15052371348268,14.60344153102587,16.11908333684724,18.43489560657627,21.106001831279,25.4178652863935
"GCAM 8s","Low-to-Negative - SSP2","Reforming Economies (R10)","Capacity|Electricity|Gas","GW",1,172.4886020399201,189.0182299937874,187.1596713360049,189.883867257778,170.5532988864567,131.4581417537037,94.3537149192346,55.5801493263994,33.7297901352838,24.3797649931469,19.97723999741194,14.54153051924172,13.05054274144183,12.95642240522862,14.66657170677488,16.97664733125689,19.58357810719778,23.6588590513581
"GCAM 8s","Low-to-Negative - SSP2","Reforming Economies (R10)","Capacity|Electricity|Geothermal","GW",1,0.06968363473209101,0.071168479869762,2.446750428405036,5.972968975030859,12.42862076162093,20.88863139019309,33.2703864643897,45.6706801495466,56.3313531245613,67.0263707988657,76.6255477454157,84.9312978789419,89.4874993461065,92.5407621543369,96.50306042245799,100.1883813638046,104.2416639223437,107.8982455917113
"GCAM 8s","Low-to-Negative - SSP2","Reforming Economies (R10)","Capacity|Electricity|Hydro","GW",1,85.43432961765009,86.5381880898143,90.4354234570475,95.3079107224804,100.1803102617374,105.0527098009944,109.9251093402514,114.7975088795084,119.6701715972933,124.5423956841983,129.4147074972793,134.2869315841845,139.1600329328488,144.0323447459299,148.904568832835,153.7768806459161,158.6491047328213,163.5213288197264
"GCAM 8s","Low-to-Negative - SSP2","Reforming Economies (R10)","Capacity|Electricity|Nuclear","GW",1,32.49624560562102,33.5155641825063,33.9877220688392,33.05535505029124,33.03493131118191,33.78121200248319,35.50702320094847,36.77875603704653,39.69403830406684,44.67262536959549,53.03986956824121,63.60566456225964,74.45121939575138,84.59852792478105,94.1755167996013,108.1590019030201,124.284640969797,141.8520791496335
"GCAM 8s","Low-to-Negative - SSP2","Reforming Economies (R10)","Capacity|Electricity|Oil","GW",1,3.586068239405161,6.96776264756042,5.83286431772099,5.9816064520758,5.661629535354709,4.25391508470698,3.23418241925361,1.989478812418385,1.450396604357122,1.230575805870032,1.011812641840307,0.6335600249068061,0.353018823276297,0.20445057921458,0.145335097736292,0.123177584680109,0.111768006805781,0.11482047154282
"GCAM 8s","Low-to-Negative - SSP2","Reforming Economies (R10)","Capacity|Electricity|Other","GW",1,0,0,0,0,0,0,0,0,0,0,0,0,0,0,0,0,0,0
"GCAM 8s","Low-to-Negative - SSP2","Reforming Economies (R10)","Capacity|Electricity|Solar|CSP","GW",1,0,0,0.060043922613351,1.03937882293087,1.70600245299711,4.21142951918091,8.20538821657763,13.3747613591232,19.5594002175287,26.7299915789601,35.0400697854471,43.8633507140676,50.5196729978552,55.3414152964931,59.0994244107358,62.716689769839,66.8139985609961,71.4770260014814
"GCAM 8s","Low-to-Negative - SSP2","Reforming Economies (R10)","Capacity|Electricity|Solar|PV","GW",1,3.09940423106783,3.552180120480749,66.72799351625241,267.241037628724,631.058027366999,1154.565119725357,1791.173438097808,2429.443962701512,3100.74446655974,3886.22246829451,4711.481488792089,5581.04507802042,6236.120961161991,6721.08653182273,7127.38521876316,7418.972228320539,7684.50875171478,7941.72594908953
"GCAM 8s","Low-to-Negative - SSP2","Reforming Economies (R10)","Capacity|Electricity|Wind|Offshore","GW",1,0,0,0.6918786310117081,2.832627974630318,15.74152787161078,39.32230964028226,72.02231456550024,103.5249278374588,132.8477810721158,156.226135251891,177.7388793057071,193.6296160012549,205.7674233312135,212.1109151095368,217.1769787597373,216.8287950965567,220.3048495418975,228.7363835127916
"GCAM 8s","Low-to-Negative - SSP2","Reforming Economies (R10)","Capacity|Electricity|Wind|Onshore","GW",1,1.156827050225207,2.291519013910251,63.1021863527171,152.7890748265717,321.5067241226808,546.701108594076,838.605380940874,1141.288889349894,1450.461013858372,1833.858243944437,2245.938471513027,2667.383928497416,2967.82248904009,3169.89049234668,3318.88844833131,3415.69582170148,3489.50709441994,3570.12983358531
"GCAM 8s","Low-to-Negative - SSP2","Rest of Asia (R10)","Capacity|Electricity|Biomass","GW",1,11.47734978385114,12.86731505059904,11.96508405363962,25.40547805968138,36.2907891301676,50.13817884341555,79.87209954650943,84.00621693538723,100.6307939701828,122.4020950171424,142.4389359378488,156.5458127017674,164.9616652702682,166.0776900437628,164.8840886681257,167.9015675253796,172.5667397202842,187.4020343936634
"GCAM 8s","Low-to-Negative - SSP2","Rest of Asia (R10)","Capacity|Electricity|Coal","GW",1,134.8093522072791,136.1925195121124,168.1508412418009,111.0296233191258,70.60246232528742,16.16366764328376,8.658413634882564,8.025444899583599,7.421071632689581,6.716202493344455,5.964905541907255,4.989292907209688,4.673815526579452,3.866257311619947,3.52887099548136,3.679128021924946,3.582716650550165,3.95483728795662
"GCAM 8s","Low-to-Negative - SSP2","Rest of Asia (R10)","Capacity|Electricity|Fossil","GW",1,336.2357720119614,347.1120415419074,389.4847666872001,367.8133427275572,342.0967065664938,245.1100022523294,187.1215065120589,110.9296937104458,64.18267966831321,44.42051630246887,32.74834064423749,23.31731731352713,22.47293969229002,22.97515189815836,26.52945836555928,32.92430173104106,38.70949375540716,46.11393011996805
"GCAM 8s","Low-to-Negative - SSP2","Rest of Asia (R10)","Capacity|Electricity|Gas","GW",1,167.7752594024273,171.5163059989624,188.149158045231,214.5278574896363,221.4501510580675,179.3554826684922,133.5714224120725,77.88356583281353,42.58988965737147,27.82895835770874,20.02068322219788,14.44140424422117,15.53901897400731,17.91668172102199,22.29072818121694,28.72958635237714,34.7824174824496,42.15716585133722
"GCAM 8s","Low-to-Negative - SSP2","Rest of Asia (R10)","Capacity|Electricity|Geothermal","GW",1,4.422088260483012,4.470534211346116,8.443384106337,18.98982323076068,30.39869692804848,50.69874907492165,82.66220578291262,108.2392590303017,123.5243067810198,137.5345240255829,150.7947034787629,163.7279983673603,173.5631365453316,180.2704660573771,188.8061760846775,198.4050656385079,206.0791971854177,213.8226811753858
"GCAM 8s","Low-to-Negative - SSP2","Rest of Asia (R10)","Capacity|Electricity|Hydro","GW",1,79.97954231401617,88.649809780991,84.62409065643996,93.30314828624637,96.62775103986975,100.2103564770053,103.792874187965,107.1561641851887,110.2561879283424,113.3562993976718,116.4563231408254,119.556434610155,122.6564583533085,125.7563943702861,128.8565058396158,131.9564418565936,135.0565533259229,138.1565770690767
"GCAM 8s","Low-to-Negative - SSP2","Rest of Asia (R10)","Capacity|Electricity|Nuclear","GW",1,6.06608470753251,6.41528863142407,6.235423015264789,5.9283717000375,5.49989694540506,4.92469421499153,4.20292255030312,3.37803291702756,4.040450481875561,5.396064797634844,7.453355484842667,10.96297148216685,16.16218723754228,21.96225834455159,28.77146465441534,38.61011012443489,50.88808623400664,67.29407598357784
"GCAM 8s","Low-to-Negative - SSP2","Rest of Asia (R10)","Capacity|Electricity|Oil","GW",1,33.65116040225553,39.403216030833,33.18476740016831,42.25586191879502,50.04409318313918,49.59085194055342,44.89167046510394,25.02068297804875,14.17171837825217,9.87535545141565,6.762751880132361,3.886620162096258,2.260105191703259,1.19221286551642,0.7098591888609781,0.515587356738882,0.3443596224074,0.001926980674235
"GCAM 8s","Low-to-Negative - SSP2","Rest of Asia (R10)","Capacity|Electricity|Other","GW",1,0,0,0,0,0,0,0,0,0,0,0,0,0,0,0,0,0,0
"GCAM 8s","Low-to-Negative - SSP2","Rest of Asia (R10)","Capacity|Electricity|Solar|CSP","GW",1,0,0,0.453074325789907,5.106744519951612,11.32791824252993,28.55133303420352,60.27777238706521,90.45852916655873,116.5705013443218,140.1784817039839,164.1852460398399,183.8853671345642,196.0597376191323,205.2619472409649,216.9032434552637,231.7194567071445,247.4289737551614,262.464706301246
"GCAM 8s","Low-to-Negative - SSP2","Rest of Asia (R10)","Capacity|Electricity|Solar|PV","GW",1,21.83578717235762,39.03851343269646,237.6112674789397,895.0323824182964,1542.442289050613,2492.866855918621,4252.0850471375,5935.74646896756,7429.237097994222,8929.805586415136,10519.81795637473,12222.27297274807,13566.58243948557,14648.12278701239,15627.95210427868,16498.50133198518,17293.28349451219,17900.79932026063
"GCAM 8s","Low-to-Negative - SSP2","Rest of Asia (R10)","Capacity|Electricity|Wind|Offshore","GW",1,0,0,0.9875415694467191,19.10015638594994,53.96678021442267,124.6335432321737,242.2103648424151,342.6868937513854,407.5107958787542,459.4581172185836,480.079810002625,482.354092158168,512.4831111610287,537.2984394021448,551.4904588530751,569.5757814297511,564.285596470165,560.6073380421235
"GCAM 8s","Low-to-Negative - SSP2","Rest of Asia (R10)","Capacity|Electricity|Wind|Onshore","GW",1,4.465770679200282,5.777903531243422,65.82430757606055,283.2526238805776,518.0589293656209,852.510932962945,1382.67956163144,1848.114271769981,2234.268475032778,2576.68809748558,2908.570626106997,3233.326462287736,3451.321177156747,3651.386679474228,3835.877261015573,3983.66868264719,4112.740140037675,4197.961290055185
"GCAM 8s","Low-to-Negative - SSP2","World","Capacity|Electricity|Biomass","GW",1,146.691352357694,165.40016781785,149.330721638016,190.209217706384,218.332514014868,315.533391447279,518.347617324782,493.770634700478,592.797006527874,697.166262978681,799.829959258365,856.122867172508,889.40774276101,877.647440765079,863.633104940118,869.274087216487,896.579196121717,1005.0188590557
"GCAM 8s","Low-to-Negative - SSP2","World","Capacity|Electricity|Coal","GW",1,1949.69692038313,2109.60055378997,2213.12916503071,1818.81778269816,1416.04372475491,273.273669496352,33.5456591238536,17.3206525658726,23.9476656228128,20.3584282287071,18.3469120350815,16.7487862310422,14.2219506235416,11.6209827943578,12.3197078485816,11.3094857775956,10.9234514719445,13.0196776092398
"GCAM 8s","Low-to-Negative - SSP2","World","Capacity|Electricity|Fossil","GW",1,4461.56017404179,4719.25948769222,4818.87323049111,4410.16053423323,3732.23834108471,1998.14811934258,1258.1344899433,699.70977273116,401.396888048033,261.030310317118,203.212911067937,149.784482727978,150.641778729307,155.711503260368,181.900070436212,208.889649250709,238.963800753401,284.244481701004
"GCAM 8s","Low-to-Negative - SSP2","World","Capacity|Electricity|Gas","GW",1,2139.69221554143,2203.65833816488,2265.15657470339,2272.83326737342,2022.40090286977,1487.55977418413,1020.43983003679,554.754139776999,299.831129241826,185.668145162967,142.953213857548,107.197432558614,119.9419740528,134.505244022582,163.294683297482,192.860515564328,224.256463883903,270.406523102654
"GCAM 8s","Low-to-Negative - SSP2","World","Capacity|Electricity|Geothermal","GW",1,15.7715367443966,15.800007861675,48.6521427889749,109.489020136803,180.696524218664,317.454609108072,499.651838520512,622.703414801214,707.824607533161,758.09603758194,815.128639634245,878.590012573565,924.366197613812,941.939420835841,982.78150915253,1004.86654507073,1035.27151613136,1077.29835979183
"GCAM 8s","Low-to-Negative - SSP2","World","Capacity|Electricity|Hydro","GW",1,1371.77256430835,1355.4,1533.26188294159,1657.80202406307,1694.614585601,1731.6862727175,1768.31882014235,1804.73244689508,1838.43447509398,1872.13806481881,1905.84050533073,1939.54318270333,1973.24780759704,2006.95023056373,2040.65325884103,2074.35471681979,2108.05871885764,2141.76122955051
"GCAM 8s","Low-to-Negative - SSP2","World","Capacity|Electricity|Nuclear","GW",1,398.044880788555,417.600276649602,445.004091735231,461.231735106902,476.688189437896,518.211779929309,520.012438346084,542.879512118989,609.730634995624,659.976245642932,726.048159937858,832.397660797774,953.027516294756,1053.00930272705,1163.64907135686,1278.82857251782,1410.24446804444,1543.56317652257
"GCAM 8s","Low-to-Negative - SSP2","World","Capacity|Electricity|Oil","GW",1,372.171038117234,406.000595737371,340.587490757016,318.509484161654,293.793713460035,237.314675662095,204.149000782654,127.634980388288,77.6180931833944,55.0037369254434,41.9127851753072,25.8382639383224,16.4778540529653,9.58527644342801,6.28567929014843,4.71964790878547,3.78388539755307,0.818280989110947
"GCAM 8s","Low-to-Negative - SSP2","World","Capacity|Electricity|Other","GW",1,0,0,0,0,0,0,0,0,0,0,0,0,0,0,0,0,0,0
"GCAM 8s","Low-to-Negative - SSP2","World","Capacity|Electricity|Solar|CSP","GW",1,7.25970854599154,7.60000273542068,13.2417697352307,38.1205810906904,62.1969104366752,150.169748378147,291.892868310686,421.034674514685,557.865761517123,667.815748080907,790.378707163998,883.391313557888,939.332569180041,976.84109793281,1016.56096519501,1065.30590294961,1118.51963026972,1174.49792757141
"GCAM 8s","Low-to-Negative - SSP2","World","Capacity|Electricity|Solar|PV","GW",1,671.307227851668,829.6,3192.27487279361,9199.57438803744,16059.7618997645,26241.5440162712,41052.4234558827,54329.3179464117,67806.0381022924,78530.195725725,89327.8899631279,100356.20444588,108455.644560489,114874.125857329,119965.764983893,124164.815822114,127914.877504352,131029.055559993
"GCAM 8s","Low-to-Negative - SSP2","World","Capacity|Electricity|Wind|Offshore","GW",1,0,0,20.0543717135324,151.930105343231,394.93811053626,956.456773826957,1835.35637233661,2535.92680615792,3124.08935180649,3493.06065315128,3585.73680158386,3550.80000182352,3755.38408121676,3763.1233052671,3918.16220017955,3960.7098063299,3861.46518784958,3817.97485725344
"GCAM 8s","Low-to-Negative - SSP2","World","Capacity|Electricity|Wind|Onshore","GW",1,630.850154955671,734.6,1628.99979207864,3505.52693053071,6125.04094929556,10186.4921117122,15867.7609282468,20530.1268198455,24655.3633229385,28111.4989661032,31159.2565945709,33935.0956861696,35809.6682176745,37341.7998048223,38350.2027700437,39322.1655431853,40171.8141887854,40901.140821684
"GCAM 8s","Medium-to-Low - SSP2","Africa (R10)","Capacity|Electricity|Biomass","GW",1,0.532771673420121,0.493553609472383,0.664128182141934,2.314832199705022,3.96551957554131,6.679923514873561,12.34796668225293,19.34935526913263,26.73761803732966,35.28389452018032,43.21802604798585,50.08169970227898,46.73818326202308,43.02289378711489,40.58098001008442,40.05524319363979,38.27815415745091,34.62275412131902
"GCAM 8s","Medium-to-Low - SSP2","Africa (R10)","Capacity|Electricity|Coal","GW",1,51.1857196852072,51.24499160392423,49.90458988326472,30.7194384899391,35.34060563747946,46.10513234706135,38.58992233897175,27.62272653669302,17.87837721394188,12.38867493522475,8.761702083872272,7.101725546501649,6.269425905604988,5.429496717679985,4.970539358147366,4.664406200859065,4.088157489008978,3.568979176530707
"GCAM 8s","Medium-to-Low - SSP2","Africa (R10)","Capacity|Electricity|Fossil","GW",1,177.7224984079728,193.0369964126653,191.1751588767128,173.4929159795923,213.7556625512515,285.6540867478767,316.2942192804767,334.9624765358823,348.9787263371337,359.4979413105327,339.7996816733369,305.9037476256991,271.0372195894413,234.8454818413816,204.546904600111,181.6194265837967,157.4779959018958,107.8941451153322
"GCAM 8s","Medium-to-Low - SSP2","Africa (R10)","Capacity|Electricity|Gas","GW",1,103.2620379473697,109.4133073970553,116.813121744923,120.0357765625855,145.7549563015521,188.5860004299857,218.0514213297698,244.9441293745501,267.9213606269892,281.5360830159138,270.1071690552016,242.0206424927518,212.5016019468189,183.3302669504555,158.0515803313388,139.1103735550884,120.4880885479343,98.15230004616885
"GCAM 8s","Medium-to-Low - SSP2","Africa (R10)","Capacity|Electricity|Geothermal","GW",1,0.837604925878709,0.83356926602842,2.480258933643644,7.470509593434312,12.29483145168133,17.15404054197827,23.98381427920334,30.64213191490962,36.82887398412233,41.59437346807758,45.39918754700859,48.8442500097117,52.11481570335868,54.91358771035705,57.85055229124134,60.66789416047793,62.50903891779821,65.35980961884104
"GCAM 8s","Medium-to-Low - SSP2","Africa (R10)","Capacity|Electricity|Hydro","GW",1,45.30649061859999,46.79928309190394,53.74095012458159,62.15253064387169,70.06064186668257,77.96883204305185,85.87694326586264,93.78505448867341,101.6931657114843,109.6013646604712,117.5095460642228,125.4175344703873,133.3257860550797,141.2339499135962,149.1420260459366,157.0502776306289,164.9583537629693,172.8665176214859
"GCAM 8s","Medium-to-Low - SSP2","Africa (R10)","Capacity|Electricity|Nuclear","GW",1,1.4727160856598,1.83735240588694,1.78583989476077,1.69790026919409,1.57518342990333,1.41043460563614,1.20371782608981,0.9674643537229111,1.470848007477946,2.548955693095457,4.256932967524893,6.983280140633466,11.2515240189568,17.41361646808817,26.35135091784131,39.22613912248133,55.93589132135147,79.83642012470666
"GCAM 8s","Medium-to-Low - SSP2","Africa (R10)","Capacity|Electricity|Oil","GW",1,23.2747407753959,32.37869741168555,24.45744724852494,22.73770092706806,32.66010061222023,50.96295397082997,59.65287561173467,62.39562062463968,63.17898849620364,65.57318335939429,60.93081053426339,56.7813795864455,52.26619173701793,46.08571817324592,41.524784910625,37.84464682784928,32.90174986495246,6.172865892632614
"GCAM 8s","Medium-to-Low - SSP2","Africa (R10)","Capacity|Electricity|Other","GW",1,0,0,0,0,0,0,0,0,0,0,0,0,0,0,0,0,0,0
"GCAM 8s","Medium-to-Low - SSP2","Africa (R10)","Capacity|Electricity|Solar|CSP","GW",1,1.429866137191965,1.525940574834752,1.577361402570807,2.281246004372436,2.708504185587363,3.313382171446024,4.743333734926122,6.927732005607528,8.857199818470443,13.35975756337207,19.5886451384699,27.6133445929078,37.41204677991363,48.98455059494985,62.51637518007838,77.91862240785585,94.19366207487829,113.6541148567791
"GCAM 8s","Medium-to-Low - SSP2","Africa (R10)","Capacity|Electricity|Solar|PV","GW",1,10.32611240693181,11.62745096989259,142.2579056274815,480.8769892575695,800.7328256555144,1195.254863733884,1846.702811527,2704.92243893317,3871.677340853257,5396.401597376217,7249.673779318641,9445.838529817367,11962.28030606889,14712.80129061871,17640.38901656076,20653.81444796419,23631.36554528686,26907.00542476141
"GCAM 8s","Medium-to-Low - SSP2","Africa (R10)","Capacity|Electricity|Wind|Offshore","GW",1,0,0,1.115113064703191,16.073320942451,34.87006901050472,59.71141019336562,105.4459608086535,163.5857124167073,224.5778277557552,296.3342648015178,366.0814320098661,426.5962383332391,487.6679471430298,541.0627945363644,592.0789248199054,648.6089119484898,690.9372780478988,732.9808593658845
"GCAM 8s","Medium-to-Low - SSP2","Africa (R10)","Capacity|Electricity|Wind|Onshore","GW",1,7.708193544962517,9.20481212864006,41.73259211341605,152.3374444574512,241.2038546198878,343.2943694924434,520.4593190602233,748.8269320312663,1047.092725842443,1419.118713849554,1884.68984680094,2433.540144322626,3038.416080509565,3688.69700847362,4364.487980019148,5049.594568833542,5724.819827235063,6489.850517179618
"GCAM 8s","Medium-to-Low - SSP2","China+ (R10)","Capacity|Electricity|Biomass","GW",1,52.07485679910261,62.07272683959793,49.3247921958374,52.57210285533093,53.38276490339571,56.7416347950475,68.26503302443575,90.7520455081562,119.1869398753284,126.2053278976304,119.7537226606342,104.3314590231595,72.39622138680929,50.23185654282999,44.64675541682746,32.23894435849146,22.09608368801086,13.53944209378658
"GCAM 8s","Medium-to-Low - SSP2","China+ (R10)","Capacity|Electricity|Coal","GW",1,1067.09461448584,1169.384602996219,1240.394314960443,1203.690630737268,1185.875030515094,1163.987584287112,1032.500672632523,718.7936196178574,417.5703020048879,183.9400100592649,76.15802687833899,34.46109678536685,20.86118539976863,12.92485649225533,13.02823383780352,8.294848719165666,4.811864959963343,2.782871355401822
"GCAM 8s","Medium-to-Low - SSP2","China+ (R10)","Capacity|Electricity|Fossil","GW",1,1201.082580449738,1322.388573839342,1378.048876993535,1347.682391169892,1322.231627976238,1294.135254266794,1159.458225129765,849.6380985036873,555.8648830345782,314.8981090010167,186.9651984909507,116.6300196882962,84.8752534207583,62.34125631891401,55.3435821303805,40.0906607064829,26.90645935972214,15.89757784130749
"GCAM 8s","Medium-to-Low - SSP2","China+ (R10)","Capacity|Electricity|Gas","GW",1,125.2203740139552,144.0630938998414,130.8392701368507,138.1290700625982,130.9441605588531,124.9997581482454,122.4917422467707,126.5871902833382,134.6539605286405,128.4545469597409,109.1773208566958,81.11663673756419,63.190777436006,48.8404923998378,41.6639500421851,31.3386991941181,21.78019908504517,12.89690565964148
"GCAM 8s","Medium-to-Low - SSP2","China+ (R10)","Capacity|Electricity|Geothermal","GW",1,0.02167321285012,0.021550000633228,3.97782905165489,8.32725924716592,11.4402745823534,14.3797306027148,22.5172934851975,33.6579851206362,46.9261750404376,50.8719214985308,51.8068095372851,52.1345473438847,53.8163213487557,54.5020266548128,59.5236040627046,58.5654421604404,56.386659068919,55.4230397368843
"GCAM 8s","Medium-to-Low - SSP2","China+ (R10)","Capacity|Electricity|Hydro","GW",1,418.8611193510551,411.7275425358363,496.7133983967193,563.6187314841561,563.8855155578824,564.1522908589911,564.4190661600999,564.6858414612086,564.952625534935,565.2194008360437,565.4861761371525,565.7529514382612,566.0197355119875,566.2865108130962,566.553286114205,566.8200614153137,567.0868454890401,567.3536207901489
"GCAM 8s","Medium-to-Low - SSP2","China+ (R10)","Capacity|Electricity|Nuclear","GW",1,78.2900073137271,84.1038377340829,89.8926155809913,93.52422746653599,92.6914382206824,89.060338432134,87.2607070558513,88.6700186113949,105.7150558768613,121.5052673417056,133.68808903846,144.5458420917111,160.2356195073694,176.8244441619287,196.5792644483005,217.1634978009472,233.7166133421032,248.0362428803363
"GCAM 8s","Medium-to-Low - SSP2","China+ (R10)","Capacity|Electricity|Oil","GW",1,8.767591949940929,8.94087694327269,6.8152918962418,5.86269037002445,5.41243690229429,5.14791183143039,4.465810250473644,4.257288602491473,3.640620501048916,2.503551982010981,1.629850755915757,1.052286165365255,0.8232905849837431,0.5759074268208351,0.65139825039196,0.4571127931991321,0.314395314713677,0.217800826264157
"GCAM 8s","Medium-to-Low - SSP2","China+ (R10)","Capacity|Electricity|Other","GW",1,0,0,0,0,0,0,0,0,0,0,0,0,0,0,0,0,0,0
"GCAM 8s","Medium-to-Low - SSP2","China+ (R10)","Capacity|Electricity|Solar|CSP","GW",1,0.908402044050391,1.04136137886965,1.736131331635303,3.921098352356119,5.323434979017288,7.06452374163447,11.79755808299697,21.5699567761773,42.32937901753009,61.07248001594873,77.5152259000108,91.6853899860034,104.9225793086949,112.0456066400481,116.6719666298757,119.1864423145334,120.2480668057509,121.488426476085
"GCAM 8s","Medium-to-Low - SSP2","China+ (R10)","Capacity|Electricity|Solar|PV","GW",1,226.4505708414122,284.9590091892489,960.490091939615,2564.576899965841,3962.529805480132,5060.209890301392,6474.70391047324,7833.841246050813,9357.54788832117,10235.40193509558,10902.42337955387,11471.83240469155,11935.04225456815,12192.54700076352,12262.87625539065,12084.14657264425,11800.01384756468,11519.27663176758
"GCAM 8s","Medium-to-Low - SSP2","China+ (R10)","Capacity|Electricity|Wind|Offshore","GW",1,0,0,2.313175663769332,14.26973858849617,29.81500469623938,46.99296061163178,84.72583838130477,144.1268999469864,231.5999458371024,294.6028374869589,333.8109545085543,341.7112578981024,332.62486946779,286.8236004741387,288.7599552475718,296.3424431127487,295.8613131725493,280.8046699584272
"GCAM 8s","Medium-to-Low - SSP2","China+ (R10)","Capacity|Electricity|Wind|Onshore","GW",1,185.0963241318819,259.8479390243149,440.4504921970241,797.2402553680737,1069.846728648858,1281.151285409249,1610.998261823314,1993.98143791678,2339.866998409879,2614.642787498271,2802.930890423153,2949.01429618094,3019.709308789884,3005.17371148905,2864.124709904636,2782.863478046103,2721.782841202866,2680.812219918618
"GCAM 8s","Medium-to-Low - SSP2","Europe (R10)","Capacity|Electricity|Biomass","GW",1,44.18632507472214,47.94976186780234,44.61095318026833,52.4961930134461,57.02904977083626,63.45643297531979,72.99796082776528,78.26798098316222,93.47444007146676,98.72386396785434,105.065457496197,108.0217443652691,94.06252620131559,85.96386895199798,90.05866175060464,88.31016221757787,88.07370627129414,86.97632604539476
"GCAM 8s","Medium-to-Low - SSP2","Europe (R10)","Capacity|Electricity|Coal","GW",1,117.9367913210311,130.6445000782068,120.0821988021995,52.42149987634098,65.94294808736981,91.72174749053245,65.32265052184836,41.42014653232108,25.20634124957583,14.65111970150768,5.251899047489803,3.042400055099126,2.183841752422692,1.446807191960813,1.310049374234923,1.29921495733177,0.836553166298816,0.552453695680162
"GCAM 8s","Medium-to-Low - SSP2","Europe (R10)","Capacity|Electricity|Fossil","GW",1,355.0630469693203,378.3249893672757,361.4887282752542,267.830768799464,263.5696970698418,293.9520622024711,259.2870712306089,213.467681417034,191.5753025179905,165.500278311164,133.112769763078,103.2626649699565,87.16550411276816,72.72911312829488,67.8039214379175,53.10214452481736,39.09511559263267,24.64497825830885
"GCAM 8s","Medium-to-Low - SSP2","Europe (R10)","Capacity|Electricity|Gas","GW",1,213.9765569875624,225.0131536367572,227.5886754924904,207.5573177012603,189.9772527606585,193.3090956557741,184.9977742324108,164.8462092029609,158.1994672721103,144.8338405426562,123.8074004873381,97.32422512070391,82.22486238244618,69.0636555482771,63.51474093596654,49.5201179878984,36.75519418790524,23.26939737195094
"GCAM 8s","Medium-to-Low - SSP2","Europe (R10)","Capacity|Electricity|Geothermal","GW",1,3.758439474568955,3.82877685125602,11.04440794487557,22.4288956392487,29.10045153424944,33.11562711806991,45.03550871951737,57.86658586622588,77.12614525171423,89.42118431377843,100.1121942878287,109.9463928144783,119.1250830152648,126.6633266353489,137.0902855720565,140.929970393186,143.0524206818533,146.3916440334935
"GCAM 8s","Medium-to-Low - SSP2","Europe (R10)","Capacity|Electricity|Hydro","GW",1,207.054075113878,204.2146946121332,224.4759322129466,225.053073952001,225.630224463673,226.2073662027273,226.7845167143993,227.3616584534536,227.9387212389496,228.515862978004,229.0930134896759,229.6701552287303,230.2473057404023,230.8244562520741,231.4015102649525,231.9786607766245,232.5558025156789,233.1329530273508
"GCAM 8s","Medium-to-Low - SSP2","Europe (R10)","Capacity|Electricity|Nuclear","GW",1,124.0901370850516,132.1957741992408,134.7415651081275,135.7596396020576,131.1585089632243,122.0125777520283,112.8111195173446,101.5435996569235,99.6471296642181,97.19089422333327,94.87415045747824,94.71088111157935,100.0266060012259,107.8050836457822,116.5439671485982,128.7205220946045,140.6260093094896,153.2943503923912
"GCAM 8s","Medium-to-Low - SSP2","Europe (R10)","Capacity|Electricity|Oil","GW",1,23.14969866072698,22.6673356523117,13.81785398056427,7.851951221862691,7.649496221813603,8.921219056164663,8.966646476350228,7.201325681751949,8.169493996304293,6.015318067000108,4.053470228250178,2.896039794153521,2.756799977899331,2.21865038805707,2.979131127715983,2.282811579587164,1.503368238428591,0.82312719067772
"GCAM 8s","Medium-to-Low - SSP2","Europe (R10)","Capacity|Electricity|Other","GW",1,0,0,0,0,0,0,0,0,0,0,0,0,0,0,0,0,0,0
"GCAM 8s","Medium-to-Low - SSP2","Europe (R10)","Capacity|Electricity|Solar|CSP","GW",1,2.5929739344741,2.68822890009951,5.43927767634903,13.82669548722616,17.13467111565888,19.7562525597204,26.73152798789271,35.37642329387481,51.6159322163702,61.9212155980915,73.38045001005375,84.1435140129468,94.2849536868746,103.0973141571954,112.0582612524744,120.1519783142264,125.6866875004718,130.6609881394718
"GCAM 8s","Medium-to-Low - SSP2","Europe (R10)","Capacity|Electricity|Solar|PV","GW",1,140.662876928567,158.2156365338788,484.5339398757332,1292.576365871489,1891.846699564451,2348.439097493855,3075.249863558454,3706.656726083996,4448.852288224112,4867.256791916392,5259.514784861383,5632.830770040902,5883.047164692242,6146.034903893237,6360.696937399077,6505.307076394861,6611.495550521729,6715.345683376787
"GCAM 8s","Medium-to-Low - SSP2","Europe (R10)","Capacity|Electricity|Wind|Offshore","GW",1,0,0,8.904828180232862,49.71150506646575,85.69503658986508,115.184195251308,174.2064050341044,226.1075617120266,292.7542599696028,338.007251474946,372.1972596387565,372.4638430247049,382.3115479293606,353.5051709632155,389.745490511039,415.3321309402266,425.0001976512181,417.2081063476141
"GCAM 8s","Medium-to-Low - SSP2","Europe (R10)","Capacity|Electricity|Wind|Onshore","GW",1,202.4388874464432,197.0559054775005,391.1340844024346,703.1963255833975,884.548201209694,1012.16166771985,1238.509872291333,1447.285373039725,1648.714258074406,1840.686253638355,2051.293866953546,2237.803386974842,2363.714359305886,2473.615105785172,2474.553360299195,2504.09645606213,2543.264965446775,2594.244089564707
"GCAM 8s","Medium-to-Low - SSP2","India+ (R10)","Capacity|Electricity|Biomass","GW",1,3.41719674010964,3.7570321298385,1.82436733946081,4.60328800342375,7.42241888089972,12.0794764703788,19.3895723252453,31.1773995534899,46.6144311453356,59.2671599944922,65.3118284986605,63.8850955990862,48.4715677402703,36.4690393020242,30.3248465396538,26.002146875828,21.1477873420308,14.8386753882144
"GCAM 8s","Medium-to-Low - SSP2","India+ (R10)","Capacity|Electricity|Coal","GW",1,228.017860916186,243.211015657514,307.437666634035,321.427747128286,360.207991149466,403.618193285099,433.831583622889,379.676612577132,265.140129454747,138.919269804347,64.9893848319988,31.473755714288,17.9033735536435,11.4867482541909,9.28059297930873,7.37667906941616,5.29588271130796,3.60084492682361
"GCAM 8s","Medium-to-Low - SSP2","India+ (R10)","Capacity|Electricity|Fossil","GW",1,251.129936405275,264.878157823299,327.962496491006,353.626269365218,402.742219561523,461.241200986109,498.911462453224,455.720258398812,351.941480281133,229.464345641262,148.25964316359,99.0444492733809,72.5903218634068,55.6410401270029,46.1086384216809,37.176458745423,28.0787394271572,16.5513008769899
"GCAM 8s","Medium-to-Low - SSP2","India+ (R10)","Capacity|Electricity|Gas","GW",1,20.3577488033136,19.020687103272,18.6240584767783,27.4445778049292,34.7602829335838,45.4189444752122,50.8529238954576,60.268824329367,72.0494260873778,78.0152932767895,74.1739926071795,61.1484606914173,49.8081581288172,40.3129555015043,33.0952274852374,26.3930498221018,20.0321797969036,12.8492610150853
"GCAM 8s","Medium-to-Low - SSP2","India+ (R10)","Capacity|Electricity|Geothermal","GW",1,0,0,1.43574604955865,3.65982022308684,5.64718875262426,8.41015698842215,12.7116424954832,18.3608761885317,24.2619559038351,27.9659015210787,29.7396651323779,30.6203738190019,31.448216447268,32.2438642292368,34.1554239528939,35.4325071999207,35.5509334259422,35.8227341731331
"GCAM 8s","Medium-to-Low - SSP2","India+ (R10)","Capacity|Electricity|Hydro","GW",1,50.8135451778738,51.3012149900618,57.899276136721,68.4264172524884,73.6899878103721,78.9535583682558,83.3398671664923,87.7261759647287,90.8044874793311,93.883676255693,96.9619877702954,100.041176546657,103.11948806126,106.197799575862,109.276988352224,112.355299866826,115.434488643188,118.512800157791
"GCAM 8s","Medium-to-Low - SSP2","India+ (R10)","Capacity|Electricity|Nuclear","GW",1,6.39895858004171,7.00622449120312,8.3972614873324,10.5440910358248,12.6084674579631,15.0668203135227,19.1202901501865,25.7729402186869,38.7442627250506,55.0123229863844,71.2689607927924,87.2872899616046,103.926006159211,121.268210799919,141.561768640552,164.127188462255,185.759858802776,207.468571091479
"GCAM 8s","Medium-to-Low - SSP2","India+ (R10)","Capacity|Electricity|Oil","GW",1,2.75432668577508,2.64645506251235,1.90077138019229,4.75394443200259,7.77394547847334,12.2040632257979,14.2269549348775,15.7748214923134,14.7519247390083,12.5297825601254,9.09626572441153,6.42223286767564,4.87879018094612,3.84133637130773,3.73281795713475,3.4067298539051,2.75067691894557,0.101194935080938
"GCAM 8s","Medium-to-Low - SSP2","India+ (R10)","Capacity|Electricity|Other","GW",1,0,0,0,0,0,0,0,0,0,0,0,0,0,0,0,0,0,0
"GCAM 8s","Medium-to-Low - SSP2","India+ (R10)","Capacity|Electricity|Solar|CSP","GW",1,0,0,0.272020834107468,1.86792108140156,3.09674232356186,5.09288378984844,9.0219938546788,16.4044708829007,29.7643666038222,44.9803715435555,60.1981604355781,73.7438047439036,85.428402366553,94.0623472168829,100.546862703801,106.089369688075,110.778375900509,116.285087742695
"GCAM 8s","Medium-to-Low - SSP2","India+ (R10)","Capacity|Electricity|Solar|PV","GW",1,50.4417043462473,61.4377515321063,247.226732786174,751.883807658606,1255.74291032105,1805.62104136587,2497.51818046033,3304.05848718775,4304.72431950194,5351.14465154339,6380.82526945681,7298.43736502171,8097.67154663404,8743.39115412828,9233.94116140157,9560.71560543572,9751.08046900159,9905.18952487586
"GCAM 8s","Medium-to-Low - SSP2","India+ (R10)","Capacity|Electricity|Wind|Offshore","GW",1,0,0,0.341681522565703,3.11985494233323,7.56676514394782,14.2864247520118,25.5339565584083,42.6281718219417,64.0690762980219,84.4997786917262,99.4702704586312,107.71098647346,109.489851277618,105.025719545126,103.921154859679,107.058144842048,109.703998222284,111.664493793927
"GCAM 8s","Medium-to-Low - SSP2","India+ (R10)","Capacity|Electricity|Wind|Onshore","GW",1,26.5281644040019,30.4036110028185,85.0086047676965,231.267044053283,367.419922052381,516.255455809123,709.885256957737,943.558813321973,1202.17831514604,1435.93617426416,1647.9152461975,1820.06416631775,1943.9518837152,2025.13774463999,2069.19725792337,2106.10681194725,2138.21183164546,2177.0325183482
"GCAM 8s","Medium-to-Low - SSP2","Latin America (R10)","Capacity|Electricity|Biomass","GW",1,5.034239588746964,5.689100280423386,4.532391460457094,7.796644126306592,10.22628583116599,14.09483936801182,20.07771304354492,26.32702072707239,32.10415014282854,35.57195577721518,37.48144642689256,37.55611574544852,29.48128028491764,21.42464167083642,17.07191603466892,13.88624488622459,11.19844560705656,8.692843781720729
"GCAM 8s","Medium-to-Low - SSP2","Latin America (R10)","Capacity|Electricity|Coal","GW",1,15.57110227647251,15.97038524003899,17.93976135326746,14.14877951683108,21.8857695878717,25.21212716210536,27.52054174468364,20.75570664454558,12.83544018194394,7.298939025405305,4.440891601073422,3.035470807725688,2.347119298958825,1.739484660318499,1.491258539182079,1.196588368288219,0.9209940291651171,0.761221059363949
"GCAM 8s","Medium-to-Low - SSP2","Latin America (R10)","Capacity|Electricity|Fossil","GW",1,197.3934228530892,235.1130656262963,247.7506254900128,238.8959971518855,281.525607698483,334.4513699964799,335.8942309082952,312.0506001338353,286.8561071246172,255.2483142247321,217.304444418772,174.5104612131364,142.3913694994379,104.6542275242318,83.31146297272726,65.3597295935177,50.30534194752239,28.61078890321984
"GCAM 8s","Medium-to-Low - SSP2","Latin America (R10)","Capacity|Electricity|Gas","GW",1,112.8911795210629,138.1123575777505,152.642985834553,158.6845710250484,184.7647706180926,217.2627649267465,225.2457034579734,224.1678679653023,219.3435203696877,203.1952327849076,176.1643471172427,139.7815202674485,111.4183880216557,83.19004197318597,63.84433786980821,49.00020090740292,36.7850399707727,25.51516741900494
"GCAM 8s","Medium-to-Low - SSP2","Latin America (R10)","Capacity|Electricity|Geothermal","GW",1,1.685321896787621,1.530097215009446,3.073251013498331,7.101624812155167,12.29169527540148,19.02054840963313,30.19284503503047,43.0713224647146,57.73901958093249,69.8795812263343,79.77008367294944,88.40095380209893,96.05125943935019,100.637842194644,105.4703124801567,109.8780678682123,113.3229403581041,116.428367099225
"GCAM 8s","Medium-to-Low - SSP2","Latin America (R10)","Capacity|Electricity|Hydro","GW",1,227.2154978716795,221.0757709039654,255.6210494240887,278.0573171960664,286.9119850849195,295.7666617463892,305.059793835331,314.3530662861554,322.5068634373725,330.660485136238,338.8140191089284,346.9678162601457,355.1226661254749,362.8763441881179,371.4295586185028,379.5829171388405,387.7372406471141,395.8907746198036
"GCAM 8s","Medium-to-Low - SSP2","Latin America (R10)","Capacity|Electricity|Nuclear","GW",1,5.35784809466527,5.576852792767159,5.23236352007155,5.184368999977099,4.87007529620953,4.4360900733151,3.93337748334471,3.404897917436499,3.460935444366983,3.839662713164372,4.526094507494352,5.729361141727889,7.600358424170452,9.758828144149103,12.68016667459113,16.52020178423108,20.7585304915087,26.40487404569798
"GCAM 8s","Medium-to-Low - SSP2","Latin America (R10)","Capacity|Electricity|Oil","GW",1,68.93114105555388,81.03032280850681,77.16787830219242,66.06264661000579,74.87506749251864,91.97647790762773,83.12798570563834,67.12702552398724,54.67714657298545,44.75414241441914,36.69920570045613,31.69347013796214,28.62586217882324,19.72470089072732,17.97586656373696,15.16294031782659,12.59930794758457,2.334400424850954
"GCAM 8s","Medium-to-Low - SSP2","Latin America (R10)","Capacity|Electricity|Other","GW",1,0,0,0,0,0,0,0,0,0,0,0,0,0,0,0,0,0,0
"GCAM 8s","Medium-to-Low - SSP2","Latin America (R10)","Capacity|Electricity|Solar|CSP","GW",1,0,0.079985085639657,0.208483297874137,0.9417554281047821,1.416846613749483,2.108693523998232,3.686884220463209,6.294589902318934,10.6821536493985,15.59034814216699,21.6328175627265,28.56502252292775,36.3585520629663,42.49082385958044,48.31808587084485,53.64712077291321,58.021230734372,63.0640469544408
"GCAM 8s","Medium-to-Low - SSP2","Latin America (R10)","Capacity|Electricity|Solar|PV","GW",1,28.04304688799491,39.36146306334594,166.4418743453523,490.4504630279259,852.9582589101491,1249.944619531685,1788.912285967258,2368.47736258912,3006.815129388936,3608.918151869532,4182.132958205795,4771.216103644063,5361.11044645552,5772.795284964076,6130.201218544641,6412.919644799121,6617.871263966034,6818.817577720309
"GCAM 8s","Medium-to-Low - SSP2","Latin America (R10)","Capacity|Electricity|Wind|Offshore","GW",1,0,0,0.690407997889773,6.682315052276897,14.64042826349785,25.78705700748034,46.97007644871356,75.26778566653289,108.1234372112778,141.4200212564447,169.8226655426484,191.4120058201489,210.2867270241899,215.9381699967193,224.8657294919412,235.4471285426498,238.8150819168732,242.2571656061442
"GCAM 8s","Medium-to-Low - SSP2","Latin America (R10)","Capacity|Electricity|Wind|Onshore","GW",1,41.21617021752049,49.84367587097653,87.23905408955969,189.4034428932429,286.0281285012359,389.5423009826532,541.4467971499655,712.5237651729699,887.5186912500941,1070.715133186118,1252.198320644898,1439.027924954473,1613.598762355033,1720.977541255847,1785.812506602098,1839.835935792953,1882.304510669787,1944.422475078842
"GCAM 8s","Medium-to-Low - SSP2","Middle East (R10)","Capacity|Electricity|Biomass","GW",1,0,0,0.251856317346206,0.7639512760996161,1.81434187997144,2.69040380720283,5.02081033689148,7.88237259188081,10.9394583633092,13.6050460003286,16.179646599793,17.1322461099394,14.5725917415708,12.2450519401295,11.1377263840276,11.3283886574708,12.6410397849694,14.0609635732262
"GCAM 8s","Medium-to-Low - SSP2","Middle East (R10)","Capacity|Electricity|Coal","GW",1,4.26083632851995,4.32487778807412,5.08101651449735,5.83587786537164,5.40166768741171,5.40153143033696,5.4486528183551,3.69095012485146,2.1472644861241,1.25846891815155,0.8654612664924921,0.6018686661812821,0.496650385727509,0.40375505849246,0.376024867513473,0.36564047423683,0.346985831898977,0.292079492925732
"GCAM 8s","Medium-to-Low - SSP2","Middle East (R10)","Capacity|Electricity|Fossil","GW",1,757.680297365373,766.721584631885,712.551405661982,679.58278348715,624.064456152893,665.819319732505,615.016639417535,548.418552455558,473.376614056817,427.349635417242,373.668166715655,294.983711329445,230.706502402215,171.544340257802,130.035399418151,98.0157979969236,73.8748810018937,41.4064493584126
"GCAM 8s","Medium-to-Low - SSP2","Middle East (R10)","Capacity|Electricity|Gas","GW",1,587.199413737138,596.195359401019,562.210201170269,538.509903907301,491.197610994364,515.207973011182,475.392158968577,437.422246120832,405.648800147312,377.331383072201,335.808088334575,268.963830085206,210.425056884295,156.655069728265,117.810790816144,87.771839813103,65.4886128246245,40.8758194289843
"GCAM 8s","Medium-to-Low - SSP2","Middle East (R10)","Capacity|Electricity|Geothermal","GW",1,0,0,1.01123540678308,2.51777245873859,4.20935786914887,5.11403297031216,8.17497926519317,11.5769646549348,15.0609902140814,17.9004079452488,20.3551806006709,22.1684220142534,23.7984836805688,24.9860594942692,26.2925953089205,27.480398515528,28.3915523198692,28.9061703940981
"GCAM 8s","Medium-to-Low - SSP2","Middle East (R10)","Capacity|Electricity|Hydro","GW",1,7.14687610349452,6.96307221961322,9.05755221600631,11.6757399376736,14.293839933165,16.9120276548323,19.5301276503237,22.148315371991,24.7664153674824,27.3846030891497,30.0027030846411,32.6208908063084,35.2389908017998,37.8571785234671,40.4752785189585,43.0934662406258,45.7115662361172,48.3297539577845
"GCAM 8s","Medium-to-Low - SSP2","Middle East (R10)","Capacity|Electricity|Nuclear","GW",1,1.08829004492158,1.95707802557638,1.90219631308737,1.80847790406498,1.67770902051668,1.50211823349706,1.28191027279958,1.03023320301679,1.16031174662305,1.52211327089025,2.18524186375817,3.08564819507954,4.41682615696977,6.13499574298113,8.47355279449425,11.7940060151758,16.0635385012541,21.4221383034722
"GCAM 8s","Medium-to-Low - SSP2","Middle East (R10)","Capacity|Electricity|Oil","GW",1,166.220047299716,166.201347442791,145.260187977216,135.237001714478,127.465177471117,145.209815290986,134.175827630603,107.305356209874,65.5805494233806,48.75978342689,36.9946171145872,25.4180125780579,19.7847951321933,14.4855154710445,11.8485837344941,9.87831770958379,8.03928234537024,0.238550436502644
"GCAM 8s","Medium-to-Low - SSP2","Middle East (R10)","Capacity|Electricity|Other","GW",1,0,0,0,0,0,0,0,0,0,0,0,0,0,0,0,0,0,0
"GCAM 8s","Medium-to-Low - SSP2","Middle East (R10)","Capacity|Electricity|Solar|CSP","GW",1,0.545352856634026,0.615469652486972,0.659535531631631,0.8623866649086791,1.15358761873058,1.41528076540847,2.0982504295935,3.18557141596525,4.2710588185776,6.33429259387515,8.80903709107697,11.4663030275507,14.1847290141108,16.741698977152,19.2374211231589,21.8069838536469,24.2408723082227,26.8493973474921
"GCAM 8s","Medium-to-Low - SSP2","Middle East (R10)","Capacity|Electricity|Solar|PV","GW",1,10.7897626144042,13.3475874128779,165.203385253974,460.107156998035,830.381629961669,1106.29728705979,1513.34729693406,1946.16397985054,2414.56900238774,2898.85095818019,3437.00727854108,4005.57448422764,4540.18371725961,5034.80008181648,5471.54536079626,5853.60799716911,6174.82297543877,6536.05246845559
"GCAM 8s","Medium-to-Low - SSP2","Middle East (R10)","Capacity|Electricity|Wind|Offshore","GW",1,0,0,0.4561570781956441,3.8467732425753,11.6585384756044,18.3850954545855,31.1657047999172,46.2903801773402,61.3500122521936,73.4635472959663,86.5825876409665,92.6649739691165,97.3693093808503,99.3358264667857,101.63703026532,105.533278458966,110.272210207364,113.675022675238
"GCAM 8s","Medium-to-Low - SSP2","Middle East (R10)","Capacity|Electricity|Wind|Onshore","GW",1,0.934496320225014,1.17137064947338,33.5350194932558,103.880201937827,192.888399595459,252.895251385192,351.64261149017,461.819119605968,575.72720195243,682.915194187471,794.869568596585,919.736558627414,1020.38556889368,1106.24319127251,1175.11940484032,1236.55607222698,1289.06049006098,1360.71906464221
"GCAM 8s","Medium-to-Low - SSP2","North America (R10)","Capacity|Electricity|Biomass","GW",1,13.6417015877337,13.81769241901341,14.77748956194768,16.99921348299607,21.19972683074784,25.61840402608622,34.92374270025443,44.93713422677827,71.20113242612669,94.77460898629829,119.2923353675306,139.2143048896607,147.2476937782514,156.2453279209856,180.6530829757125,199.3642309657573,217.3573233966296,233.3193006345922
"GCAM 8s","Medium-to-Low - SSP2","North America (R10)","Capacity|Electricity|Coal","GW",1,183.9903220220911,211.3669168233703,141.7476228463339,85.11240298418434,31.5914298603123,44.69738407464988,18.46007912434068,7.908801536937,2.93936590442725,1.336749863699287,0.5302286287016791,0.336953251010533,0.246240691825175,0.04093845707075201,0.051183412001087,0.05426418304735001,0.049853217014364,0.037639066858233
"GCAM 8s","Medium-to-Low - SSP2","North America (R10)","Capacity|Electricity|Fossil","GW",1,705.880021161272,719.8481503300363,703.2683574334645,663.897020559871,588.1760917220865,580.0618025909762,522.8924784872087,452.4744564758766,404.1417895012069,335.5034715134763,317.0450076805124,249.3522010032489,179.6845450013649,129.3554583065825,116.3451730530232,95.4412279976807,81.32572094892411,55.86903915159671
"GCAM 8s","Medium-to-Low - SSP2","North America (R10)","Capacity|Electricity|Gas","GW",1,501.1964765605098,488.5466028764954,549.3126318722082,567.9167813995341,546.1293432660254,524.058049870637,493.9141843436351,435.0563115182737,389.0028648217816,324.8194873221771,309.1054137709017,243.2729798470019,174.0440280715775,124.9678723237851,111.1789254464214,91.38195613972607,78.06434749547991,53.4105485078915
"GCAM 8s","Medium-to-Low - SSP2","North America (R10)","Capacity|Electricity|Geothermal","GW",1,3.11682313270008,3.15736822750493,10.81837651589001,19.94082540245202,32.47191539313229,41.43306123197415,55.12750836617591,69.41208615222551,94.76906264445788,115.4695878052715,129.9112625060285,145.2318093565908,162.6029447520844,176.6156983451126,189.7148534605798,197.3083922537784,203.0744492523208,209.9657636420988
"GCAM 8s","Medium-to-Low - SSP2","North America (R10)","Capacity|Electricity|Hydro","GW",1,212.7465038555831,200.9318933813571,219.1996413595486,221.4761356258326,223.7517526303586,226.0282468966426,228.3047411629276,230.5812354292126,232.8568524337376,235.1333467000216,237.4098409663066,239.6854579708316,241.9619522371166,244.2384465034016,246.5149407696856,248.7905577742106,251.0670520404956,253.3435463067806
"GCAM 8s","Medium-to-Low - SSP2","North America (R10)","Capacity|Electricity|Nuclear","GW",1,137.0216313472782,134.4626411194255,130.6927749584183,125.8588001778473,121.3145886731225,112.3813267097341,102.9402834799878,92.44101725129943,91.88840093559389,91.57467074099849,93.16884283372202,97.34645245975533,108.0557343059825,120.9858112587535,140.3051268077311,163.0434980939215,181.3765101656797,201.0382551980009
"GCAM 8s","Medium-to-Low - SSP2","North America (R10)","Capacity|Electricity|Oil","GW",1,20.69322257867161,19.93463063017022,12.20810271492219,10.86783617615181,10.45531859574848,11.30636864568978,10.51821501923328,9.5093434206659,12.19955877499879,9.34723432760012,7.40936528090889,5.742267905236953,5.394276237962416,4.346647525727028,5.115064194600578,4.005007674907299,3.211520236429773,2.420851576847027
"GCAM 8s","Medium-to-Low - SSP2","North America (R10)","Capacity|Electricity|Other","GW",1,0,0,0,0,0,0,0,0,0,0,0,0,0,0,0,0,0,0
"GCAM 8s","Medium-to-Low - SSP2","North America (R10)","Capacity|Electricity|Solar|CSP","GW",1,1.77999709847526,1.64642027417812,2.60407796347154,4.04504612691232,5.67528203608849,7.20711834199861,11.0889322300919,16.9091167902563,28.6143790705281,40.3281174351539,50.7641272528462,60.8869646176287,72.0174204890943,81.3499837577185,89.9096332608794,97.2015867623116,103.487209726566,109.764817654804
"GCAM 8s","Medium-to-Low - SSP2","North America (R10)","Capacity|Electricity|Solar|PV","GW",1,98.13016234849887,125.3646943163042,522.3694481187556,1180.43061715373,2018.079042353152,2645.87680994432,3515.732306613363,4337.116427741175,5367.545553588616,6203.713706118808,6823.901106688486,7465.181848640596,8076.610647994999,8639.30229897646,9080.89286236334,9455.768163349261,9717.506988893909,9996.12692528357
"GCAM 8s","Medium-to-Low - SSP2","North America (R10)","Capacity|Electricity|Wind|Offshore","GW",1,0,0,3.322858801095237,15.52796465494899,36.90170187614545,58.35786815390581,98.3610648278955,141.3785757209783,203.3631242011345,247.3946372995217,285.7896955218657,299.7566745613633,314.7028394105255,303.6056264972918,321.3687652146826,336.3729555652118,348.3444923537528,347.535748243197
"GCAM 8s","Medium-to-Low - SSP2","North America (R10)","Capacity|Electricity|Wind|Onshore","GW",1,148.8221636737328,164.5757588485141,369.2478440975209,600.353766855146,844.6123170194221,1013.641874681723,1270.197886696106,1527.989576079186,1802.473077066979,2127.943465666871,2393.557596842591,2659.682509632317,2903.660872533566,3107.435001038535,3180.624917764506,3278.635130988388,3362.105247224911,3466.031754420298
"GCAM 8s","Medium-to-Low - SSP2","Pacific OECD (R10)","Capacity|Electricity|Biomass","GW",1,16.2569924227804,18.68516355458378,18.21663262007062,20.31504197201315,18.70061250137022,18.09599708780878,22.41455636684132,22.88084058829193,24.04006114580012,23.76314173126237,22.11217687410749,21.37964905469153,18.61725279990981,16.09809752859884,15.81086672722471,16.34182026342779,16.9555148745511,18.46303651101375
"GCAM 8s","Medium-to-Low - SSP2","Pacific OECD (R10)","Capacity|Electricity|Coal","GW",1,95.2914681548215,96.634444361129,86.9179287040493,50.1924331879181,58.1995004636358,67.27590941388989,51.75627254678252,30.6741951296497,17.43711289396819,9.32400584087126,4.43303459488636,2.884851634767379,2.709270691415248,1.484020355886328,1.4411579071048,1.084585551711069,0.531438777931807,0.417517456838137
"GCAM 8s","Medium-to-Low - SSP2","Pacific OECD (R10)","Capacity|Electricity|Fossil","GW",1,251.7590751527831,245.2236357487913,214.3178596987809,171.0129569486995,163.0199257044167,166.5787862136108,169.4720057680108,139.6833561551052,120.6836304443189,104.9920043147417,84.8582582995299,66.30998505312954,53.13847421175722,39.7958970648346,31.28301653165716,20.77376901393973,12.5908836983707,6.898866603520879
"GCAM 8s","Medium-to-Low - SSP2","Pacific OECD (R10)","Capacity|Electricity|Gas","GW",1,135.3245665281675,122.7592402799352,113.1282723939739,111.1390811714927,97.38117338786179,91.37162600708974,104.6087222098756,97.79883790649991,94.8953563345204,89.21891847596444,76.74305143474866,60.29844960155529,46.72433381323705,36.25891831464868,27.79042763943038,18.14095973708403,11.3610034765695,6.334331429981358
"GCAM 8s","Medium-to-Low - SSP2","Pacific OECD (R10)","Capacity|Electricity|Geothermal","GW",1,1.859902206395949,1.886943610027104,3.027099759999833,6.7761399768032,8.71478464832381,10.69858523278279,15.25049892135175,18.94268895050582,23.00398515033113,25.81710469232415,27.7706978751795,29.9349812779259,32.0448092655741,33.1586563200917,34.3006354676329,35.0498408414021,35.2167935116703,35.723905226355
"GCAM 8s","Medium-to-Low - SSP2","Pacific OECD (R10)","Capacity|Electricity|Hydro","GW",1,37.2145842845255,37.1985303943239,37.8793732459861,38.7310189622517,39.5825769523414,40.434222668607,41.2857806586966,42.1374263749622,42.9889843650518,43.8406300813174,44.692188071407,45.5438337876726,46.3953917777622,47.2470374940278,48.0985954841175,48.9501534742071,49.8017114642967,50.6533571805622
"GCAM 8s","Medium-to-Low - SSP2","Pacific OECD (R10)","Capacity|Electricity|Nuclear","GW",1,5.76296192405616,10.5296630674887,31.7541038700328,44.0772607581257,59.4834943697291,61.268734446229,12.7147832824448,15.3398117517964,21.17909856933531,27.1805156475621,29.87661727679115,34.10787703352865,44.39935579640584,50.6695918075871,58.82508746323918,66.52854663251324,70.32512990482563,75.08328076795449
"GCAM 8s","Medium-to-Low - SSP2","Pacific OECD (R10)","Capacity|Electricity|Oil","GW",1,21.14304046979342,25.82995110772664,14.27165860075769,9.68144258928869,7.43925185291945,7.93125079263092,13.10701101135253,11.21032311895533,8.351161215830025,6.449079997905948,3.682172269894807,3.126683816806865,3.704869707104915,2.052958394299579,2.051430985121997,1.548223725144699,0.6984414438694051,0.147017716701383
"GCAM 8s","Medium-to-Low - SSP2","Pacific OECD (R10)","Capacity|Electricity|Other","GW",1,0,0,0,0,0,0,0,0,0,0,0,0,0,0,0,0,0,0
"GCAM 8s","Medium-to-Low - SSP2","Pacific OECD (R10)","Capacity|Electricity|Solar|CSP","GW",1,0.003116475165799,0.002596869312021,0.022275511978683,0.241169708145898,0.325070935148476,0.413109277437929,0.607731756816965,0.822323582900168,1.19578901767981,1.37010349545361,1.60008993777791,1.81362835073249,1.94605014547327,2.09053470314991,2.24031072938495,2.40608676354895,2.54206496841215,2.67215301010495
"GCAM 8s","Medium-to-Low - SSP2","Pacific OECD (R10)","Capacity|Electricity|Solar|PV","GW",1,81.5278000741852,92.6957134291674,156.7546150175766,338.166768530178,431.258127665975,538.449871121688,794.908876781079,961.250063867396,1133.441893381254,1270.021451590137,1379.453341583431,1468.380747344732,1512.299460293372,1568.877742354514,1591.191983360337,1608.15611747458,1627.759177142949,1643.586343379349
"GCAM 8s","Medium-to-Low - SSP2","Pacific OECD (R10)","Capacity|Electricity|Wind|Offshore","GW",1,0,0,0.630512871076371,6.82108063018927,11.12755707546824,15.88705503222749,28.0382847554728,38.2527161933873,49.5093328226204,60.7641024891969,66.29015016363161,65.2843930536246,69.3679212899832,65.4181801530018,68.31851367545761,74.7333204371911,74.9092471884097,71.6676908732952
"GCAM 8s","Medium-to-Low - SSP2","Pacific OECD (R10)","Capacity|Electricity|Wind|Onshore","GW",1,12.48315748747753,14.42750445260791,29.312910812296,94.679720953572,115.8827832024754,139.7087098345439,212.4381924965386,257.0284588907706,302.09046637253,316.089963224943,340.855843557456,363.686018287165,369.147756249165,378.9817938285649,380.919809029625,377.748992882604,378.472113715267,380.871371762702
"GCAM 8s","Medium-to-Low - SSP2","Reforming Economies (R10)","Capacity|Electricity|Biomass","GW",1,0.069918687227508,0.067822066519339,0.5436276748850051,1.173132938161862,2.336622180271566,3.126502096633113,6.012854390829419,8.92665127959833,12.27298696698005,16.06098420534624,20.4687109805278,23.73150581798402,22.48106074063803,19.53735152410798,16.96119569086405,15.27017904636215,13.63137566913461,9.89440384449451
"GCAM 8s","Medium-to-Low - SSP2","Reforming Economies (R10)","Capacity|Electricity|Coal","GW",1,51.538852985685,50.62629972938,62.3449726492681,57.6353889166565,54.74322052086811,64.9754325779288,51.8872964001497,33.1263143148618,18.3893126080235,10.18987702819131,6.183836562429279,3.96265690541715,3.061695847387669,2.18639167035475,1.75696167448924,1.55140265053073,1.256819757539047,0.9200382508567571
"GCAM 8s","Medium-to-Low - SSP2","Reforming Economies (R10)","Capacity|Electricity|Fossil","GW",1,227.6135232650104,246.6122923707276,254.1799000548353,256.5309538994694,252.4603589995705,303.2274478254114,315.8470673021959,305.5167349355986,296.817296349498,291.5746702388,276.201495833009,238.4181780506307,208.7528095406653,170.7584991230699,138.8904030575016,105.7786776531968,78.4619938934891,49.55517372664551
"GCAM 8s","Medium-to-Low - SSP2","Reforming Economies (R10)","Capacity|Electricity|Gas","GW",1,172.4886020399201,189.0182299937874,186.1028400916378,193.5464482843927,192.2103383239484,232.5116862131965,257.6462041219941,267.1927016162437,274.5907395885349,277.8916926589256,267.1193727877343,232.1917222232056,203.6046168216797,166.9590528482132,135.7077216201628,102.8788036034846,76.0579742198491,47.7158650471339
"GCAM 8s","Medium-to-Low - SSP2","Reforming Economies (R10)","Capacity|Electricity|Geothermal","GW",1,0.06968363473209101,0.071168479869762,2.425552428857273,5.30034163710187,9.50040962732618,11.97839279815724,16.93757911532904,21.2848918799467,26.47036789221762,33.286515761344,40.7313236358976,49.0832887847163,57.403504298614,64.8189210415216,71.8573434826708,78.0050918427757,82.7502304860415,87.3110970982161
"GCAM 8s","Medium-to-Low - SSP2","Reforming Economies (R10)","Capacity|Electricity|Hydro","GW",1,85.43432961765009,86.5381880898143,90.4354234570475,95.3079107224804,100.1803102617374,105.0527098009944,109.9251093402514,114.7975088795084,119.6701715972933,124.5423956841983,129.4147074972793,134.2869315841845,139.1600329328488,144.0323447459299,148.904568832835,153.7768806459161,158.6491047328213,163.5213288197264
"GCAM 8s","Medium-to-Low - SSP2","Reforming Economies (R10)","Capacity|Electricity|Nuclear","GW",1,32.49624560562102,33.5155641825063,33.97420808199826,32.86975403013744,31.76303380053537,29.36262065480885,27.14411866249066,24.49383366507055,22.76776176739209,21.93275106425576,22.97292814555644,24.95420677643838,29.0569913944163,33.95199907217383,38.02919038436968,45.71599422641869,54.18630581710386,63.91001539294798
"GCAM 8s","Medium-to-Low - SSP2","Reforming Economies (R10)","Capacity|Electricity|Oil","GW",1,3.586068239405161,6.96776264756042,5.73208731393016,5.34911669841977,5.50680015475399,5.7403290342853,6.313566780052509,5.19771900449337,3.83724415293975,3.49310055168344,2.89828648284493,2.26379892200807,2.086496871597955,1.613054604502155,1.425719762849603,1.348471399181454,1.147199916101002,0.9192704286548431
"GCAM 8s","Medium-to-Low - SSP2","Reforming Economies (R10)","Capacity|Electricity|Other","GW",1,0,0,0,0,0,0,0,0,0,0,0,0,0,0,0,0,0,0
"GCAM 8s","Medium-to-Low - SSP2","Reforming Economies (R10)","Capacity|Electricity|Solar|CSP","GW",1,0,0,0.059005110654567,0.73018472233535,0.964702709821264,1.15377286736016,1.83200463664536,2.83006908751895,4.33855103393414,6.23644984096044,8.62840594393229,11.4503348204976,14.7643743970332,18.0138244280715,21.3079092833898,25.1275895194103,28.4802325301077,31.8484613092098
"GCAM 8s","Medium-to-Low - SSP2","Reforming Economies (R10)","Capacity|Electricity|Solar|PV","GW",1,3.09940423106783,3.552180120480749,66.1385528112382,235.685811750487,478.874818828035,645.0550924289689,987.9657655657161,1299.155863671035,1585.393103168482,1856.191564387457,2101.784257661743,2376.887917047189,2587.54158303354,2801.35003949848,3010.59082345128,3202.97300475463,3361.67727124741,3530.8046048433
"GCAM 8s","Medium-to-Low - SSP2","Reforming Economies (R10)","Capacity|Electricity|Wind|Offshore","GW",1,0,0,0.685262996566477,2.26194585676665,8.243075188840718,12.39777204420948,23.83269918889491,35.70652136212902,48.13570281660182,56.84517953024474,70.39830163097714,76.28176634766126,84.5554898952377,90.52412852650903,97.6119164106695,101.9221501713855,108.1165476135879,110.5422699777362
"GCAM 8s","Medium-to-Low - SSP2","Reforming Economies (R10)","Capacity|Electricity|Wind|Onshore","GW",1,1.156827050225207,2.291519013910251,62.63017463173333,136.1872464313584,221.3509723151047,269.5444855673462,371.435632366785,466.650442674686,532.9835048514531,618.220241209161,716.893979606695,837.043212250088,939.6311446321331,1037.022144687319,1121.116390873116,1195.86619150714,1256.256029918027,1325.957260461842
"GCAM 8s","Medium-to-Low - SSP2","Rest of Asia (R10)","Capacity|Electricity|Biomass","GW",1,11.47734978385114,12.86731505059904,11.79948051106964,22.22936869258738,27.35777286237985,32.86377549421523,47.01815405258368,62.11599464252957,77.59786966314861,91.52255053225561,97.1793379460043,97.35460537927267,77.44227641427909,60.1826815910599,48.54889275663245,42.57680997053508,36.13141445142894,28.94706504088915
"GCAM 8s","Medium-to-Low - SSP2","Rest of Asia (R10)","Capacity|Electricity|Coal","GW",1,134.8093522072791,136.1925195121124,167.2091257549674,151.2621381205935,181.2519048135018,236.5310361161374,216.2763625050484,169.5068496501046,112.2046676818134,64.79008682634145,35.55573723819293,21.79248220339075,15.58663228971818,11.13873505033191,9.216650437393604,8.155512857388368,6.058112590632999,4.614663061637915
"GCAM 8s","Medium-to-Low - SSP2","Rest of Asia (R10)","Capacity|Electricity|Fossil","GW",1,336.2357720119614,347.1120415419074,386.6126353942579,395.6799117480678,450.6483271342118,546.37576606259,550.0198153353523,504.6448339905655,429.8234994360854,368.7157701882646,299.6188384066463,236.5284773282849,194.216857138609,158.4615600404841,132.849467435521,112.5419892233227,87.24291881717497,57.77854386644634
"GCAM 8s","Medium-to-Low - SSP2","Rest of Asia (R10)","Capacity|Electricity|Gas","GW",1,167.7752594024273,171.5163059989624,186.9685414310201,205.1519849308145,218.8029450055314,238.6139607406644,252.0060324717149,254.8639397698223,248.2157100699957,241.0632959149438,212.4509742850179,173.5876743699523,146.1292741559157,122.8540778794394,104.325081164214,89.26324946904445,70.82947099956618,51.11265655744588
"GCAM 8s","Medium-to-Low - SSP2","Rest of Asia (R10)","Capacity|Electricity|Geothermal","GW",1,4.422088260483012,4.470534211346116,8.367733215230029,17.33570643462717,24.36145966012116,30.01372723371982,40.52792674284869,54.64557804904037,70.22543259340517,91.31322909836041,109.4381530714004,127.0699398605954,142.7517526045725,155.2776455735772,166.2838783667028,175.9777160283633,182.5716811602864,189.9688849281395
"GCAM 8s","Medium-to-Low - SSP2","Rest of Asia (R10)","Capacity|Electricity|Hydro","GW",1,79.97954231401617,88.649809780991,84.62409065643996,93.30314828624637,96.62775103986975,100.2103564770053,103.792874187965,107.1561641851887,110.2561879283424,113.3562993976718,116.4563231408254,119.556434610155,122.6564583533085,125.7563943702861,128.8565058396158,131.9564418565936,135.0565533259229,138.1565770690767
"GCAM 8s","Medium-to-Low - SSP2","Rest of Asia (R10)","Capacity|Electricity|Nuclear","GW",1,6.06608470753251,6.41528863142407,6.235423015264789,5.9283717000375,5.49989653231024,4.924685953095111,4.20291800626009,3.37803250393274,3.439014973444775,4.207932690740932,5.370855919010345,7.258422844697585,10.31197752051251,14.37703298427607,20.06169038901368,28.64647906881681,38.3998737105937,51.00884858420668
"GCAM 8s","Medium-to-Low - SSP2","Rest of Asia (R10)","Capacity|Electricity|Oil","GW",1,33.65116040225553,39.403216030833,32.43496820827066,39.26578869665983,50.59347731517864,71.23076920578808,81.73742035858825,80.27404457063848,69.403121684276,62.86238744697898,51.61212688343551,41.14832075494186,32.50095069297521,24.46874711071283,19.30773583391338,15.12322689688996,10.35533522697581,2.051224247362485
"GCAM 8s","Medium-to-Low - SSP2","Rest of Asia (R10)","Capacity|Electricity|Other","GW",1,0,0,0,0,0,0,0,0,0,0,0,0,0,0,0,0,0,0
"GCAM 8s","Medium-to-Low - SSP2","Rest of Asia (R10)","Capacity|Electricity|Solar|CSP","GW",1,0,0,0.443140440238564,3.696507903811452,5.780548976735837,7.675785188455265,12.95592654618301,21.58386983134593,35.52029414444062,51.97849075887741,69.29642783641623,88.05074679008378,107.4699682616532,125.3081499316252,142.1992033790804,159.1987188765126,174.844000289279,191.8660940336369
"GCAM 8s","Medium-to-Low - SSP2","Rest of Asia (R10)","Capacity|Electricity|Solar|PV","GW",1,21.83578717235762,39.03851343269646,235.1926576601027,835.2816784335729,1319.487938035601,1787.472338407909,2493.945455588892,3249.018043266737,4110.770239329645,5082.04980184284,6103.046855326318,7190.370101464587,8288.801479319702,9348.387346403591,10335.0920479748,11207.40237906661,11991.54174814828,12759.47686752481
"GCAM 8s","Medium-to-Low - SSP2","Rest of Asia (R10)","Capacity|Electricity|Wind|Offshore","GW",1,0,0,0.9684874618577931,15.07333169865835,29.71765051728178,45.11289552311452,79.93558200402418,123.681728730293,168.8577818147682,222.0643568198352,260.9335972497044,282.517314527676,302.6357116299968,310.2481997742005,319.6755044473522,349.0573301639373,363.8152515280999,373.5882020698637
"GCAM 8s","Medium-to-Low - SSP2","Rest of Asia (R10)","Capacity|Electricity|Wind|Onshore","GW",1,4.465770679200282,5.777903531243422,64.86459978659545,258.4084805731852,372.3870930806081,477.4390393523365,653.5386775920153,849.6775912692924,1062.331652636595,1266.556771135412,1502.468921284599,1748.820352359897,1964.530679700502,2157.844262844616,2319.763971501145,2447.857192770729,2579.741061277186,2721.487468900594
"GCAM 8s","Medium-to-Low - SSP2","World","Capacity|Electricity|Biomass","GW",1,146.691352357694,165.40016781785,146.545719043485,181.26376856007,203.43511521658,235.447389635578,308.468363750645,392.616795370092,514.169087837654,594.778533612864,646.062688898333,662.688425686791,571.510654349985,501.420810759685,495.794924286301,485.374170435315,477.510845242557,463.354811034651
"GCAM 8s","Medium-to-Low - SSP2","World","Capacity|Electricity|Coal","GW",1,1949.69692038313,2109.60055378997,2199.05919810233,1972.44633682339,2000.44006832301,2149.52607818486,1941.59403425559,1433.17592266495,891.748313679454,444.097202003004,207.170202733476,108.693261569748,71.6654358164724,48.2812339085417,42.9226523871788,34.0431430319752,24.1966625307614,17.548307542917
"GCAM 8s","Medium-to-Low - SSP2","World","Capacity|Electricity|Fossil","GW",1,4461.56017404179,4719.25948769222,4777.35604436985,4548.23196910931,4562.19397457052,4931.49709662482,4743.09321531268,4116.57704900195,3460.05932908338,2852.74454016123,2376.83350444508,1884.94389553521,1524.55885678043,1200.1268737326,1006.51796905867,809.899882039101,635.360050588783,405.10686370178
"GCAM 8s","Medium-to-Low - SSP2","World","Capacity|Electricity|Gas","GW",1,2139.69221554143,2203.65833816488,2244.2305986447,2268.11551284996,2231.92283415047,2371.33985947873,2385.20686727818,2313.14825808719,2264.52120584695,2146.35977402422,1954.65713073663,1599.70614143681,1300.07109766245,1032.43240346761,856.982783350908,684.799250229052,537.64211060465,372.132252483288
"GCAM 8s","Medium-to-Low - SSP2","World","Capacity|Electricity|Geothermal","GW",1,15.7715367443966,15.800007861675,47.6614903199914,100.858895424814,150.032368794362,191.317903127764,270.459596425331,359.461111241671,472.412008255535,563.519807330348,635.034557866627,703.434959083257,771.157190555411,823.817628198971,882.53948444556,919.295321264085,942.826699182805,971.301415950485
"GCAM 8s","Medium-to-Low - SSP2","World","Capacity|Electricity|Hydro","GW",1,1371.77256430835,1355.4,1529.64668723009,1657.80202406307,1694.614585601,1731.6862727175,1768.31882014235,1804.73244689508,1838.43447509398,1872.13806481881,1905.84050533073,1939.54318270333,1973.24780759704,2006.55046237986,2040.65325884103,2074.35471681979,2108.05871885764,2141.76122955051
"GCAM 8s","Medium-to-Low - SSP2","World","Capacity|Electricity|Nuclear","GW",1,398.044880788555,417.600276649602,444.608351830085,457.252891943803,462.642395764197,441.425747174,372.6132257368,357.041849133281,389.472819710364,426.515086372131,462.188713802588,506.009261756756,579.28099928522,659.189614085639,759.411165668731,881.486073301365,997.148261366686,1127.50299678119
"GCAM 8s","Medium-to-Low - SSP2","World","Capacity|Electricity|Oil","GW",1,372.171038117234,406.000595737371,334.066247622813,307.670119435962,329.831072097038,410.63115896123,416.292313778904,370.252868249811,303.789809556976,262.287564134008,215.006170974968,176.544492528654,152.822323301504,119.413236356445,106.612533320584,91.0574887780744,73.5212774533711,15.4263036755748
"GCAM 8s","Medium-to-Low - SSP2","World","Capacity|Electricity|Other","GW",1,0,0,0,0,0,0,0,0,0,0,0,0,0,0,0,0,0,0
"GCAM 8s","Medium-to-Low - SSP2","World","Capacity|Electricity|Solar|CSP","GW",1,7.25970854599154,7.60000273542068,13.0213091005117,32.4140114795748,43.5793914940995,55.200802227308,84.5641434802885,131.904123568866,217.189103390752,303.171626987455,391.413387108889,479.419053465183,568.789076512367,644.184834266374,715.006029412968,782.734499273035,842.52240283857,908.15358752472
"GCAM 8s","Medium-to-Low - SSP2","World","Capacity|Electricity|Solar|PV","GW",1,671.307227851668,829.6,3146.609203436,8630.03655864744,13841.8920567757,18382.6209113893,24988.9867534694,31710.6606392417,39601.3367581451,46769.9506099206,53819.7630111976,61126.5502719403,68244.58860632,74960.2871434173,81117.4176672427,86544.8110090524,91285.1348372123,96331.6820519885
"GCAM 8s","Medium-to-Low - SSP2","World","Capacity|Electricity|Wind|Offshore","GW",1,0,0,19.4284856379524,133.387830675162,270.235826837395,412.10273402384,698.215572807389,1037.02605374832,1452.34050097908,1815.39597714636,2111.3769143656,2256.3994540091,2391.01221444858,2371.48741693335,2507.98298494362,2670.40779418285,2765.77561790204,2801.92422891133
"GCAM 8s","Medium-to-Low - SSP2","World","Capacity|Electricity|Wind|Onshore","GW",1,630.850154955671,734.6,1605.15537639153,3266.95392910654,4596.16840024513,5695.63444023447,7480.55250792419,9409.34151000262,11400.9768916028,13392.8246978603,15387.674080908,17408.4185699075,19176.7464166846,20701.1275053152,21735.7203087572,22819.1608310578,23876.0189183963,25141.4287402776
"GCAM 8s","Medium - SSP2","Africa (R10)","Capacity|Electricity|Biomass","GW",1,0.5327713606246021,0.493553319702175,0.6643670151097361,2.318422553627591,3.982155671629814,6.73343674201271,11.37803997773684,17.94807515072844,27.0241667522394,39.98511357955548,55.98951208954997,77.75750771734494,104.9414135111859,138.2845444184544,179.1910470847205,229.3245352797376,285.8009994840938,353.932944178284
"GCAM 8s","Medium - SSP2","Africa (R10)","Capacity|Electricity|Coal","GW",1,51.18557954733728,51.24485130377779,49.91098546846835,30.75714088524364,35.41244913780301,46.38062890359626,59.47812073993888,68.05967711207336,74.96666322712613,81.28764756726778,86.82535325963256,92.53398797702197,99.56041522868156,105.662313208169,112.5985726306572,120.4519899446179,127.4880892975818,135.2692204689664
"GCAM 8s","Medium - SSP2","Africa (R10)","Capacity|Electricity|Fossil","GW",1,177.7223270661382,193.0368218112195,191.223787684487,173.7488029527008,214.4959863106913,288.2870963006116,383.6276168939674,491.4437854557962,634.6042600400128,803.778890045036,992.7616205633007,1175.065954005178,1378.620215761221,1597.074200083421,1838.306281310563,2097.820628830381,2336.849619530533,2567.092300356519
"GCAM 8s","Medium - SSP2","Africa (R10)","Capacity|Electricity|Gas","GW",1,103.2620104786162,109.4132782920014,116.8257221423658,120.1688629829143,146.1982362482065,190.3318642421307,249.109613187719,322.4841423616278,422.5699287482921,547.5932763864944,688.6610170237234,832.0368818723163,988.2891991492789,1161.708586003196,1355.625922641136,1570.292510108637,1790.032710576118,2116.861895830727
"GCAM 8s","Medium - SSP2","Africa (R10)","Capacity|Electricity|Geothermal","GW",1,0.837604925878709,0.83356926602842,2.365426974809391,6.945438467627608,11.40262205625409,15.86677707439769,19.94760630879652,23.74998720230817,27.08746293375049,29.51577032605165,29.64129408310645,29.63286099773214,29.62626652363902,29.61978726195216,29.6121473389953,29.6038411947141,29.59863988116518,29.58836076432015
"GCAM 8s","Medium - SSP2","Africa (R10)","Capacity|Electricity|Hydro","GW",1,45.30649061859999,46.79928309190394,53.74095012458159,62.15253064387169,70.06064186668257,77.96883204305185,85.87694326586264,93.78505448867341,101.6931657114843,109.6013646604712,117.5095460642228,125.4175344703873,133.3257860550797,141.2339499135962,149.1420260459366,157.0502776306289,164.9583537629693,172.8665176214859
"GCAM 8s","Medium - SSP2","Africa (R10)","Capacity|Electricity|Nuclear","GW",1,1.47271535724614,1.83735149712211,1.78583901147432,1.69789942940307,1.57518265080875,1.41043432112186,1.20369079266871,0.9673874527054521,1.138754953873491,1.635396796862296,2.426690206403535,3.776066424298865,5.775865800857969,8.635911704272973,12.74792425877737,18.88483757377851,26.95169157263964,38.61351017819169
"GCAM 8s","Medium - SSP2","Africa (R10)","Capacity|Electricity|Oil","GW",1,23.27473704018493,32.37869221544012,24.48708007365283,22.82279908454278,32.88530092468169,51.57460315488402,75.03988296630892,100.8999659820953,137.0676680645949,174.8979660912733,217.2752502799443,250.4950841558407,290.7706013832614,329.7033008720549,370.0817860387688,407.0761287771255,419.3288196568315,314.9611840568271
"GCAM 8s","Medium - SSP2","Africa (R10)","Capacity|Electricity|Other","GW",1,0,0,0,0,0,0,0,0,0,0,0,0,0,0,0,0,0,0
"GCAM 8s","Medium - SSP2","Africa (R10)","Capacity|Electricity|Solar|CSP","GW",1,1.429866137191965,1.525940574834752,1.57742491255171,2.284398255249178,2.714472792714702,3.328034752290236,4.213178868190241,5.369411715694103,5.509901674879526,7.326307990495704,9.893580533825968,13.17090587946886,16.97051181878977,21.40161489479578,26.49492728042397,32.31436218561042,38.64729437272452,46.06225426396341
"GCAM 8s","Medium - SSP2","Africa (R10)","Capacity|Electricity|Solar|PV","GW",1,10.32609272938032,11.62742881249627,142.2853713276825,481.0532503666101,801.6522613857967,1201.161851949955,1729.945702498079,2379.720952423213,3192.177827646166,4202.738282927597,5378.912941204502,6758.013952040591,8249.289621118714,9853.001701695028,11528.97239824153,13251.64468499031,15023.00845440379,16917.2744364413
"GCAM 8s","Medium - SSP2","Africa (R10)","Capacity|Electricity|Wind|Offshore","GW",1,0,0,1.115686462704192,16.110533296746,34.98786237680706,60.14055529719734,93.49248386736426,132.5126335371585,168.6803944243134,214.183134957651,255.8108927594919,299.5989377234803,341.4743327793143,377.3809025453533,409.0482211898329,448.1958840649748,477.3195425545543,509.7242550700337
"GCAM 8s","Medium - SSP2","Africa (R10)","Capacity|Electricity|Wind|Onshore","GW",1,7.708185503365511,9.204802525691012,41.72900202613877,152.4542707286327,241.6120942902151,344.9936293356731,476.6468469090013,631.7564211983083,813.5575558372853,1028.894551098716,1300.622844505017,1632.045462359565,1987.675794411558,2368.280158277373,2755.941213825226,3145.219174459173,3547.441662075404,3994.149913053803
"GCAM 8s","Medium - SSP2","China+ (R10)","Capacity|Electricity|Biomass","GW",1,52.07482622543895,62.0726903960858,49.33174020338813,52.77682182390831,54.80812405332887,61.67195576187886,72.97066855486366,80.33943541368073,101.6442227398617,116.8624947469327,130.2099198399811,143.9189650616112,154.9362735616122,162.4501184510453,185.2000102435346,199.1027529222065,206.5087806004222,213.8288123997159
"GCAM 8s","Medium - SSP2","China+ (R10)","Capacity|Electricity|Coal","GW",1,1067.091692960712,1169.381401418356,1240.44514794235,1204.203582668634,1187.775587556178,1169.789066049324,1153.856006324153,1139.989619386398,1157.573471435418,1163.108481730692,1153.772165122993,1131.501494570361,1094.95891481306,1048.48949259894,1007.829339341024,942.0984574685414,876.3676267257607,810.6370126262856
"GCAM 8s","Medium - SSP2","China+ (R10)","Capacity|Electricity|Fossil","GW",1,1201.079624207656,1322.385332504355,1378.10059707601,1348.739413904594,1326.442949082699,1306.167831359219,1297.486376818246,1285.828314377755,1324.282966200167,1350.917249962719,1360.473295685166,1336.12261038877,1298.455010000463,1244.620638526128,1220.34041481877,1162.956935712447,1103.983078757647,1036.241475437175
"GCAM 8s","Medium - SSP2","China+ (R10)","Capacity|Electricity|Gas","GW",1,125.2203407040607,144.0630555775916,130.8388525483029,138.6422436073648,133.0939189374505,130.7567967365008,137.643033039768,140.0568232297586,159.8626231253076,180.6586347010019,199.3739894915373,197.6937963073498,196.9458711023062,190.351063194747,205.6668476095898,214.6194843856526,222.3518085535376,221.3665336240568
"GCAM 8s","Medium - SSP2","China+ (R10)","Capacity|Electricity|Geothermal","GW",1,0.02167321285012,0.021550000633228,3.80380779451772,8.05183936921081,9.00998514681953,9.01268798517342,9.01374176189963,9.01552293107383,9.00740246426517,9.00743916627824,9.00968596777443,9.01012958341076,9.01268595840855,9.0150867487857,9.00422335184983,9.00459795174417,9.00696762519719,9.00725318281632
"GCAM 8s","Medium - SSP2","China+ (R10)","Capacity|Electricity|Hydro","GW",1,418.8611193510551,411.7275425358363,496.7133983967193,563.6187314841561,563.8855155578824,564.1522908589911,564.4190661600999,564.6858414612086,564.952625534935,565.2194008360437,565.4861761371525,565.7529514382612,566.0197355119875,566.2865108130962,566.553286114205,566.8200614153137,567.0868454890401,567.3536207901489
"GCAM 8s","Medium - SSP2","China+ (R10)","Capacity|Electricity|Nuclear","GW",1,78.2899685910492,84.1037961358518,89.89530461580691,93.62393593287861,93.1696500544471,90.5917497879189,86.02346305073229,79.1457588263757,79.04860343416777,78.84114129547372,78.29179658794321,79.12648062944199,80.08685308876083,81.14105530568399,78.907514725095,81.07330026146965,84.06898180021038,87.31152893089633
"GCAM 8s","Medium - SSP2","China+ (R10)","Capacity|Electricity|Oil","GW",1,8.76759054288742,8.9408755084098,6.816596585360649,5.89358762859573,5.573442589071471,5.62196857339281,5.987337454328079,5.7818717616035,6.846871639443581,7.150133531023471,7.32714107063828,6.92731951105595,6.550224085098422,5.780082732449095,6.844227868153638,6.238993858253673,5.263643478345184,4.237929186834116
"GCAM 8s","Medium - SSP2","China+ (R10)","Capacity|Electricity|Other","GW",1,0,0,0,0,0,0,0,0,0,0,0,0,0,0,0,0,0,0
"GCAM 8s","Medium - SSP2","China+ (R10)","Capacity|Electricity|Solar|CSP","GW",1,0.908402044050391,1.04136137886965,1.736399435418637,3.963368522720366,5.485893547019849,7.653521166162699,10.49434226405137,13.27938987145414,18.13939013102877,21.74500185766563,25.13808689089603,27.83082881993596,28.62697003807637,28.54605533272548,28.3025220230805,28.44397515868587,28.67836467874493,29.0927114222071
"GCAM 8s","Medium - SSP2","China+ (R10)","Capacity|Electricity|Solar|PV","GW",1,226.4501393147559,284.95846616828,960.663684768145,2577.815626999759,4040.341675326243,5310.348908707976,6387.554482496103,7148.520579857295,7817.362948869943,7837.417063822189,7724.03477710146,7596.571260859706,7383.458129810373,7224.652738127484,6973.835825866249,6751.241454464013,6576.204512908033,6418.048304892384
"GCAM 8s","Medium - SSP2","China+ (R10)","Capacity|Electricity|Wind|Offshore","GW",1,0,0,2.313958017258346,14.42064218008668,31.11236748868357,52.4141932697504,76.91057466155364,96.64500869529348,128.2671879260848,146.8158269698682,151.4641607337476,149.9440036659333,144.3971842694692,113.5929108510623,110.7970644665718,113.2203240213867,111.9327482478982,115.3757392361434
"GCAM 8s","Medium - SSP2","China+ (R10)","Capacity|Electricity|Wind|Onshore","GW",1,185.0961310295629,259.8476679371403,440.4991851960691,801.1805730045292,1091.009922727611,1346.908449578796,1572.524427354463,1734.282365153642,1746.238897593982,1771.516830562543,1768.805076159136,1763.268200421002,1716.641248368924,1676.604407054789,1558.206287144346,1484.050389002931,1442.615460551353,1421.186050589381
"GCAM 8s","Medium - SSP2","Europe (R10)","Capacity|Electricity|Biomass","GW",1,44.1862991324935,47.94973371602274,44.64642408111345,53.64056472521344,58.56245350459483,66.37833435794806,75.9448903299742,84.07580883618552,107.8500889646283,124.0099762358355,136.4237336935309,149.8232689135582,160.1255740569416,172.4154551510223,192.8729710434822,202.7062684190004,209.233387714063,220.5974282683179
"GCAM 8s","Medium - SSP2","Europe (R10)","Capacity|Electricity|Coal","GW",1,117.9364684299819,130.6441423955939,120.1291684786432,52.71372562949663,66.54672964382283,92.71947098811174,98.6786022830852,89.19817896500663,81.30872997133295,72.78491236951747,59.10881868764358,59.80569820392267,60.78038301746253,60.67035609045308,63.79679088372642,63.15245829520305,61.94197621450403,60.33818970078053
"GCAM 8s","Medium - SSP2","Europe (R10)","Capacity|Electricity|Fossil","GW",1,355.0626634431846,378.3245681911399,361.5898116085615,269.0476282805483,265.4396157622861,299.0135329350044,325.3991600602497,331.1616180416263,381.9786486911253,428.2494005308375,461.4843062685285,447.6314343572536,437.8356756043345,439.5555926239701,476.0128826163902,486.5682378277381,482.2567725296738,458.355179009795
"GCAM 8s","Medium - SSP2","Europe (R10)","Capacity|Electricity|Gas","GW",1,213.9765000676196,225.0130937809668,227.6246138202436,208.3765696285585,191.094537702546,196.9286592278779,215.4880137573336,229.143626764553,280.6619756321269,334.1953597759439,379.3731349439353,366.4147395187878,358.7304968421224,361.7938886039095,392.0984135520386,405.9543653251917,406.1514761341761,386.4996104743236
"GCAM 8s","Medium - SSP2","Europe (R10)","Capacity|Electricity|Geothermal","GW",1,3.758439474568955,3.82877685125602,10.52935350188197,21.2978762603458,27.21933127326343,30.71245045553193,32.60484710511238,32.78454530727442,34.32403499564418,34.36446058752185,34.42086535823628,34.42133450570783,34.42269024615607,34.42407127907853,34.4091537458634,34.41192857762599,34.41786943673842,34.41702545001161
"GCAM 8s","Medium - SSP2","Europe (R10)","Capacity|Electricity|Hydro","GW",1,207.054075113878,204.2146946121332,224.4759322129466,225.053073952001,225.630224463673,226.2073662027273,226.7845167143993,227.3616584534536,227.9387212389496,228.515862978004,229.0930134896759,229.6701552287303,230.2473057404023,230.8244562520741,231.4015102649525,231.9786607766245,232.5558025156789,233.1329530273508
"GCAM 8s","Medium - SSP2","Europe (R10)","Capacity|Electricity|Nuclear","GW",1,124.0900757093718,132.195708814467,134.7397193358385,135.9178292731173,131.461015524513,122.658253771378,110.5828537167113,96.24538620391344,89.20652009408224,81.67077089743509,74.25944941677938,70.30424014035317,69.17220680923411,70.48683901324704,70.18627890951483,73.54360656401782,77.0405898750511,82.54337669727903
"GCAM 8s","Medium - SSP2","Europe (R10)","Capacity|Electricity|Oil","GW",1,23.14969494558316,22.66733201457926,13.83602930967516,7.957333022493128,7.798348415917276,9.365402719014345,11.23254401983076,12.81981231206665,20.0079430876656,21.2691283853765,23.0023526369496,21.41099663454429,18.32479574475032,17.09134792960799,20.1176781806244,17.46141420734304,14.16332018099323,11.51737883469097
"GCAM 8s","Medium - SSP2","Europe (R10)","Capacity|Electricity|Other","GW",1,0,0,0,0,0,0,0,0,0,0,0,0,0,0,0,0,0,0
"GCAM 8s","Medium - SSP2","Europe (R10)","Capacity|Electricity|Solar|CSP","GW",1,2.5929739344741,2.68822890009951,5.438910908970934,14.02762726441969,17.46436530484757,20.42738105425914,23.60782092252357,27.10268405232588,34.00614587866244,34.73327993142298,37.14232163009734,40.46704853251918,43.64028391110049,46.93338044285762,49.93245453376921,53.22845129377101,56.17931924968497,59.07086883773061
"GCAM 8s","Medium - SSP2","Europe (R10)","Capacity|Electricity|Solar|PV","GW",1,140.6626088798678,158.21533503645,484.6347743569802,1304.172736057343,1917.084133249171,2412.299056826307,2867.822679010677,3251.270675220366,3709.786295069352,3805.073194945838,3815.336186244717,3920.235234578494,4025.872175753713,4139.902633420275,4194.338028881124,4226.150221403029,4272.774151957386,4304.184823951234
"GCAM 8s","Medium - SSP2","Europe (R10)","Capacity|Electricity|Wind|Offshore","GW",1,0,0,8.908553166754599,50.52584668249242,87.5080975447599,120.0930556913962,152.7098347708207,176.9334612608869,215.8920049917047,234.0379014936949,235.9611547300463,239.961346509481,242.1280307027746,204.2719254601465,229.828155761387,251.555144895621,253.3162827140281,256.8426540711092
"GCAM 8s","Medium - SSP2","Europe (R10)","Capacity|Electricity|Wind|Onshore","GW",1,202.4386762514411,197.0556998983114,391.2657707314456,708.760135755595,895.4326526409398,1036.611608936244,1166.374356867163,1277.072844955817,1332.928018326965,1376.994804865006,1413.406156732275,1485.771229731361,1549.534970124515,1607.90170137247,1570.710397375753,1564.353874615131,1583.224393065945,1606.263698270896
"GCAM 8s","Medium - SSP2","India+ (R10)","Capacity|Electricity|Biomass","GW",1,3.41719473383962,3.75712606094449,1.82483114279494,4.5999977298329,7.43972244987956,12.1897271965083,18.5226655536185,25.4200465905679,35.5837852169571,47.9850998988807,59.926147850642,76.5205347291525,87.5367318129581,104.581944238686,116.980338089716,138.882616620369,149.955955556129,172.265958381207
"GCAM 8s","Medium - SSP2","India+ (R10)","Capacity|Electricity|Coal","GW",1,228.017236641729,243.216645331477,307.463493415254,321.433037595922,360.26421626497,403.780676498044,449.903217223335,497.811895697472,527.443880111954,552.958296679581,573.024870430071,589.879661806857,603.369872645967,615.343239781338,628.533364475633,637.599755431287,646.666212926729,655.732724681609
"GCAM 8s","Medium - SSP2","India+ (R10)","Capacity|Electricity|Fossil","GW",1,251.129306273425,264.884351125342,327.990369916707,353.610158692382,402.885839079564,461.905121830197,526.664054740623,594.812908181171,657.102865612361,724.321948148585,780.867393088358,834.270096224429,864.058122053581,903.722197371852,931.249377338612,976.559349143911,1002.28019333262,1039.79106228194
"GCAM 8s","Medium - SSP2","India+ (R10)","Capacity|Electricity|Gas","GW",1,20.3577433879451,19.0211820904027,18.6254081043296,27.4230261807408,34.8142571019252,45.7736306214853,59.1366213405621,74.7847593489135,100.856163174801,134.52849049242,164.830742487219,193.63565045495,208.035121183788,229.405012557649,242.3855916873,271.13842811443,289.462076616524,331.107324931811
"GCAM 8s","Medium - SSP2","India+ (R10)","Capacity|Electricity|Geothermal","GW",1,0,0,1.36140133485211,3.49715291178039,4.44864063275353,4.44730420075562,4.44607803437091,4.44523851571526,4.4421284988289,4.44024472811423,4.43995143115756,4.43863702036749,4.43957970359467,4.43845869645613,4.43878893478683,4.43739768913026,4.43835896272494,4.43711787617404
"GCAM 8s","Medium - SSP2","India+ (R10)","Capacity|Electricity|Hydro","GW",1,50.8135451778738,51.3012149900618,57.899276136721,68.4264172524884,73.6899878103721,78.9535583682558,83.3398671664923,87.7261759647287,90.8044874793311,93.883676255693,96.9619877702954,100.041176546657,103.11948806126,106.197799575862,109.276988352224,112.355299866826,115.434488643188,118.512800157791
"GCAM 8s","Medium - SSP2","India+ (R10)","Capacity|Electricity|Nuclear","GW",1,6.39895541508081,7.00640691846275,8.39794726518961,10.5465710540951,12.6303757099422,15.1485007502599,17.7104537389983,20.1133766515414,24.2034160290955,29.4496500302115,34.4274131833111,41.1454152472494,45.9257168556838,52.3946728683267,56.2193661721022,62.9148609388617,66.5942464651411,73.9251133431443
"GCAM 8s","Medium - SSP2","India+ (R10)","Capacity|Electricity|Oil","GW",1,2.7543262437512,2.64652370346266,1.90146839712334,4.75409491571895,7.80736571266897,12.3508147106673,17.6242161767261,22.2162531347851,28.8028223256047,36.8351609765843,43.0117801710673,50.7547839626216,52.6531282238266,58.9739450328655,60.3304211756787,67.8211655981936,66.1519037893701,52.9510126685207
"GCAM 8s","Medium - SSP2","India+ (R10)","Capacity|Electricity|Other","GW",1,0,0,0,0,0,0,0,0,0,0,0,0,0,0,0,0,0,0
"GCAM 8s","Medium - SSP2","India+ (R10)","Capacity|Electricity|Solar|CSP","GW",1,0,0,0.272140194048638,1.86989008669931,3.11169280209626,5.16028016810496,7.70708957512204,10.4501434920063,14.1973766942351,17.3979637547417,20.5838194402958,24.0572528049867,25.35737822336,27.5998272008496,27.7740828383024,29.4486120866539,29.225779968551,30.402597148102
"GCAM 8s","Medium - SSP2","India+ (R10)","Capacity|Electricity|Solar|PV","GW",1,50.4416082239899,61.4392153503948,247.266468327679,751.984556263842,1257.12572626778,1810.30757268359,2352.59463539627,2863.45083947352,3348.17014568631,3759.33334461837,4096.69640558967,4517.5414217411,4682.55782930068,5005.17116154655,5039.37384118234,5234.06889580513,5173.50958204133,5273.43085884246
"GCAM 8s","Medium - SSP2","India+ (R10)","Capacity|Electricity|Wind|Offshore","GW",1,0,0,0.341802691085241,3.12214095539854,7.60270127344229,14.4452583237988,22.4684141311436,30.5078827510995,38.013035594767,44.5711037621046,47.2825778711672,50.5850027764088,49.8860699193018,49.350659323375,46.3800742505099,48.5863766820563,44.9140779102028,48.5995802068945
"GCAM 8s","Medium - SSP2","India+ (R10)","Capacity|Electricity|Wind|Onshore","GW",1,26.5281367284114,30.4043456579031,85.0223961949156,231.331399763879,368.163771360119,518.775521876071,663.040685967063,792.970404555582,890.831325974606,963.991750804988,1023.77700736457,1109.40251886694,1127.18327176845,1193.03749566063,1174.42832710548,1204.22774298162,1173.13609668354,1198.17240015276
"GCAM 8s","Medium - SSP2","Latin America (R10)","Capacity|Electricity|Biomass","GW",1,5.034236633095097,5.689096940296318,4.533618060761035,7.804946215755739,10.27710106997388,14.25032099488867,19.92453149155067,26.00428609710923,33.21422610856211,40.17461036599763,47.65426678339048,56.84074627331977,65.84749950116627,72.90388196498984,80.43918398018694,87.84017745808066,95.99382792187657,105.500982512107
"GCAM 8s","Medium - SSP2","Latin America (R10)","Capacity|Electricity|Coal","GW",1,15.57105964541995,15.97034151581699,17.9389417606933,14.18839461323554,22.02993698469012,25.27660693985493,26.94744315421694,28.42311114156277,29.64113987256928,30.06449844717421,30.13188575659757,30.42451965312517,30.6979049073508,30.73330293192806,30.78911749981046,30.57631127530492,30.22111241980132,29.89662060631739
"GCAM 8s","Medium - SSP2","Latin America (R10)","Capacity|Electricity|Fossil","GW",1,197.3933391295253,235.1129721587542,247.8010676549964,239.3053994796908,282.9464566024638,337.7932311097943,394.3816879559668,442.4782831877621,509.5325780265027,551.1356877809484,596.3890686076152,628.0327930274897,677.1927686392953,680.859303916089,699.2485394447955,716.2714904349618,725.0842399011143,715.9776207934694
"GCAM 8s","Medium - SSP2","Latin America (R10)","Capacity|Electricity|Gas","GW",1,112.8911494908596,138.1123208384572,152.6558558568378,158.8715789573434,185.4390507432232,219.2142527562156,257.913356429472,295.2512293577175,347.5365187191743,391.1855135190971,434.4551340444378,464.3301490939269,506.2292518718425,525.4109297680143,545.4322256487378,565.5908009216516,579.0753991741657,602.0056087559076
"GCAM 8s","Medium - SSP2","Latin America (R10)","Capacity|Electricity|Geothermal","GW",1,1.685321896787621,1.530097215009446,2.962533596316149,6.556991078424867,11.11896371167996,16.95412658218099,23.86912581103503,30.88829926536863,39.00381581104033,46.09137067858675,52.3142850806212,58.06857780738076,61.71847388591853,63.12853881884435,64.5513486055981,66.06515473060452,68.05725119750909,70.35006935854825
"GCAM 8s","Medium - SSP2","Latin America (R10)","Capacity|Electricity|Hydro","GW",1,227.2154978716795,221.0757709039654,255.5885907389817,278.0573171960664,286.9119850849195,295.7666617463892,305.059793835331,314.3530662861554,322.5068634373725,330.660485136238,338.8140191089284,346.9678162601457,355.1226661254749,360.8289029672771,368.80996727802,379.5829171388405,387.7372406471141,395.8907746198036
"GCAM 8s","Medium - SSP2","Latin America (R10)","Capacity|Electricity|Nuclear","GW",1,5.35784544464348,5.5768500344244,5.23192800895649,5.18448811919326,4.87030697796821,4.43797295190874,3.88542886128509,3.252893411461018,2.885585538934254,2.681059469442824,2.663871882491186,2.997743283052324,3.542954010339544,4.152520516084561,4.960006472086294,6.334607462058768,8.021129510387215,10.53699353934309
"GCAM 8s","Medium - SSP2","Latin America (R10)","Capacity|Electricity|Oil","GW",1,68.93112999324573,81.0303098044802,77.20627003746539,66.24542590911174,75.47746887455042,93.30237141372372,109.5208883722784,118.8039426884814,132.3549194347588,129.8856758146774,131.8020488065807,133.278124280437,140.2656118601021,124.7150712161473,123.0271962962468,120.1043782380048,115.7877283071469,84.07539143124501
"GCAM 8s","Medium - SSP2","Latin America (R10)","Capacity|Electricity|Other","GW",1,0,0,0,0,0,0,0,0,0,0,0,0,0,0,0,0,0,0
"GCAM 8s","Medium - SSP2","Latin America (R10)","Capacity|Electricity|Solar|CSP","GW",1,0,0.079985085639657,0.208583366811077,0.945651684436526,1.428651789963582,2.141259396649098,3.18679090758431,4.462781065353014,6.22355367125778,7.956846162184194,10.42813012571057,13.14197791808303,15.46035918674694,16.87729403002183,18.17243236905668,19.39743647258155,20.59429629577781,22.25638181870409
"GCAM 8s","Medium - SSP2","Latin America (R10)","Capacity|Electricity|Solar|PV","GW",1,28.04299344886146,39.36138805571626,166.4993693847126,491.2449045145098,856.7279647826233,1259.820785000188,1695.540654136614,2115.980694174479,2524.322477801288,2877.55066580462,3198.490722733992,3530.44260996931,3816.968949840896,3946.098473044243,4050.339376803934,4137.205229953444,4217.861404239663,4303.077589373112
"GCAM 8s","Medium - SSP2","Latin America (R10)","Capacity|Electricity|Wind|Offshore","GW",1,0,0,0.690598433128322,6.704026674988087,14.75764583876934,26.16374506165644,41.30596775685251,57.68629307779255,73.11465235956328,88.36202481728293,99.46576770065369,109.7180069465794,116.9277194263858,115.3795284069118,115.171188609017,117.2735521485596,116.21597827433,121.0510849840492
"GCAM 8s","Medium - SSP2","Latin America (R10)","Capacity|Electricity|Wind|Onshore","GW",1,41.21612721862202,49.84362387140582,87.233729102203,189.6806143066489,287.3687987004004,392.9324183114321,507.027537224032,615.294035404398,691.211273317176,779.2369482536011,872.2254071455745,976.9947179020394,1060.37077574081,1090.677420819874,1095.978719313724,1100.733441479529,1112.032015110002,1146.078239674208
"GCAM 8s","Medium - SSP2","Middle East (R10)","Capacity|Electricity|Biomass","GW",1,0,0,0.251823179622829,0.765905364038442,1.82254207055034,2.7176044813689,4.17333453188347,5.8538971074463,7.7531943567088,10.1000383301862,12.4447007920044,15.3735015430101,17.8621872852125,20.8176492177575,24.1666569661266,28.4803144604031,32.8853976884379,37.5850906319217
"GCAM 8s","Medium - SSP2","Middle East (R10)","Capacity|Electricity|Coal","GW",1,4.26082466306851,4.32486594728796,5.08097830014901,5.84163754542571,5.41798991463757,5.37827395925549,5.11678478619601,4.83639554590492,4.70730968043431,5.1228372707053,5.50004534140106,5.54455242551695,5.45760841036316,5.52543653983853,5.60569006392851,5.81859384877468,6.17385153332515,6.49848137931072
"GCAM 8s","Medium - SSP2","Middle East (R10)","Capacity|Electricity|Fossil","GW",1,757.68010282333,766.721387524495,712.616333212141,680.12953207242,625.630034408931,669.285828654066,700.667148696587,718.910448234956,746.746869221636,800.428920455051,873.880682370931,885.19826252214,920.128397630963,941.084989630703,967.542195350672,993.433793089295,1010.793445219,1008.85807075429
"GCAM 8s","Medium - SSP2","Middle East (R10)","Capacity|Electricity|Gas","GW",1,587.199257536115,596.195200806983,562.250300385062,538.89892546382,492.240452488961,517.533055848491,535.716238670571,555.920230539438,597.435361162574,658.455812205078,734.845012620824,756.481853322474,800.855677842263,828.336183397873,859.025022793054,890.216744665637,915.020127326305,947.610356525837
"GCAM 8s","Medium - SSP2","Middle East (R10)","Capacity|Electricity|Geothermal","GW",1,0,0,0.9498241623369351,2.37409046050098,4.03686479064583,4.44964355515435,4.4491624396351,4.44858901057427,4.44610819385122,4.44407697678836,4.44314721905274,4.44252256674757,4.44241980111095,4.4421178871599,4.44124653349726,4.43981076670309,4.43901170004882,4.43769960308131
"GCAM 8s","Medium - SSP2","Middle East (R10)","Capacity|Electricity|Hydro","GW",1,7.14687610349452,6.96307221961322,9.05755221600631,11.6757399376736,14.293839933165,16.9120276548323,19.5301276503237,22.148315371991,24.7664153674824,27.3846030891497,30.0027030846411,32.6208908063084,35.2389908017998,37.8571785234671,40.4752785189585,43.0934662406258,45.7115662361172,48.3297539577845
"GCAM 8s","Medium - SSP2","Middle East (R10)","Capacity|Electricity|Nuclear","GW",1,1.0882895066472,1.95707705759459,1.90219537225038,1.80847742267625,1.67770909952052,1.5021191429194,1.28179463321817,1.02996913909199,0.91532088338069,0.896037951590363,0.9618048875005091,1.13528753165197,1.37491167912888,1.6978071623695,2.09698932280906,2.83803386498266,3.77368448777876,5.12481161598724
"GCAM 8s","Medium - SSP2","Middle East (R10)","Capacity|Electricity|Oil","GW",1,166.220020624147,166.201320770224,145.28505452693,135.388969063174,127.971592005333,146.37449884632,159.83412523982,158.153822149612,144.604198378628,136.850270979268,133.535624408705,123.171856774149,113.815111378337,107.223369692991,102.91148249369,97.398454574883,89.5994663593732,54.7492328491386
"GCAM 8s","Medium - SSP2","Middle East (R10)","Capacity|Electricity|Other","GW",1,0,0,0,0,0,0,0,0,0,0,0,0,0,0,0,0,0,0
"GCAM 8s","Medium - SSP2","Middle East (R10)","Capacity|Electricity|Solar|CSP","GW",1,0.545352856634026,0.615469652486972,0.6595376864618551,0.863754710232642,1.15826363527666,1.42662911549017,1.7668240110086,2.14701703563516,1.96105870573996,2.34869599842791,2.63713206619692,2.99080845277986,3.21591319136513,3.39313885123332,3.53097181675952,3.68988290906004,3.89546451879787,4.23444240181728
"GCAM 8s","Medium - SSP2","Middle East (R10)","Capacity|Electricity|Solar|PV","GW",1,10.7897420533159,13.347561977571,165.215764521006,461.112967398653,833.970421671605,1114.72272894293,1408.42559476654,1685.9320439834,1908.7095810712,2090.94175936198,2225.65281833763,2407.82389997142,2527.04112061289,2629.54183189989,2698.10521909487,2737.12298967231,2768.5760409729,2841.59952103162
"GCAM 8s","Medium - SSP2","Middle East (R10)","Capacity|Electricity|Wind|Offshore","GW",1,0,0,0.4561456541119631,3.86422065445199,11.7381634932894,18.5911322784064,26.4468135256766,33.9713556251388,39.1454951322582,41.431336210529,43.9120004434398,45.2686133536818,45.3259381099445,44.380408077501,42.4840819301537,42.9301114508075,43.5123474826654,46.4041493343567
"GCAM 8s","Medium - SSP2","Middle East (R10)","Capacity|Electricity|Wind|Onshore","GW",1,0.9344953453088061,1.17136942743729,33.5339452140712,104.180340658455,193.88151758281,255.093257921361,317.059633612568,374.128819794734,409.254248076513,427.55772542143,430.635329848914,460.73716388179,477.843265904087,492.961441790214,499.638400398992,501.328914017569,502.710858183408,520.792795457365
"GCAM 8s","Medium - SSP2","North America (R10)","Capacity|Electricity|Biomass","GW",1,13.6416935785557,13.8176843065095,14.7858852038314,17.04983800958026,21.56904885437101,26.11136007157985,31.73294173784527,39.70101018096566,57.14339317712303,68.81337661537606,81.8167703468556,99.11034319324081,117.1056344416993,141.5687978861217,177.9868195484887,206.7902190394258,236.3135690403953,266.425932882772
"GCAM 8s","Medium - SSP2","North America (R10)","Capacity|Electricity|Coal","GW",1,183.9898182876117,211.3663381363908,141.9138077971066,85.49585760148709,32.03991236510879,45.12406426216361,57.99531297821973,47.31533390973341,32.78248665106294,11.32931265167108,4.13490008127404,2.71012977327472,1.19219597889081,0.03745838299738501,0.09858037813451201,0.15736299309004,0.20289824104238,0.256407074481941
"GCAM 8s","Medium - SSP2","North America (R10)","Capacity|Electricity|Fossil","GW",1,705.8793807825076,719.8474384855074,703.4557914886495,664.9006810017722,590.8832933746158,585.3180816523845,616.3967972346966,599.7724350446375,631.3137266114039,634.6487843465695,666.2521984106431,596.3720390265893,556.6632910576496,534.370734672881,563.6042475618707,575.989405238181,596.7630192020828,586.5089484333176
"GCAM 8s","Medium - SSP2","North America (R10)","Capacity|Electricity|Gas","GW",1,501.1963432371439,488.5464729181248,549.3166925630248,568.4660250416056,548.1651291971734,528.6459687560272,547.0649958678108,539.3612305897365,578.6788463107684,605.2387987183463,644.234749700452,577.7991622692076,541.9274724901144,520.9160461123612,547.3716760841747,561.9408800271884,583.4833279647669,574.3185966090064
"GCAM 8s","Medium - SSP2","North America (R10)","Capacity|Electricity|Geothermal","GW",1,3.11682313270008,3.15736822750493,10.32381138234187,18.72332741460592,30.2885482313179,38.32093593800194,44.65351230216832,52.17745841073759,61.17964692450317,63.54423323914395,63.53389148951565,63.53321705013181,63.53574190927061,63.53443140804277,63.51820070073588,63.52072587104383,63.51959653414404,63.52082621115608
"GCAM 8s","Medium - SSP2","North America (R10)","Capacity|Electricity|Hydro","GW",1,212.7465038555831,200.9318933813571,219.1996413595486,221.4761356258326,223.7517526303586,226.0282468966426,228.3047411629276,230.5812354292126,232.8568524337376,235.1333467000216,237.4098409663066,239.6854579708316,241.9619522371166,244.2384465034016,246.5149407696856,248.7905577742106,251.0670520404956,253.3435463067806
"GCAM 8s","Medium - SSP2","North America (R10)","Capacity|Electricity|Nuclear","GW",1,137.0215635756096,134.4625746134474,130.6927103170371,125.8742774517646,121.4529430944632,112.6029745728615,100.1496614664877,86.30821909567848,78.66379069411059,71.14750976898974,67.38702457617147,68.40228470434239,71.40387202942601,78.12274432353648,88.22343808038724,101.2672756089314,111.5767840175633,122.073376481098
"GCAM 8s","Medium - SSP2","North America (R10)","Capacity|Electricity|Oil","GW",1,20.69321925775154,19.93462743099163,12.2252911285179,10.93879835867998,10.67825181233317,11.54804863419287,11.33648838866636,13.09587054516759,19.85239364957255,18.08067297655252,17.88254862891711,15.86274698410692,13.54362258864457,13.41723017752235,16.13399109956079,13.89116221790189,13.07679299627363,11.93394474982974
"GCAM 8s","Medium - SSP2","North America (R10)","Capacity|Electricity|Other","GW",1,0,0,0,0,0,0,0,0,0,0,0,0,0,0,0,0,0,0
"GCAM 8s","Medium - SSP2","North America (R10)","Capacity|Electricity|Solar|CSP","GW",1,1.77999709847526,1.64642027417812,2.60420840546614,4.06241700051913,5.74916294981062,7.33164892982485,8.91939482350831,11.4475439443027,15.919006105365,20.477964802262,25.4869395546919,32.1705392373915,38.3239476292872,44.9181867013347,51.6108321855368,56.9713602114559,61.3219890033064,62.6884493108119
"GCAM 8s","Medium - SSP2","North America (R10)","Capacity|Electricity|Solar|PV","GW",1,98.12997535060016,125.364455419987,522.4335370529402,1184.993717612199,2038.670943822391,2677.833455704137,3205.515692705417,3759.724570210257,4368.120818057519,4680.048450790699,4878.805072129835,5302.295791032854,5684.50004169205,6091.689325359408,6410.315994865262,6707.007121930066,6907.957884148102,6916.278826480273
"GCAM 8s","Medium - SSP2","North America (R10)","Capacity|Electricity|Wind|Offshore","GW",1,0,0,3.32322757318944,15.65512270453926,37.61760973261616,59.6344436075396,80.7677580343344,104.3182798529829,141.7439666081808,159.0221473835216,173.932353711325,193.7775033516654,203.0287292955164,194.626087105135,212.1201772613509,220.5992816552726,220.5256002936126,220.67817435841
"GCAM 8s","Medium - SSP2","North America (R10)","Capacity|Electricity|Wind|Onshore","GW",1,148.8220084145455,164.575587154339,369.2344693609826,602.1923033031405,852.2069398973742,1025.192416018975,1163.73468276358,1316.875147734664,1403.153084039883,1523.98199137061,1632.112111625125,1828.121034591349,1993.608796381607,2154.333894376145,2209.406200354226,2283.479216684494,2338.181445646081,2333.736900541036
"GCAM 8s","Medium - SSP2","Pacific OECD (R10)","Capacity|Electricity|Biomass","GW",1,16.25698287813935,18.68515258433939,18.21558620532563,20.31987621878234,18.50061974215438,17.9044129058842,21.23365355929107,20.73029665044197,21.58962913423534,22.1344065864355,21.45757850378381,22.337138711828,24.53955358180873,25.1698353084114,26.43843109158309,27.95702375732659,28.72979480556629,30.62142552053145
"GCAM 8s","Medium - SSP2","Pacific OECD (R10)","Capacity|Electricity|Coal","GW",1,95.291207262849,96.634179792314,86.95696268608759,50.3919385771865,57.7852821963902,66.9546170401065,68.0742436569998,66.3862410043323,68.0119041113053,67.2397204571712,63.2517422186891,60.61967143980411,58.2975971328728,54.40113435172191,51.1037936033143,46.3941245871382,41.6015712989596,34.3808718706196
"GCAM 8s","Medium - SSP2","Pacific OECD (R10)","Capacity|Electricity|Fossil","GW",1,251.7587748699889,245.2233343794882,214.3668578375119,171.2361247422814,160.9785348903837,164.6993626052612,185.4866928879494,181.2799464807757,191.5000037114147,200.3846353260761,193.8282421413244,184.7864531310903,181.6407792951257,174.9422289521119,177.0313198305377,168.3596127844203,156.8191639803345,139.9666124292328
"GCAM 8s","Medium - SSP2","Pacific OECD (R10)","Capacity|Electricity|Gas","GW",1,135.3245305304551,122.7592076247275,113.1229811094149,111.1390629090501,96.04538198102411,90.02223364521626,104.3659331392282,103.409566451227,110.8348832628136,120.146394154901,119.9779855612599,113.2636620149003,111.5573879997543,111.5640859867074,115.9781990414887,111.3718742706699,107.0363485277836,99.8220425147678
"GCAM 8s","Medium - SSP2","Pacific OECD (R10)","Capacity|Electricity|Geothermal","GW",1,1.859902206395949,1.886943610027104,2.943902508539613,6.38208426103983,8.08806187975496,9.93163389033351,12.7723009692769,14.13123640279802,15.31359030313105,15.9550661728029,16.5551419323631,17.22483957562962,17.79766568621974,18.39644921577169,18.70278631790708,18.97720934414532,19.15170403873977,19.93231197404551
"GCAM 8s","Medium - SSP2","Pacific OECD (R10)","Capacity|Electricity|Hydro","GW",1,37.2145842845255,37.1985303943239,37.8793732459861,38.7310189622517,39.5825769523414,40.434222668607,41.2857806586966,42.1374263749622,42.9889843650518,43.8406300813174,44.692188071407,45.5438337876726,46.3953917777622,47.2470374940278,48.0985954841175,48.9501534742071,49.8017114642967,50.6533571805622
"GCAM 8s","Medium - SSP2","Pacific OECD (R10)","Capacity|Electricity|Nuclear","GW",1,5.76295907366278,10.5296578594581,31.7533964366787,44.0777911953769,59.4485949325276,61.2153872161372,11.6084929722523,11.9372777637353,14.1685549429077,16.3755255257792,16.63706965007419,18.27684435435647,22.65611100611069,24.11724743526273,26.65724235753922,29.74130652146193,31.09111377719541,33.78837460608658
"GCAM 8s","Medium - SSP2","Pacific OECD (R10)","Capacity|Electricity|Oil","GW",1,21.14303707668513,25.82994696244668,14.28691404200974,9.70512325604461,7.14787071296894,7.722511919938899,13.04651609172189,11.48413902521651,12.65321633729621,12.9985207140039,10.59851436137489,10.90311967638583,11.78579416249825,8.977008613683001,9.949327185734376,10.59361392661251,8.18124415359121,5.763698043845805
"GCAM 8s","Medium - SSP2","Pacific OECD (R10)","Capacity|Electricity|Other","GW",1,0,0,0,0,0,0,0,0,0,0,0,0,0,0,0,0,0,0
"GCAM 8s","Medium - SSP2","Pacific OECD (R10)","Capacity|Electricity|Solar|CSP","GW",1,0.003116475165799,0.002596869312021,0.022237620446932,0.243953282653212,0.330164557665429,0.421864875615523,0.519099393184252,0.607052231653995,0.782640099739901,0.7539665544528621,0.8080776469009161,0.8623344486087421,0.908460649779635,0.9598823901075981,0.999912933412287,1.04761168064111,1.07959935788347,1.17123003004748
"GCAM 8s","Medium - SSP2","Pacific OECD (R10)","Capacity|Electricity|Solar|PV","GW",1,81.5276447139276,92.6955367872134,156.672053828282,338.61013764142,424.715144970155,531.5881664422479,739.275329003561,838.2948493681711,925.504117477989,973.2914532256909,1014.682320933762,1047.387365707359,1041.419963490764,1050.518822998383,1025.860122402869,1009.344083017361,1005.965627182088,1017.718477576691
"GCAM 8s","Medium - SSP2","Pacific OECD (R10)","Capacity|Electricity|Wind|Offshore","GW",1,0,0,0.6293056125684491,6.862605387573479,11.1509876352234,15.99785380267779,24.22978076685489,29.13297102542254,33.85575033506908,39.0553816226472,39.8550006626125,38.2671180519706,40.6600434390661,35.559497708035,35.735522809485,39.2126951616586,38.0344699736461,37.91372231573519
"GCAM 8s","Medium - SSP2","Pacific OECD (R10)","Capacity|Electricity|Wind|Onshore","GW",1,12.48314446438446,14.42748940106874,29.2779479558447,94.8596483251019,113.7310877230286,137.4980513066576,194.0298942028696,217.0432194275526,236.3731481986361,223.7732213633167,230.0661341640793,238.6936334587967,234.7580220840076,236.1683552729837,230.578581527898,224.2367470565029,222.2268407092487,226.6083651094854
"GCAM 8s","Medium - SSP2","Reforming Economies (R10)","Capacity|Electricity|Biomass","GW",1,0.069918646177555,0.06782202670033301,0.543643086278908,1.169938186373658,2.352809784551284,3.201406767644337,4.82544617657684,6.51541559211789,8.6444092565076,11.32887885226584,14.51232958018566,18.97510625051492,23.00427719248453,27.1651871193156,31.83560917179146,38.1341969035467,44.7562169129395,52.88537794431539
"GCAM 8s","Medium - SSP2","Reforming Economies (R10)","Capacity|Electricity|Coal","GW",1,51.53871188099561,50.6261611231075,62.35010169098871,57.6420586023583,54.92797573339909,65.2084713802298,66.3696043997935,65.8043682486041,64.7336980072183,63.6994850151953,62.4480401010627,59.3523530760063,54.8356520951963,53.62977148222819,49.7130469778836,48.927274778857,48.7906892209039,49.9136561292805
"GCAM 8s","Medium - SSP2","Reforming Economies (R10)","Capacity|Electricity|Fossil","GW",1,227.6133357010919,246.6121023654702,254.2398948852946,256.3852263685792,253.5407403722758,306.8444486041039,367.362068152702,420.384669682303,491.965494010733,561.739189232346,638.211210660435,654.788304667176,687.985920707434,700.483111894074,715.449434756008,720.871424050475,718.214241474392,709.397414905375
"GCAM 8s","Medium - SSP2","Reforming Economies (R10)","Capacity|Electricity|Gas","GW",1,172.4885561561957,189.0181797130129,186.1529621173367,193.3899838196736,193.0595150826278,235.7672366756275,294.1008452543329,347.7102521810542,420.600620337334,490.934641382254,568.480234548498,588.061795286384,625.587046826992,639.180898803838,657.545857396886,662.849467795889,659.859676169071,648.743314360127
"GCAM 8s","Medium - SSP2","Reforming Economies (R10)","Capacity|Electricity|Geothermal","GW",1,0.06968363473209101,0.071168479869762,2.248718063391134,4.85826588106507,8.76264555233144,11.20012840896685,13.88858360681934,15.86657693586904,16.65748709156798,17.75442568823507,18.21077532735491,19.38767723820868,19.70833075841455,20.10716435369352,20.45529890512577,20.57836075497292,20.57765543802592,20.57699879113985
"GCAM 8s","Medium - SSP2","Reforming Economies (R10)","Capacity|Electricity|Hydro","GW",1,85.43432961765009,86.5381880898143,90.4354234570475,95.3079107224804,100.1803102617374,105.0527098009944,109.9251093402514,114.7975088795084,119.6701715972933,124.5423956841983,129.4147074972793,134.2869315841845,139.1600329328488,144.0323447459299,148.904568832835,153.7768806459161,158.6491047328213,163.5213288197264
"GCAM 8s","Medium - SSP2","Reforming Economies (R10)","Capacity|Electricity|Nuclear","GW",1,32.49622953279521,33.5155476055198,33.9743418703057,32.86385541144878,31.7696569837319,29.40255756705006,26.44810062844701,22.87329036053803,19.64642285825793,16.87676777327874,15.03017348590801,14.14120960502441,13.77516111008567,13.8679324174053,12.03038300688434,13.16292224518838,13.95142216489168,15.51364392271567
"GCAM 8s","Medium - SSP2","Reforming Economies (R10)","Capacity|Electricity|Oil","GW",1,3.586067663900515,6.96776152934975,5.73683107696975,5.353183946547469,5.55324955624906,5.86874054824642,6.89161849857509,6.87004925264442,6.631175666181,7.10506283489662,7.282936010873049,7.37415630478613,7.56322178524573,7.67244160800815,8.19053038123881,9.09468147572892,9.5638760844173,10.74044441596786
"GCAM 8s","Medium - SSP2","Reforming Economies (R10)","Capacity|Electricity|Other","GW",1,0,0,0,0,0,0,0,0,0,0,0,0,0,0,0,0,0,0
"GCAM 8s","Medium - SSP2","Reforming Economies (R10)","Capacity|Electricity|Solar|CSP","GW",1,0,0,0.058994648910618,0.7352686576253311,0.977677030654968,1.18052683686052,1.43836409979741,1.72089005670915,2.03122619983518,1.96989407066326,2.22703150688295,2.64315260158266,3.0459601174467,3.38207952888135,3.69328086162787,4.0875082195507,4.50792182822981,4.84601193275551
"GCAM 8s","Medium - SSP2","Reforming Economies (R10)","Capacity|Electricity|Solar|PV","GW",1,3.0993983248096,3.55217335140789,66.1440463166117,235.402554121169,481.524149806779,655.389987375605,865.0860176494521,1053.806789492238,1207.755102884453,1329.12440079733,1384.389675829012,1506.053083988141,1559.128302704917,1605.90517163349,1637.247023775913,1673.296658037387,1706.265570543572,1723.599488572221
"GCAM 8s","Medium - SSP2","Reforming Economies (R10)","Capacity|Electricity|Wind|Offshore","GW",1,0,0,0.6853760938581791,2.24326289079018,8.285996985549625,12.65369682927004,18.94503987643375,24.43834798725387,29.36482874907088,29.52612844427398,32.1112698985736,33.3470990579856,33.28082938441746,32.23747608962533,31.82603677139716,31.26138585300024,30.92840289754301,32.13970708653797
"GCAM 8s","Medium - SSP2","Reforming Economies (R10)","Capacity|Electricity|Wind|Onshore","GW",1,1.15682584336177,2.291516623275878,62.62886790524565,135.9060487993002,222.1930470946574,272.947666497922,332.1037090151728,383.418364552191,390.040700726549,401.798638471062,408.053277917811,452.867677136183,475.743572151579,494.653612987414,500.4606894866749,507.049090741411,509.601482691399,512.006139015159
"GCAM 8s","Medium - SSP2","Rest of Asia (R10)","Capacity|Electricity|Biomass","GW",1,11.47734304538551,12.86730749607106,11.80977403216601,22.30321479662818,27.59353523786183,33.29656593607871,42.39323283005712,52.41317258519882,64.61382013397703,80.39259443678432,94.2332752868474,110.8724447269149,128.2452077731813,145.4654562814627,161.6389789872924,180.4011025005288,199.4329653183221,222.6663507270606
"GCAM 8s","Medium - SSP2","Rest of Asia (R10)","Capacity|Electricity|Coal","GW",1,134.8089831220032,136.1921466399575,167.2279603636578,151.72389726599,182.3514444833217,238.7073400223123,279.9429296021019,306.3604689016027,337.8440902497106,370.7366546599891,400.3578062025301,424.489804756102,445.7032363481462,463.624640042241,480.3686727667784,487.6301689676327,488.9286151212572,496.5236049946768
"GCAM 8s","Medium - SSP2","Rest of Asia (R10)","Capacity|Electricity|Fossil","GW",1,336.2353528963042,347.1116167211046,386.6916839810149,396.704568199143,453.138654193685,551.2924238608983,648.7457500140591,720.6617113156971,803.9010414469476,908.9459168849452,1011.309655686026,1080.010948489762,1151.572533140329,1219.408888920476,1292.178707880822,1365.119044340567,1411.193210694633,1460.862389978511
"GCAM 8s","Medium - SSP2","Rest of Asia (R10)","Capacity|Electricity|Gas","GW",1,167.7752147725,171.5162603738786,187.0022794949357,205.5264470412481,219.7068544902844,240.3563250591407,272.4103002333504,300.8488958467027,338.0579936448773,393.8659482538818,448.5809970214694,481.5885596237394,522.3671979367642,567.3114838833017,621.922887487495,690.965606555504,748.9314037454399,819.364017958447
"GCAM 8s","Medium - SSP2","Rest of Asia (R10)","Capacity|Electricity|Geothermal","GW",1,4.422088260483012,4.470534211346116,8.134505153699513,16.44028158243838,23.00059179316691,28.39893951196466,33.87557893245707,38.38380069024891,41.28734774043252,43.9902039511324,44.75369441062308,45.04186305884154,45.041049470956,45.04110864896272,45.03606742799911,45.03019996493423,45.03118811078551,45.03086820486929
"GCAM 8s","Medium - SSP2","Rest of Asia (R10)","Capacity|Electricity|Hydro","GW",1,79.97954231401617,88.649809780991,84.62409065643996,93.30314828624637,96.62775103986975,100.2103564770053,103.792874187965,107.1561641851887,110.2561879283424,113.3562993976718,116.4563231408254,119.556434610155,122.6564583533085,125.7563943702861,128.8565058396158,131.9564418565936,135.0565533259229,138.1565770690767
"GCAM 8s","Medium - SSP2","Rest of Asia (R10)","Capacity|Electricity|Nuclear","GW",1,6.06608170721291,6.41528545838623,6.2354199311895,5.92836876783152,5.49989381203049,4.92468351731774,4.20290725248625,3.3780267021927,2.898328791016129,2.759340487708121,2.807694360837206,3.26108761253277,4.088299454944073,5.191096270913283,6.737698714058095,9.58363380207709,12.81198868623436,16.9630941370279
"GCAM 8s","Medium - SSP2","Rest of Asia (R10)","Capacity|Electricity|Oil","GW",1,33.65115500180079,39.40320970726845,32.46144412242098,39.45422389190429,51.0803552200784,72.22875877944531,96.39252017860606,113.4523465673919,127.99895755236,144.3433139710736,162.3708524620256,173.9325841099197,183.5020988554186,188.472764994934,189.8871476265487,186.5232688174311,173.3331918279371,144.9747670253873
"GCAM 8s","Medium - SSP2","Rest of Asia (R10)","Capacity|Electricity|Other","GW",1,0,0,0,0,0,0,0,0,0,0,0,0,0,0,0,0,0,0
"GCAM 8s","Medium - SSP2","Rest of Asia (R10)","Capacity|Electricity|Solar|CSP","GW",1,0,0,0.4434358975473741,3.733004458151054,5.872314090714038,7.852374313959552,10.41107884073273,13.28246222593735,16.87587069477521,19.25581285386423,22.28446678059993,26.07188330942295,29.42132380003642,32.18372233294967,35.17719425207769,38.10928494654087,41.24881693984931,44.28080118682609
"GCAM 8s","Medium - SSP2","Rest of Asia (R10)","Capacity|Electricity|Solar|PV","GW",1,21.83574556184539,39.03843904048314,235.291409316811,837.4583817469683,1326.869411343723,1803.689775521842,2336.960870596638,2851.882592017629,3333.348262357683,3776.782094614235,4242.690182829961,4749.694800739746,5219.2998116694,5643.389336231916,6030.816558511227,6352.532771952673,6667.002158324586,6924.367297470082
"GCAM 8s","Medium - SSP2","Rest of Asia (R10)","Capacity|Electricity|Wind|Offshore","GW",1,0,0,0.96898001806957,15.16952524164751,30.08414807187133,45.93412130154155,66.0937797793842,86.71448318542755,101.8370320812049,123.5990521594063,135.935624360251,145.7414498038297,152.7987250712939,149.6750973508264,146.1279145672407,156.0998723220175,157.8796100312598,161.4145231711589
"GCAM 8s","Medium - SSP2","Rest of Asia (R10)","Capacity|Electricity|Wind|Onshore","GW",1,4.465766020271064,5.777897503427497,64.87886732599767,259.069734462054,374.4002670317582,481.3710825894244,598.8830129970455,710.8476890601349,801.0579648479267,859.6861995532789,957.7786429099993,1081.28013042446,1192.561217469927,1286.63961927837,1361.758718292438,1405.917157214855,1459.636646880809,1508.80862524519
"GCAM 8s","Medium - SSP2","World","Capacity|Electricity|Biomass","GW",1,146.69126623375,165.400166846672,146.607692210392,182.749525623741,206.908112438896,244.455125215793,303.099404743398,359.001444204442,465.060935840801,561.78658964825,654.668234766771,771.529557120495,884.144352718251,1010.82287003727,1176.75004620692,1339.61920736063,1489.61089504225,1676.31030344623
"GCAM 8s","Medium - SSP2","World","Capacity|Electricity|Coal","GW",1,1949.6915824417,2109.60107360408,2199.4175479034,1974.39127098498,2004.55152428032,2159.319216043,2266.36226514804,2314.18528991269,2379.01337331813,2418.33184684896,2438.5556272019,2456.86187368199,2454.85378057799,2438.11714540985,2430.43696862089,2382.80649759045,2328.38264299986,2279.44678953233
"GCAM 8s","Medium - SSP2","World","Capacity|Electricity|Fossil","GW",1,4461.55420719315,4719.25992526687,4778.07619534538,4553.80753569412,4576.3821040776,4970.60695891154,5446.21735345505,5786.73412000248,6372.92845357231,6964.55062271311,7575.45767348233,7822.27889583988,8154.1527138904,8436.12188659171,8880.96340090904,9263.94992145238,9544.23698462203,9723.05107437962
"GCAM 8s","Medium - SSP2","World","Capacity|Electricity|Gas","GW",1,2139.69164636151,2203.65825201615,2244.41566814185,2270.90272563232,2239.85733397342,2395.33002356871,2672.94895092015,2908.97075667073,3357.09491411807,3856.80286958942,4382.81299744336,4571.30624976404,4860.52472324523,5135.9781783116,5543.0526439419,5944.94016217045,6301.40435478789,6747.69930158501
"GCAM 8s","Medium - SSP2","World","Capacity|Electricity|Geothermal","GW",1,15.7715367443966,15.800007861675,45.6232844726864,95.1273476870397,137.376255067988,169.294627602461,199.520537271571,225.891254671968,252.749024957015,269.107291514655,277.322732299805,285.201659404158,289.744903943689,292.147214318748,294.169261862359,296.069226845618,298.238242925079,301.298531416162
"GCAM 8s","Medium - SSP2","World","Capacity|Electricity|Hydro","GW",1,1371.77256430835,1355.4,1529.61422854498,1657.80202406307,1694.614585601,1731.6862727175,1768.31882014235,1804.73244689508,1838.43447509398,1872.13806481881,1905.84050533073,1939.54318270333,1973.24780759704,2004.50302115902,2038.03366750055,2074.35471681979,2108.05871885764,2141.76122955051
"GCAM 8s","Medium - SSP2","World","Capacity|Electricity|Nuclear","GW",1,398.044683913319,417.600255994734,444.608802164727,457.523494057785,463.555328839953,443.894633598873,363.096847113287,325.251585607233,312.775298219826,302.333199996772,294.89298823742,302.566659532304,317.801951844572,339.807827017102,358.766842019254,399.344384842828,435.881632357093,486.39382345177
"GCAM 8s","Medium - SSP2","World","Capacity|Electricity|Oil","GW",1,372.170978389937,406.000599646652,334.242979300126,308.513539076813,331.973245823852,415.957719299826,506.906137386861,563.578073419064,636.820166136106,689.41590627473,754.089048837076,794.110772393847,838.774210067183,862.026562870264,907.473788346244,936.203261691479,914.449986834278,695.904983262287
"GCAM 8s","Medium - SSP2","World","Capacity|Electricity|Other","GW",1,0,0,0,0,0,0,0,0,0,0,0,0,0,0,0,0,0,0
"GCAM 8s","Medium - SSP2","World","Capacity|Electricity|Solar|CSP","GW",1,7.25970854599154,7.60000273542068,13.0218730766339,32.7293339227064,44.2926585007637,56.9235206092168,72.2639837057028,89.8693756910718,115.646169855519,133.965733976181,156.629586176098,183.406732004779,204.971108565989,226.195181705757,245.688611094047,266.738485164551,285.37884621355,304.105748352965
"GCAM 8s","Medium - SSP2","World","Capacity|Electricity|Solar|PV","GW",1,671.305948601354,829.6,3147.10647920085,8663.84883272248,13978.6818326263,18777.1622891548,23588.7216582594,27948.5845862206,32335.2575769219,35332.3007109086,37959.6911029346,41336.0594206287,44189.5359459944,47189.8711959567,49589.2043896253,52079.6141112257,54319.1253867215,56639.5796246314
"GCAM 8s","Medium - SSP2","World","Capacity|Electricity|Wind|Offshore","GW",1,0,0,19.4336337227283,134.677926668714,274.845580441012,426.068055463234,603.370447170418,772.860716998457,969.914348202217,1120.60403782098,1215.73080287131,1306.20908124102,1369.90760239748,1316.45449291797,1379.51843761695,1468.93462825535,1494.57906037974,1550.14358983443
"GCAM 8s","Medium - SSP2","World","Capacity|Electricity|Wind|Onshore","GW",1,630.849496819274,734.6,1605.30418101291,3279.61506910734,4640.00009904891,5812.32410237255,6991.42478691296,8053.68931183702,8714.64621693952,9357.43266176455,10037.4819883725,11029.1817687735,11815.9209344055,12601.2581068903,12957.1075348248,13420.5957482532,13890.8069015972,14467.8031271093
"GCAM 8s","High - SSP3 (Marker)","Africa (R10)","Capacity|Electricity|Biomass","GW",1,0.53277220517335,0.493554102082516,0.720605557524131,1.025337192953645,1.795307541501685,2.966194294971445,4.61650613090518,6.502494347328424,9.554162009785543,12.1864749171043,15.48462280354565,19.92092450975852,24.17127727820717,29.14854418677448,36.0424612884603,39.63546198210218,43.08975155903048,49.65879768846058
"GCAM 8s","High - SSP3 (Marker)","Africa (R10)","Capacity|Electricity|Coal","GW",1,51.18599996324924,51.24527220652194,50.013960674443,57.98055214453671,65.22215152755304,76.85855057741233,91.94014728525691,109.162961145528,141.2112177864906,171.1190243605978,206.9259453611694,252.6908199837899,302.8384124628361,357.7239747609768,417.1351434267539,482.9668458624508,555.9667748575994,657.8349368195244
"GCAM 8s","High - SSP3 (Marker)","Africa (R10)","Capacity|Electricity|Fossil","GW",1,177.722829630486,193.0373331618992,192.0945206330309,223.5358631724865,265.0837463238317,320.3200470247309,388.3174970620116,465.9248892595326,595.0677027720637,727.3324641971622,864.5407804083407,997.1059348878799,1133.059863652052,1263.309141715685,1402.709345000904,1556.563669452516,1721.879869340545,1890.106751221855
"GCAM 8s","High - SSP3 (Marker)","Africa (R10)","Capacity|Electricity|Gas","GW",1,103.2620823552188,109.4133544502584,118.0995962691113,136.6113284034728,159.3785519473915,188.756526592723,225.0417570692482,267.8243381262972,334.1607981720582,407.3206360013016,481.6584314988027,545.6404288042038,613.0792280420468,673.7249032144874,740.5733216701051,809.4143970539182,882.1679419392386,1005.824088069085
"GCAM 8s","High - SSP3 (Marker)","Africa (R10)","Capacity|Electricity|Geothermal","GW",1,0.837604925878709,0.83356926602842,2.447873456130742,4.157964688889872,6.81420195718078,10.41152630736108,14.30687272445553,17.28763021459366,20.78246362574857,23.33841421263662,25.38000342396252,27.2133391897048,28.54858802641701,29.16271618891446,29.41952687652081,29.6169241059973,29.62257190751394,29.61307015526321
"GCAM 8s","High - SSP3 (Marker)","Africa (R10)","Capacity|Electricity|Hydro","GW",1,45.30649061859999,46.79928309190394,53.4462164911929,61.48600470412688,69.52570519088485,77.56548463120122,85.60518511795911,93.64488560471696,101.684586091475,109.6013646604712,117.5095460642228,125.4175344703873,133.3257860550797,141.2339499135962,149.1420260459366,157.0502776306289,164.9583537629693,172.8665176214859
"GCAM 8s","High - SSP3 (Marker)","Africa (R10)","Capacity|Electricity|Nuclear","GW",1,1.47271710544013,1.83735367815922,1.78584071826817,1.71161287494374,1.6929047742555,1.74460100965557,1.83431386044395,1.91839165535163,2.353764061299582,2.62391899838877,2.988361763281584,3.485070187467547,4.057728175632497,4.714640916838463,5.608381386627812,6.643499485817218,7.871698071969789,9.601322552727769
"GCAM 8s","High - SSP3 (Marker)","Africa (R10)","Capacity|Electricity|Oil","GW",1,23.27474731201799,32.37870650511913,23.98096368947648,28.94398262447688,40.48304284888717,54.70496985459536,71.33559270750624,88.93758998770795,119.6956868135152,148.8928038352632,175.9564035483695,198.7746860998868,217.1422231471694,231.8602637402198,245.0008799040459,264.1824265361482,283.7451525437086,226.4477263332472
"GCAM 8s","High - SSP3 (Marker)","Africa (R10)","Capacity|Electricity|Other","GW",1,0,0,0,0,0,0,0,0,0,0,0,0,0,0,0,0,0,0
"GCAM 8s","High - SSP3 (Marker)","Africa (R10)","Capacity|Electricity|Solar|CSP","GW",1,1.429866137191965,1.525940574834752,1.581996814375051,1.601462461624622,1.635139948373138,1.683143426943281,1.74059146257893,1.802624879837781,0.30561849745964,0.374456630345104,0.432990085471665,0.485219640397733,0.526000086036786,0.561573515258974,0.5866114964701961,0.620614815680493,0.662183812739026,0.720168619052582
"GCAM 8s","High - SSP3 (Marker)","Africa (R10)","Capacity|Electricity|Solar|PV","GW",1,10.32614895115496,11.62749211956695,164.5238786171642,341.5675753338662,546.707296367701,768.8946033713448,1006.253586334375,1258.399045952741,1514.856606005628,1806.472969379043,2136.127175409144,2491.662130455718,2864.615210445532,3267.852083547057,3658.534263473641,4072.453573043477,4501.123500340715,4984.280657721891
"GCAM 8s","High - SSP3 (Marker)","Africa (R10)","Capacity|Electricity|Wind|Offshore","GW",1,0,0,1.420013002510833,7.389487468141774,17.65279856220954,32.21291183150794,49.7670646606294,66.98418140513346,84.82360161796603,98.3952748321091,109.3325939387899,121.6548497834103,133.349264107536,140.8141607875004,150.846648179559,160.7284321043774,168.1328485776066,181.8955530605739
"GCAM 8s","High - SSP3 (Marker)","Africa (R10)","Capacity|Electricity|Wind|Onshore","GW",1,7.708208479401497,9.204829962741417,53.00138097841017,99.05320878344217,146.3001537373047,198.3010744011329,252.2131370209948,304.0161337429196,332.3982897120472,380.6730034398919,443.6861018250669,527.3808921425937,620.5050056418677,722.4218516449203,820.0999331658617,915.5244967822644,1010.078284027385,1130.651680636193
"GCAM 8s","High - SSP3 (Marker)","China+ (R10)","Capacity|Electricity|Biomass","GW",1,52.07490877441332,62.07278879366668,47.57704335874953,50.62708294268245,51.69526966831668,51.01936458021119,49.60844559991307,46.99980544557216,55.06886667642625,53.93548840249983,54.10291331696709,54.39468547478684,52.9907130498992,52.00462190944645,62.1461286847264,62.49102292145462,63.08471263514893,63.77504777753684
"GCAM 8s","High - SSP3 (Marker)","China+ (R10)","Capacity|Electricity|Coal","GW",1,1067.100457584089,1169.391006204556,1256.249207624231,1347.277962799283,1372.255769954382,1353.047627224758,1295.407750028509,1227.430391436369,1449.047218172944,1497.153766093491,1493.633007668386,1484.899064780338,1460.41976373955,1438.372317236807,1425.139004664221,1382.971829162057,1332.817354268888,1288.960868777813
"GCAM 8s","High - SSP3 (Marker)","China+ (R10)","Capacity|Electricity|Fossil","GW",1,1201.088479861359,1322.395041513025,1394.244801718724,1484.808171087707,1504.596015637273,1474.476002995083,1409.449228226768,1334.806026235615,1569.224808213384,1621.170076648542,1618.407237620941,1590.012748535749,1556.630949887542,1526.830265037452,1525.385908157178,1482.652192382204,1430.078578150625,1368.936337222819
"GCAM 8s","High - SSP3 (Marker)","China+ (R10)","Capacity|Electricity|Gas","GW",1,125.2204278649888,144.0631558541885,131.6233361587439,132.2042149801059,127.075918675082,116.7364822522678,109.8097857668299,103.7571338066059,115.8229443823082,120.4140078154968,121.5988195271736,102.6742004634968,94.2874721043537,86.90338511839511,98.0085849783529,97.945331459929,95.735131230702,78.7903599378548
"GCAM 8s","High - SSP3 (Marker)","China+ (R10)","Capacity|Electricity|Geothermal","GW",1,0.02167321285012,0.021550000633228,3.94023846483704,6.80322806617558,8.32493060451412,9.00829495331237,9.0111237320426,9.01325299586773,9.0081434459944,9.01274579864726,9.01636413841475,9.01783461254738,9.01908886395079,9.01880641802406,9.00952966507092,9.01629719713437,9.01823498363785,9.01942819799778
"GCAM 8s","High - SSP3 (Marker)","China+ (R10)","Capacity|Electricity|Hydro","GW",1,418.8611193510551,411.7275425358363,448.7254256204933,466.5374361145481,484.3494553812204,502.1614658752752,519.9734763693289,537.7854868633835,555.597506130056,565.2194008360437,565.4861761371525,565.7529514382612,566.0197355119875,566.2865108130962,566.553286114205,566.8200614153137,567.0868454890401,567.3536207901489
"GCAM 8s","High - SSP3 (Marker)","China+ (R10)","Capacity|Electricity|Nuclear","GW",1,78.2900615255405,84.1038959716757,90.0607308607894,98.5740315288837,105.1288814232858,109.0289458948949,110.1458335369612,110.927868790943,146.0330726344381,157.67848628278,161.7076628578318,164.4660323280044,164.1073785037358,163.1679745661724,169.582724189305,164.7557462752217,156.8508887188577,149.3917352196835
"GCAM 8s","High - SSP3 (Marker)","China+ (R10)","Capacity|Electricity|Oil","GW",1,8.76759441228565,8.94087945428384,6.37225793574819,5.32599330831847,5.26432700780698,4.69189351805725,4.231692431422759,3.618500992634575,4.35464565812892,3.602302739552467,3.175410425383559,2.439483291917587,1.923714043635698,1.55456268224681,2.238318514602101,1.735031760215781,1.526092651035922,1.185108507149091
"GCAM 8s","High - SSP3 (Marker)","China+ (R10)","Capacity|Electricity|Other","GW",1,0,0,0,0,0,0,0,0,0,0,0,0,0,0,0,0,0,0
"GCAM 8s","High - SSP3 (Marker)","China+ (R10)","Capacity|Electricity|Solar|CSP","GW",1,0.908402044050391,1.04136137886965,1.740869900236445,1.870981467327346,1.959657607855299,2.035243352956823,2.097571635783118,2.159858992893458,0.6154848313340351,0.5752267003201991,0.5373575282299781,0.499890191722242,0.453180037660769,0.397862098647129,0.275400547187297,0.216550866500982,0.183916968283911,0.164522519084848
"GCAM 8s","High - SSP3 (Marker)","China+ (R10)","Capacity|Electricity|Solar|PV","GW",1,226.4513722524249,284.9600176622551,1120.324387605856,2189.674702097959,3037.486191671793,3634.662820548972,4031.593980295256,4334.508666285195,4383.53069081364,4260.101092390456,4221.187567550865,4132.158599241285,3996.366461639334,3846.688871657655,3619.960597058522,3455.011661703023,3334.006317160698,3239.591247299261
"GCAM 8s","High - SSP3 (Marker)","China+ (R10)","Capacity|Electricity|Wind|Offshore","GW",1,0,0,2.757158859592778,10.45825734010613,17.79456925991281,24.73018037699272,31.11791145902596,35.58158588403832,49.58567002298592,51.61308606361558,49.73611511202152,46.58695447454966,40.71771170246218,19.71571620610776,20.09625803474579,18.83332146358612,17.61253382242492,17.82374059716374
"GCAM 8s","High - SSP3 (Marker)","China+ (R10)","Capacity|Electricity|Wind|Onshore","GW",1,185.0966827515427,259.8484424734261,506.6352410645902,738.6566602107516,860.1013917175885,937.9634963141079,989.7080268078467,1033.105549303543,791.6404290911601,705.7394490398283,674.3984400905942,661.0699350781147,639.0064040466609,609.5669223435357,559.2470087448778,503.6427323270611,464.2991536441446,441.6146044339359
"GCAM 8s","High - SSP3 (Marker)","Europe (R10)","Capacity|Electricity|Biomass","GW",1,44.18636917658078,47.94980972590361,44.62976053440664,49.60043894020087,52.93049605009872,55.18195043488431,56.34045987145282,55.34985155800033,63.87866046023361,61.41900449514213,61.36565356934113,64.16258089283767,64.75087701770427,67.72534856666576,68.26606967667465,71.54148508459556,74.85020304774122,83.54181661858686
"GCAM 8s","High - SSP3 (Marker)","Europe (R10)","Capacity|Electricity|Coal","GW",1,117.9374371084334,130.6452154493086,110.5029910869268,133.9912343910735,144.7866363350824,157.1797497406124,169.3668585538694,179.227565001521,240.8842585963848,258.7044574589498,274.0867175395512,298.1068431990022,316.2966355685701,335.9642068124245,372.6395235740006,389.3793084482933,400.2577581897639,425.4765918385798
"GCAM 8s","High - SSP3 (Marker)","Europe (R10)","Capacity|Electricity|Fossil","GW",1,355.0637912788657,378.3258078713399,361.2180612901442,394.7497532049978,439.731504281109,491.778643612208,555.6222268689331,616.5584256795247,926.3034883988948,995.354771085164,1057.29456428919,1090.712069438034,1134.998512234507,1157.916728390369,1266.736775767736,1263.913848826161,1260.355450072094,1187.353741542522
"GCAM 8s","High - SSP3 (Marker)","Europe (R10)","Capacity|Electricity|Gas","GW",1,213.976649008201,225.0132504036852,237.6548748921219,247.9752807896692,281.5572498550939,321.2779645690784,373.492113825256,425.8979517153908,670.1011047208575,725.6219069330673,772.9693968258399,783.708346084549,810.9099600802327,814.5010380072073,885.0902041682359,867.3651583598063,853.0523657896133,754.9583174693568
"GCAM 8s","High - SSP3 (Marker)","Europe (R10)","Capacity|Electricity|Geothermal","GW",1,3.758439474568955,3.82877685125602,11.07944435708258,12.91207480199694,15.50123455093835,18.65479734349253,21.73215285964501,24.1813797701138,26.73438837114507,27.21662186562653,27.46545130155441,27.98378752906889,27.4843209234951,27.53792014445782,26.76908445963351,26.53226440110623,27.0364643695622,29.52051924739584
"GCAM 8s","High - SSP3 (Marker)","Europe (R10)","Capacity|Electricity|Hydro","GW",1,207.054075113878,204.2146946121332,213.8111487270908,219.7895033941176,220.3666539057895,220.9437956448439,221.5209461565159,222.0980878955702,222.6751506810662,223.2522924201206,223.8294429317925,224.4065846708469,224.9837351825188,225.5608856941907,226.1379397070692,226.7150902187411,227.2922319577955,227.8693824694674
"GCAM 8s","High - SSP3 (Marker)","Europe (R10)","Capacity|Electricity|Nuclear","GW",1,124.0902230111051,132.1958657380325,134.9476283642311,132.7541060199002,132.226074599749,131.6539384862804,127.7807499089949,120.3025473022831,131.9505942996195,126.4078026230586,121.5894441963192,120.9668879528195,120.3335027940302,121.4420474428995,119.6181532183183,121.1558047479921,118.1862057280113,116.7157046589668
"GCAM 8s","High - SSP3 (Marker)","Europe (R10)","Capacity|Electricity|Oil","GW",1,23.14970516223142,22.66734201834641,13.06019531109616,12.78323802425529,13.38761809093286,13.32092930251666,12.76325448980712,11.43290896261315,15.3181250816533,11.02840669314572,10.23844992379878,8.896880154482385,7.791916585702012,7.451483570737193,9.007048025498994,7.169382018062561,7.045326092714442,6.918832234587336
"GCAM 8s","High - SSP3 (Marker)","Europe (R10)","Capacity|Electricity|Other","GW",1,0,0,0,0,0,0,0,0,0,0,0,0,0,0,0,0,0,0
"GCAM 8s","High - SSP3 (Marker)","Europe (R10)","Capacity|Electricity|Solar|CSP","GW",1,2.5929739344741,2.68822890009951,5.299299153615212,5.374198816853435,5.459836147488142,5.550412717235496,5.631639528726181,5.698605850914384,0.5567621569188891,0.5284707324578231,0.478669522613594,0.4297497500590171,0.374463319308046,0.331730321046443,0.227629447673444,0.206769264198377,0.196305567060194,0.210836760231198
"GCAM 8s","High - SSP3 (Marker)","Europe (R10)","Capacity|Electricity|Solar|PV","GW",1,140.6633747360054,158.216196460722,579.4072525214021,787.0466202940569,1036.922385649875,1289.889278304534,1510.265459990834,1698.121953170946,1741.908307453145,1829.114085808157,1895.979814151408,1946.733991446442,1950.386073986189,1982.908685012693,1888.971550924088,1907.043444473676,1933.811334286754,2004.177728352407
"GCAM 8s","High - SSP3 (Marker)","Europe (R10)","Capacity|Electricity|Wind|Offshore","GW",1,0,0,10.76762834482083,16.05759079466515,25.39003200104006,38.15352665596806,52.23063471608217,54.57043526146352,76.64199445293119,74.89772260595934,68.15508278388543,61.68658442674874,53.72285030361891,32.09531142952296,37.1614489422395,36.31701313298927,33.45282394859814,38.5090861587415
"GCAM 8s","High - SSP3 (Marker)","Europe (R10)","Capacity|Electricity|Wind|Onshore","GW",1,202.4392796669022,197.0562872685622,457.387842188733,521.1165938717041,578.9066457170329,634.8993254039402,682.5140370872978,717.2916813583726,506.2799777857688,521.2277696179705,529.7730580831164,556.9584050807044,570.249111852891,593.7021217877679,525.6134430094039,525.759636171256,530.5131952236275,576.0200490106648
"GCAM 8s","High - SSP3 (Marker)","India+ (R10)","Capacity|Electricity|Biomass","GW",1,3.41720015077408,3.75686011397262,1.9612852246128,3.34572849726797,5.27945674389442,8.16102039996975,11.6554018998498,15.1751022097953,20.5875552463723,24.5929029049958,28.1761332050653,31.6202319802249,34.2065158119609,36.2158993899205,43.1657087500266,48.7884444036035,54.6657471460294,60.9483484814643
"GCAM 8s","High - SSP3 (Marker)","India+ (R10)","Capacity|Electricity|Coal","GW",1,228.019109475354,243.201315676775,320.782767080318,395.510841372958,475.186155678066,569.388813459357,657.724118657263,737.894061773171,875.527895277823,992.125588673623,1092.25369072334,1191.09117704287,1278.56714660553,1352.65440525982,1389.06197932831,1420.82699377376,1440.64982610991,1463.01212756795
"GCAM 8s","High - SSP3 (Marker)","India+ (R10)","Capacity|Electricity|Fossil","GW",1,251.131194492837,264.867479406431,342.625704106894,423.697572504962,512.403580033987,618.48841094409,719.781897319239,813.783425293835,976.1208074678,1114.41737260566,1231.73997860935,1338.39472194964,1430.35265112073,1504.63857986135,1550.32904813229,1586.93271982996,1612.40999770127,1631.16290347543
"GCAM 8s","High - SSP3 (Marker)","India+ (R10)","Capacity|Electricity|Gas","GW",1,20.3577575581654,19.0198279744062,19.7834486525522,24.4603094855069,31.1817072779219,40.103893839247,50.0665534000554,62.0311363192197,83.110867044088,103.048525431953,119.635255494389,127.717620928598,133.34921779793,135.448693458124,142.929037437244,147.9077165546,153.231809860616,156.534303817378
"GCAM 8s","High - SSP3 (Marker)","India+ (R10)","Capacity|Electricity|Geothermal","GW",1,0,0,1.39239778063533,3.02453390855939,4.31437589234957,4.44828478280066,4.44730021140637,4.44631827298259,4.44218107845198,4.44133501726357,4.44069831712367,4.43986095271662,4.43934983729103,4.43886034413836,4.43696747770741,4.43660245225127,4.43610482082613,4.43527463724773
"GCAM 8s","High - SSP3 (Marker)","India+ (R10)","Capacity|Electricity|Hydro","GW",1,50.8135451778738,51.3012149900618,56.1447526174264,64.9173702138992,71.9354642910775,78.9535583682558,83.3398671664923,87.7261759647287,90.8044874793311,93.883676255693,96.9619877702954,100.041176546657,103.11948806126,106.197799575862,109.276988352224,112.355299866826,115.434488643188,118.512800157791
"GCAM 8s","High - SSP3 (Marker)","India+ (R10)","Capacity|Electricity|Nuclear","GW",1,6.39896301099223,7.00590712847037,8.39863186017399,9.92512729862047,11.7097179698054,13.8620898681965,15.9244094393646,17.8379326131687,21.1487620050694,23.8034287648458,26.0050637213113,28.1415773440984,29.9956619021165,31.5296379542687,32.370966558377,32.8894998284079,32.9230402116005,32.8051665527084
"GCAM 8s","High - SSP3 (Marker)","India+ (R10)","Capacity|Electricity|Oil","GW",1,2.75432745931722,2.64633575525024,2.05948837402375,3.72642164649716,6.03571707799893,8.99570364548596,11.9912252619197,13.8582272014449,17.4820451458893,19.2432585000884,19.8510323916171,19.5859239781689,18.4362867172759,16.5354811434084,18.3380313667424,18.1980095016019,18.5283617307404,11.616472090095
"GCAM 8s","High - SSP3 (Marker)","India+ (R10)","Capacity|Electricity|Other","GW",1,0,0,0,0,0,0,0,0,0,0,0,0,0,0,0,0,0,0
"GCAM 8s","High - SSP3 (Marker)","India+ (R10)","Capacity|Electricity|Solar|CSP","GW",1,0,0,0.271942849299255,0.3813485137727231,0.516542541672813,0.675232561656905,0.817308574875347,0.941596151070706,0.8188583521561631,0.8252968096324521,0.7786637598803221,0.6930519679970181,0.60575130201006,0.521322700177808,0.435662652622208,0.376483155851765,0.342890905842216,0.334098218661548
"GCAM 8s","High - SSP3 (Marker)","India+ (R10)","Capacity|Electricity|Solar|PV","GW",1,50.4418828599828,61.4350329976263,285.907016523962,688.323742668849,1082.35625811039,1466.82939252353,1807.9609609043,2110.78331996762,2326.43502256938,2474.21985134903,2621.24815784101,2725.37413010981,2809.04439590172,2879.00110856424,2950.694474851,3004.59972147339,3057.87755234227,3122.0273228009
"GCAM 8s","High - SSP3 (Marker)","India+ (R10)","Capacity|Electricity|Wind|Offshore","GW",1,0,0,0.396536096408762,2.51344186619972,5.79548006442679,10.2889726480605,15.014381566959,19.078329143698,22.1456287779877,22.8189886554429,21.4877934892785,19.6299775591724,17.580206329713,14.4246311248601,13.64374869023,13.2751546639181,13.0526538056078,13.6330303740224
"GCAM 8s","High - SSP3 (Marker)","India+ (R10)","Capacity|Electricity|Wind|Onshore","GW",1,26.5282158016802,30.4022466393089,105.104963082487,222.876259418568,322.110738748395,417.882199957505,497.175253575187,561.367592389324,556.367295982888,539.409960953506,535.590694239779,537.960576399203,548.838148239904,560.072072664128,582.120228129795,588.226702780556,593.914545104302,610.302662489991
"GCAM 8s","High - SSP3 (Marker)","Latin America (R10)","Capacity|Electricity|Biomass","GW",1,5.034244613363111,5.689105958648394,4.916772543159599,6.597356284740131,8.555368312137876,11.24214414147664,14.30965554336993,17.0355876485089,21.69523859185245,24.4475862307839,27.039102692002,31.18503978533963,34.24143645613134,37.35857198234944,41.19328462323784,44.78357923144703,48.24208997165713,53.56567622483264
"GCAM 8s","High - SSP3 (Marker)","Latin America (R10)","Capacity|Electricity|Coal","GW",1,15.57118753927793,15.97047268920122,18.86860568666822,23.41547207410929,28.65589400447447,36.87390927336082,46.29120592472685,55.4703623911866,75.47151931205863,90.44056979831842,104.1376388979235,122.1313396853307,138.7435355505791,154.2111340361677,171.0134405401486,185.2733923756725,197.8928961345652,221.3108329596468
"GCAM 8s","High - SSP3 (Marker)","Latin America (R10)","Capacity|Electricity|Fossil","GW",1,197.3935760238046,235.1132352277477,249.6478165793776,278.8565474551423,312.4637032358763,356.214087689319,401.8720033369406,437.8786761726558,530.8009375538543,587.605461725741,635.1359233123113,664.5386872337242,694.3864162569732,713.832190380278,746.1887797172147,761.0349855523868,774.2000251570521,776.9930782840337
"GCAM 8s","High - SSP3 (Marker)","Latin America (R10)","Capacity|Electricity|Gas","GW",1,112.8912280699252,138.1124169729828,156.7817070100031,174.0537343882367,192.8120148129692,217.8558970011977,244.7492688160957,268.9251912047061,325.3183756622939,366.0891696612351,400.8649401131367,418.2204253485062,439.2322736654825,450.4346103420842,467.9886355800224,474.9517101545214,479.7431151949445,485.4962277152732
"GCAM 8s","High - SSP3 (Marker)","Latin America (R10)","Capacity|Electricity|Geothermal","GW",1,1.685321896787621,1.530097215009446,2.988547578494121,4.696050525467805,6.973233079656423,10.58717809708882,14.73458215301349,18.60471550080772,24.59677592236686,28.61135038366622,31.35128786689742,34.29637205009219,36.04883804171167,37.38988699329485,37.63488809011089,38.76400318206859,40.07157383391464,43.94805449761535
"GCAM 8s","High - SSP3 (Marker)","Latin America (R10)","Capacity|Electricity|Hydro","GW",1,227.2154978716795,221.0757709039654,252.5348425536496,272.7937466381824,286.9119850849195,295.7666617463892,305.059793835331,314.3530662861554,322.5068634373725,330.660485136238,338.8140191089284,346.9678162601457,355.1226661254749,363.2761123719892,371.4295586185028,379.5829171388405,387.7372406471141,395.8907746198036
"GCAM 8s","High - SSP3 (Marker)","Latin America (R10)","Capacity|Electricity|Nuclear","GW",1,5.357851804700211,5.5768566544516,5.420422081330651,5.36876878537048,5.47307249642894,5.75706626492777,6.08294376133029,6.33988205281028,7.546035363589311,8.204717291555607,8.800980108741655,9.849636145599675,10.78300044813749,11.65381246297176,12.742568748668,13.67430862758156,14.26890060114819,15.38935656132713
"GCAM 8s","High - SSP3 (Marker)","Latin America (R10)","Capacity|Electricity|Oil","GW",1,68.93116041460159,81.03034556556358,73.99750388270616,81.38734099279596,90.99579441843208,101.4842814147604,110.8315285961179,113.4831225767625,130.0110425795019,131.0757222661875,130.1333443012516,124.186922199888,116.4106070409117,109.1864460020256,107.1867035970441,100.8098830221932,96.56401382754188,70.18601760911297
"GCAM 8s","High - SSP3 (Marker)","Latin America (R10)","Capacity|Electricity|Other","GW",1,0,0,0,0,0,0,0,0,0,0,0,0,0,0,0,0,0,0
"GCAM 8s","High - SSP3 (Marker)","Latin America (R10)","Capacity|Electricity|Solar|CSP","GW",1,0,0.079985085639657,0.207342038489919,0.241768127425319,0.282019494792025,0.338189176126217,0.395203900386421,0.4464439790179051,0.318040028046974,0.341499074768368,0.350118970014118,0.348898458053546,0.337874189326235,0.325926101834352,0.297690094799951,0.284634792067505,0.278533728770366,0.28770811280549
"GCAM 8s","High - SSP3 (Marker)","Latin America (R10)","Capacity|Electricity|Solar|PV","GW",1,28.04314613264022,39.36160236398819,181.239412765834,408.7295697027162,649.8561481821022,891.2598599538751,1112.856764847849,1307.572599939631,1459.999214743481,1576.557300325441,1688.43865026656,1790.599122916674,1875.085628990062,1962.167884232625,2013.842381965741,2071.789400307802,2125.773974530094,2198.268706993154
"GCAM 8s","High - SSP3 (Marker)","Latin America (R10)","Capacity|Electricity|Wind|Offshore","GW",1,0,0,0.8259891381797241,3.967578418392707,8.420438839675974,15.29736088028791,23.34134004799714,30.35944935518804,38.83505106573027,42.72940948017462,42.90283709156257,43.58528618874755,43.44083634992153,39.04270284102501,39.63106395286167,40.21362031367365,38.57642652577864,41.39444812322844
"GCAM 8s","High - SSP3 (Marker)","Latin America (R10)","Capacity|Electricity|Wind|Onshore","GW",1,41.21625007285565,49.84377244189563,105.1018382451984,165.9180715151245,216.9166873486409,274.3047977650764,326.0633473444955,366.7340794619604,350.5497935754986,361.4521680211553,377.0046143174989,406.6097784595898,435.4191482850386,465.5363643298915,474.3845950216216,485.2988663714822,494.000352198787,524.1587249734863
"GCAM 8s","High - SSP3 (Marker)","Middle East (R10)","Capacity|Electricity|Biomass","GW",1,0,0,0.335702721710857,0.6567401661920881,1.03579765663599,1.65977891923937,2.36694379946085,3.01694645409622,4.04543945393185,4.64359437490623,5.06885106028061,6.34322202030144,6.80118436693631,7.68268579683584,9.13557662614476,10.9046345259204,12.6414158706929,15.5782920121935
"GCAM 8s","High - SSP3 (Marker)","Middle East (R10)","Capacity|Electricity|Coal","GW",1,4.26085965961445,4.32490146984095,4.12275506687225,5.06954511410269,6.05464023986118,7.4121051075397,8.84801235283515,10.2042327508317,12.421381846961,14.3692500130685,15.8741696812505,18.0647623813729,19.8170540580659,21.5767235876422,23.5585581303714,24.8586642971034,25.9041081563495,28.132355295307
"GCAM 8s","High - SSP3 (Marker)","Middle East (R10)","Capacity|Electricity|Fossil","GW",1,757.680619903896,766.721911384535,697.671382673827,684.448848995417,683.854631040279,679.606396671937,679.020419236366,672.697656277184,718.718163272365,770.476439071815,808.900498784469,820.870547029626,856.192331700615,878.37561227855,901.48739233497,920.554033633777,928.900820806192,938.162554151748
"GCAM 8s","High - SSP3 (Marker)","Middle East (R10)","Capacity|Electricity|Gas","GW",1,587.199666262301,596.195615794889,544.383432907532,535.368827417574,525.514455136249,513.961456066461,512.027079544511,521.703520095215,571.401008514005,629.673317838125,676.249454231672,699.063020602251,746.962446873067,777.505919730331,805.284569583567,829.421507267226,841.7310287955,874.633370734808
"GCAM 8s","High - SSP3 (Marker)","Middle East (R10)","Capacity|Electricity|Geothermal","GW",1,0,0,1.06405997590891,2.00041130796719,2.89960105391517,3.76502095848308,4.2947179749976,4.44981110782275,4.44667468144436,4.44573159928226,4.44530952613187,4.4442300082255,4.44372495661076,4.44301565031456,4.44149491038141,4.43983055387536,4.43758614598871,4.43413472059375
"GCAM 8s","High - SSP3 (Marker)","Middle East (R10)","Capacity|Electricity|Hydro","GW",1,7.14687610349452,6.96307221961322,9.05755221600631,11.6757399376736,14.293839933165,16.9120276548323,19.5301276503237,22.148315371991,24.7664153674824,27.3846030891497,30.0027030846411,32.6208908063084,35.2389908017998,37.8571785234671,40.4752785189585,43.0934662406258,45.7115662361172,48.3297539577845
"GCAM 8s","High - SSP3 (Marker)","Middle East (R10)","Capacity|Electricity|Nuclear","GW",1,1.0882907985066,1.95707938075251,1.9021963909754,2.6913318414486,4.09523725147502,5.87829517916799,7.74705061791977,9.5485044746186,12.0923610172524,14.1720438590412,15.7002760765644,17.7076010981473,19.2340117885713,20.6828878339213,22.2844688782636,23.2091407178999,23.3563476898284,24.1713787058444
"GCAM 8s","High - SSP3 (Marker)","Middle East (R10)","Capacity|Electricity|Oil","GW",1,166.220093981981,166.201394119805,149.165194699422,144.010476463741,152.28553566417,158.232835497936,158.14532733902,140.789903431138,134.895772911399,126.433871220622,116.776874871546,103.742764046002,89.4128307694822,79.2929689605765,72.644264621032,66.2738620694475,61.2656838543427,35.3968281216323
"GCAM 8s","High - SSP3 (Marker)","Middle East (R10)","Capacity|Electricity|Other","GW",1,0,0,0,0,0,0,0,0,0,0,0,0,0,0,0,0,0,0
"GCAM 8s","High - SSP3 (Marker)","Middle East (R10)","Capacity|Electricity|Solar|CSP","GW",1,0.545352856634026,0.615469652486972,0.6704243575283051,0.684076634317138,0.6986759110449611,0.716880549725599,0.73400130399572,0.749166367042969,0.09515487442855401,0.094229780021037,0.088737553561921,0.08168020483466101,0.072501907478334,0.06448495791912,0.056260095454065,0.052479280714292,0.052046032538827,0.055580545534464
"GCAM 8s","High - SSP3 (Marker)","Middle East (R10)","Capacity|Electricity|Solar|PV","GW",1,10.7898007994905,13.3476346501337,205.017549099845,405.972936681173,576.604370010577,738.042356400184,882.321890357401,1009.36794028914,1059.77370580086,1111.1101656994,1166.91158617822,1228.40883952899,1269.30490813268,1321.94727382971,1346.26391866446,1382.4024373008,1424.34093807707,1489.05237893899
"GCAM 8s","High - SSP3 (Marker)","Middle East (R10)","Capacity|Electricity|Wind|Offshore","GW",1,0,0,0.662976577055552,3.03846856799658,6.18974111884584,10.5441802457359,15.1603039425878,18.7439045401479,21.1896075237743,21.8268272972447,20.349670341827,19.446386706788,18.1145784397987,16.1372516417441,15.537168261099,15.9866915963038,15.4162341233784,17.4263727637966
"GCAM 8s","High - SSP3 (Marker)","Middle East (R10)","Capacity|Electricity|Wind|Onshore","GW",1,0.9344981307890831,1.17137291897574,47.719551427149,95.8074889453067,131.004811510971,165.419089019868,194.266156728124,216.631351074795,199.945378985442,183.255995788637,174.804460985741,177.312084751901,179.083439805216,186.038952951424,189.463438179764,194.379263729041,200.679897485034,216.765739117821
"GCAM 8s","High - SSP3 (Marker)","North America (R10)","Capacity|Electricity|Biomass","GW",1,13.6417152033578,13.81770621029194,16.64768531085627,16.01440440102268,18.47174763915767,21.38190274591276,24.9873514057674,28.7528513788,42.49675970706289,44.45819677716246,47.6999008077803,54.51113988681948,57.70833581705011,62.6045842920271,69.7209693105233,74.0856440055633,78.99477417037859,89.516798122133
"GCAM 8s","High - SSP3 (Marker)","North America (R10)","Capacity|Electricity|Coal","GW",1,183.9913294993232,211.3680742068355,131.1088111047703,186.173239085078,191.5957911699044,192.801550402481,196.5252591174931,204.1331432852022,306.6594502854808,328.4442557128378,350.7597854084888,396.425877989014,423.3867013387106,453.8365948808314,520.8831929204499,554.582932076328,581.0620002114666,627.4950329222106
"GCAM 8s","High - SSP3 (Marker)","North America (R10)","Capacity|Electricity|Fossil","GW",1,705.8812499897092,719.8495234115782,664.5844264699931,704.6092972327094,724.1103062778983,746.152335768563,772.1364839293171,797.5239374247832,1067.757787683673,1114.830884170968,1181.756790712748,1203.981706096904,1266.376349904869,1303.952248881834,1424.874478553966,1448.172413506998,1473.639421473468,1448.94508266551
"GCAM 8s","High - SSP3 (Marker)","North America (R10)","Capacity|Electricity|Gas","GW",1,501.1966921001015,488.5468129760078,520.9817709973312,506.1254452638029,516.4987825854435,535.85793363481,556.0213765840621,571.632882485224,725.7282332742884,755.441248304672,799.2347575424639,775.3692847321431,812.6322845254606,820.1828574377862,870.0283695259174,863.6923111357443,862.9546243566267,792.5337312670465
"GCAM 8s","High - SSP3 (Marker)","North America (R10)","Capacity|Electricity|Geothermal","GW",1,3.11682313270008,3.15736822750493,11.29639302625523,12.40730263793348,15.4792256003614,20.01237089915129,24.89287406991634,29.85979311111578,35.76268106274483,39.61192460403217,41.51270566453134,44.22226600855652,44.15234077473332,44.50052902280643,42.61315321300962,42.87397088278713,43.86423795077743,47.05742080090502
"GCAM 8s","High - SSP3 (Marker)","North America (R10)","Capacity|Electricity|Hydro","GW",1,212.7465038555831,200.9318933813571,210.4270237630757,212.7035180293597,214.9791350338857,217.2556293001697,219.5321235664547,221.8086178327397,224.0842348372647,226.3607291035487,228.6372233698337,230.9128403743587,233.1893346406437,235.4658289069287,237.7423231732127,240.0179401777377,242.2944344440227,244.5709287103077
"GCAM 8s","High - SSP3 (Marker)","North America (R10)","Capacity|Electricity|Nuclear","GW",1,137.0217262277289,134.4627342279062,130.6928241469489,126.2123789285932,123.7218691028484,120.6520805679098,115.4279186325401,108.6986545503759,123.8724661438244,119.2598919336669,115.9366836865069,119.0961291469565,120.2424883836912,123.3022829215677,131.2602161304574,135.971026492459,135.8994366250623,138.1741185500148
"GCAM 8s","High - SSP3 (Marker)","North America (R10)","Capacity|Electricity|Oil","GW",1,20.69322839028407,19.93463622873512,12.49384436789281,12.31061288382869,16.01573252254982,17.49285173127224,19.58984822776201,21.75791165435712,35.37010412390093,30.9453801534597,31.76224776179884,32.18654337575103,30.35736404069564,29.93279656321747,33.96291610760266,29.89717029492813,29.62279690537261,28.91631847625585
"GCAM 8s","High - SSP3 (Marker)","North America (R10)","Capacity|Electricity|Other","GW",1,0,0,0,0,0,0,0,0,0,0,0,0,0,0,0,0,0,0
"GCAM 8s","High - SSP3 (Marker)","North America (R10)","Capacity|Electricity|Solar|CSP","GW",1,1.77999709847526,1.64642027417812,2.59058033898357,2.60543982490985,2.6408610036046,2.68637200107505,2.7313753008838,2.77642870740161,0.297539464767611,0.320608385935067,0.318651743853671,0.319855406013424,0.301019532611252,0.280609236822065,0.219033720968777,0.204540506498206,0.19508379302157,0.194607936226273
"GCAM 8s","High - SSP3 (Marker)","North America (R10)","Capacity|Electricity|Solar|PV","GW",1,98.13050963220142,125.3651379833096,631.6081837632806,819.5803941312718,1125.54779483849,1426.40618857003,1699.185625660665,1958.483667005184,2084.775392192688,2259.198348827947,2369.690261012172,2480.04628316953,2521.443519298741,2586.115545170293,2517.391660311086,2553.726778779797,2598.976417117344,2680.922616882367
"GCAM 8s","High - SSP3 (Marker)","North America (R10)","Capacity|Electricity|Wind|Offshore","GW",1,0,0,4.37128845134708,6.5269859861907,11.6078182118938,19.88265392629909,29.61446901004393,35.6739634275674,53.56289667768201,55.2347678861652,52.7252586238283,51.094749824571,45.9269777122447,31.6443341695048,35.3991387931394,34.3349928291552,30.8648859528758,33.5143354785067
"GCAM 8s","High - SSP3 (Marker)","North America (R10)","Capacity|Electricity|Wind|Onshore","GW",1,148.8224520130828,164.5760777100748,452.5434734052146,490.5558173591296,551.9588331525574,618.7553246353325,676.6993357745441,724.937163458549,524.4186687539407,573.062068456211,593.9059525111356,646.9051637138907,668.6834828211214,699.3271217866311,642.9030949467353,644.484187200886,647.9954928737222,676.7824435632415
"GCAM 8s","High - SSP3 (Marker)","Pacific OECD (R10)","Capacity|Electricity|Biomass","GW",1,16.25700864869609,18.6851822040289,18.47341354368764,17.60808695940652,16.44514220660651,15.76403451165284,16.9008280566897,15.36496066407363,14.93332065823519,12.99212093929187,11.6129740191661,11.35798639383676,10.98688925022184,10.62201694967595,10.2997481453142,11.01119462275867,11.43639022769946,12.09651629463615
"GCAM 8s","High - SSP3 (Marker)","Pacific OECD (R10)","Capacity|Electricity|Coal","GW",1,95.2919899430523,96.6349735031049,85.6278607066986,94.4852141027811,93.455263611551,95.4489480934661,115.1715397178011,117.7743712999989,142.4360998041524,145.1018391194552,145.7188153373791,155.5711730666166,165.0496274398496,169.5956131422669,176.4985420180398,186.5410172194959,189.8405295765624,197.7566346202729
"GCAM 8s","High - SSP3 (Marker)","Pacific OECD (R10)","Capacity|Electricity|Fossil","GW",1,251.7596610752984,245.2242249376331,213.0468986474243,210.8130676613267,199.9405087473568,194.7818250404533,232.9760475586893,228.7069132664028,266.5356304211037,265.0358393700995,262.4586155803649,259.040354947728,273.3448703104476,276.7410580082583,286.783040515898,275.907795074853,270.556190571848,262.812524008994
"GCAM 8s","High - SSP3 (Marker)","Pacific OECD (R10)","Capacity|Electricity|Gas","GW",1,135.3246247245107,122.759293072558,114.3595574986664,105.0990920468075,95.13842009035301,88.4688954326162,101.8654296990988,98.0331150730147,109.3679575342794,107.7053716248916,105.6307821695712,92.553044128309,97.74405015728,98.0210551111701,100.4309068098992,81.6259843348185,74.34948108143,60.8818039942679
"GCAM 8s","High - SSP3 (Marker)","Pacific OECD (R10)","Capacity|Electricity|Geothermal","GW",1,1.859902206395949,1.886943610027104,3.053314249846307,3.32779183669508,3.803125315632745,4.76739217594697,6.66877143803515,7.729266077983191,8.16211289578711,9.09323953670992,9.660834652992811,10.22741711286272,9.945057116722609,9.89697716044381,9.24156106833539,9.44533160238263,9.54883191755562,10.24063765669495
"GCAM 8s","High - SSP3 (Marker)","Pacific OECD (R10)","Capacity|Electricity|Hydro","GW",1,37.2145842845255,37.1985303943239,37.8793732459861,38.4709985766923,39.1423670013504,40.434222668607,41.2857806586966,42.1374263749622,42.9889843650518,43.8406300813174,44.692188071407,45.5438337876726,46.3953917777622,47.2470374940278,48.0985954841175,48.9501534742071,49.8017114642967,50.6533571805622
"GCAM 8s","High - SSP3 (Marker)","Pacific OECD (R10)","Capacity|Electricity|Nuclear","GW",1,5.76296591461162,10.5296703587401,31.8241419074957,43.05872555142204,57.80393960036485,61.57040974390375,15.08613351565375,15.92954319014969,19.1341119653042,19.34448133784748,19.07915470157879,20.09529337278011,21.06463771514622,21.22448117398814,21.87302151265155,22.89535179916781,23.15589855589208,23.09004028329532
"GCAM 8s","High - SSP3 (Marker)","Pacific OECD (R10)","Capacity|Electricity|Oil","GW",1,21.14304640773562,25.82995836196976,13.05948044205843,11.22876151173844,11.34682504545221,10.86398151437095,15.93907814178976,12.89942689338874,14.7315730826722,12.22862862575285,11.10901807341423,10.91613775280273,10.55119271331806,9.124389754820998,9.85359168795927,7.740793520539328,6.36617991385565,4.174085394453015
"GCAM 8s","High - SSP3 (Marker)","Pacific OECD (R10)","Capacity|Electricity|Other","GW",1,0,0,0,0,0,0,0,0,0,0,0,0,0,0,0,0,0,0
"GCAM 8s","High - SSP3 (Marker)","Pacific OECD (R10)","Capacity|Electricity|Solar|CSP","GW",1,0.003116475165799,0.002596869312021,0.020393797973625,0.021709477880108,0.023713014359238,0.02606591744543,0.028346544705349,0.030400427424859,0.014194171074402,0.014553667564616,0.014032164652625,0.013167388472769,0.011964241283271,0.010850208213103,0.008394235521897001,0.007579250747548001,0.007045342866052001,0.006900614043656001
"GCAM 8s","High - SSP3 (Marker)","Pacific OECD (R10)","Capacity|Electricity|Solar|PV","GW",1,81.5280886019487,92.69604148029671,169.4855618777781,211.0393289976335,270.100890483604,332.586391906158,415.842450133181,460.863969571545,454.570538702731,480.888436321133,496.836653876016,505.057415432963,482.623851710094,478.370762494218,455.422281535466,457.408016700311,456.845889544225,457.177974951197
"GCAM 8s","High - SSP3 (Marker)","Pacific OECD (R10)","Capacity|Electricity|Wind|Offshore","GW",1,0,0,0.771981086510215,1.512357153941329,2.912913949183941,5.009986892628505,8.48745097880717,10.06899973583009,13.7000838974593,13.94744489939833,13.25416252960115,11.57211056295519,10.65131304595785,7.50942706873851,8.196801774158219,8.00248056251443,7.31102840816196,7.576207652826008
"GCAM 8s","High - SSP3 (Marker)","Pacific OECD (R10)","Capacity|Electricity|Wind|Onshore","GW",1,12.48318167329392,14.42753240554955,38.0840118945128,41.5020093879874,45.4915537524152,56.5804075578481,84.0797347657291,93.20960449745209,77.8060162542851,82.45409858091409,84.3168858928857,84.5059099516813,68.3538009483072,64.959223744773,58.6096257746356,60.33460289318229,59.3745883188277,61.55125669876161
"GCAM 8s","High - SSP3 (Marker)","Reforming Economies (R10)","Capacity|Electricity|Biomass","GW",1,0.06991875701253901,0.06782213421175701,0.5906711911669831,0.8147093757487821,1.251425780180262,2.223938413063442,3.419461795259413,4.47316297177369,6.237433916663059,7.32785308118742,8.69345349463515,11.86814282912806,13.53361983540398,15.4725184939294,19.01434762501885,22.46128654240466,26.2412794404387,32.04180436095187
"GCAM 8s","High - SSP3 (Marker)","Reforming Economies (R10)","Capacity|Electricity|Coal","GW",1,51.5391351973818,50.6265769442018,63.98541228801101,68.9479035878166,73.632199112637,82.8904213245037,91.83045354994431,97.9987236584964,111.0963564810046,119.8110017584382,128.6969220372392,148.5404513455357,161.2487626222725,173.6995843761297,177.0716148404075,191.6208218018109,205.6320360526757,225.50548765398
"GCAM 8s","High - SSP3 (Marker)","Reforming Economies (R10)","Capacity|Electricity|Fossil","GW",1,227.6138806625808,246.6126528297266,256.3903694882865,275.5039782325058,298.570135843614,332.0379378880408,377.261403868496,413.247184516275,482.211771513332,529.480249278016,568.830952364118,582.636342241049,613.166932577703,630.184818306328,638.123293088134,639.35807924605,641.954382646149,648.074894746145
"GCAM 8s","High - SSP3 (Marker)","Reforming Economies (R10)","Capacity|Electricity|Gas","GW",1,172.4886762186602,189.0183112810944,186.6987844173259,201.0217243241015,219.1534850180819,243.1221055947351,279.2028556120882,309.6520603193181,365.5415036160721,404.311333564302,434.830213069879,428.47502393974,446.784213830215,451.440712309636,455.4341807014659,442.016690216791,430.183744166546,415.676183222556
"GCAM 8s","High - SSP3 (Marker)","Reforming Economies (R10)","Capacity|Electricity|Geothermal","GW",1,0.06968363473209101,0.071168479869762,2.174741418208612,3.125245163033379,4.43993294191024,6.70934501482325,8.96894576801796,10.72746439205911,11.474104710103,12.38889696053193,12.97542943790571,14.12509685931665,14.0820150789231,14.34992940207702,15.0604053754817,15.87279007328345,16.72268023910074,17.64005184317907
"GCAM 8s","High - SSP3 (Marker)","Reforming Economies (R10)","Capacity|Electricity|Hydro","GW",1,85.43432961765009,86.5381880898143,90.4354234570475,95.3079107224804,100.1803102617374,105.0527098009944,109.9251093402514,114.7975088795084,119.6701715972933,124.5423956841983,129.4147074972793,134.2869315841845,139.1600329328488,144.0323447459299,148.904568832835,153.7768806459161,158.6491047328213,163.5213288197264
"GCAM 8s","High - SSP3 (Marker)","Reforming Economies (R10)","Capacity|Electricity|Nuclear","GW",1,32.49626810760386,33.51558739031501,33.86689364554972,35.26373055443969,38.66760122953051,44.1514387736696,48.36570060294384,50.14514129404083,54.5313185744966,56.38788245668511,58.3167937562515,64.51361046040381,67.966231343646,71.3221740519437,75.18657606786749,78.1616565621525,78.4542262416325,78.62730755650949
"GCAM 8s","High - SSP3 (Marker)","Reforming Economies (R10)","Capacity|Electricity|Oil","GW",1,3.586069246538743,6.96776460442995,5.70617278295007,5.53435032058775,5.784451712894811,6.02541096880174,6.228094706463169,5.596400538460051,5.57391141625588,5.357913955275031,5.30381725700047,5.62086695577296,5.1339561252154,5.04452162056264,5.61749754626043,5.72056722744785,6.13860242692698,6.893223869611081
"GCAM 8s","High - SSP3 (Marker)","Reforming Economies (R10)","Capacity|Electricity|Other","GW",1,0,0,0,0,0,0,0,0,0,0,0,0,0,0,0,0,0,0
"GCAM 8s","High - SSP3 (Marker)","Reforming Economies (R10)","Capacity|Electricity|Solar|CSP","GW",1,0,0,0.063394029406399,0.074431888869789,0.08416180902339901,0.095547077144774,0.104416452513089,0.111732489697487,0.057105719812702,0.053420883466793,0.050119002044851,0.047505416345459,0.04488342396583,0.04318381492055701,0.041940773847873,0.04255492058180901,0.044846065038328,0.04779519631690701
"GCAM 8s","High - SSP3 (Marker)","Reforming Economies (R10)","Capacity|Electricity|Solar|PV","GW",1,3.09941519989282,3.5521926916845,89.00882980675951,159.711090038278,247.549248514888,357.4903477158661,456.755519886518,539.82142443073,575.283945658383,618.646954236228,669.230151958869,729.63258999108,752.915011610618,790.3552406003901,830.6417768011929,877.9843896878269,926.859231991924,963.381220930295
"GCAM 8s","High - SSP3 (Marker)","Reforming Economies (R10)","Capacity|Electricity|Wind|Offshore","GW",1,0,0,0.7784237660967901,1.549385126126239,2.906814163860368,5.850289908225079,9.170875311059865,10.98412623146404,13.12187833110885,13.38542513023194,11.92498184742929,11.49952492895632,10.46111019568383,8.90291925426084,9.62787016804639,10.04503280237096,9.08934031252669,10.51731835528439
"GCAM 8s","High - SSP3 (Marker)","Reforming Economies (R10)","Capacity|Electricity|Wind|Onshore","GW",1,1.1568292915497,2.291523453673042,76.1670644094912,108.0558443732471,136.0052895942637,172.4996548460052,202.572168088336,222.5740250504702,179.2160570453158,171.9219601434537,168.6576873288991,178.2654224598068,178.4374228209409,185.9071361564119,198.3646810137011,211.8242646766687,224.1254241381062,232.6783894393633
"GCAM 8s","High - SSP3 (Marker)","Rest of Asia (R10)","Capacity|Electricity|Biomass","GW",1,11.47736123926084,12.86732789331696,11.95665836017093,15.66796243787338,18.92151284385101,22.43853369379747,26.27947452144427,29.60507324107592,34.63071012486785,39.05698154575796,42.35802571026505,47.12065816220946,50.60107378434465,53.97788344420745,58.2160704011766,62.86028458830023,67.54207054813428,73.11999710548376
"GCAM 8s","High - SSP3 (Marker)","Rest of Asia (R10)","Capacity|Electricity|Coal","GW",1,134.8100903838939,136.1932652625469,170.7295723978452,208.6064121624354,246.130639002484,291.5025764260088,338.9657845055882,382.4528446313616,460.0918407492559,541.0352928061794,606.8744904552794,685.9593381846978,758.7424892443673,826.3529677756267,875.9218805660755,930.1668592760402,976.7253395838778,1035.027866414242
"GCAM 8s","High - SSP3 (Marker)","Rest of Asia (R10)","Capacity|Electricity|Fossil","GW",1,336.2365917911422,347.1128721191888,390.5756697317606,463.8767953333209,530.1268658068207,604.6260412132965,685.8414270333159,747.263918410008,845.8335174179509,970.9540046139109,1061.837171912809,1136.046607965282,1207.855530846532,1266.402461002755,1317.849811821868,1369.643385367709,1413.440100499149,1459.535468381602
"GCAM 8s","High - SSP3 (Marker)","Rest of Asia (R10)","Capacity|Electricity|Gas","GW",1,167.7753315541933,171.516379759566,188.4939046862681,212.7633290245068,228.3664071890575,241.7099912740678,260.4657197001075,273.4701843381061,289.709673009875,321.5505588490599,343.1323439311425,338.2244079236981,342.5721672724482,342.7386925552284,350.8964533611356,357.2100285410829,363.0667843001774,369.8770168678059
"GCAM 8s","High - SSP3 (Marker)","Rest of Asia (R10)","Capacity|Electricity|Geothermal","GW",1,4.422088260483012,4.470534211346116,8.10405131586391,11.56066667609884,15.1836135986339,19.38890742533249,23.45024576077148,26.98820271223363,27.01195058439141,30.2184872146374,31.93544400860494,33.65187661803868,34.63780311447372,35.3594152366223,35.86372808770455,36.23289008412799,36.95094873332782,38.00846697434068
"GCAM 8s","High - SSP3 (Marker)","Rest of Asia (R10)","Capacity|Electricity|Hydro","GW",1,79.97954231401617,88.649809780991,82.00607838712452,86.68526102381918,91.36418048198604,96.0433631186807,100.7224580291995,105.4016406658941,110.2561879283424,113.3562993976718,116.4563231408254,119.556434610155,122.6564583533085,125.7563943702861,128.8565058396158,131.9564418565936,135.0565533259229,138.1565770690767
"GCAM 8s","High - SSP3 (Marker)","Rest of Asia (R10)","Capacity|Electricity|Nuclear","GW",1,6.06608890798495,6.41529307368231,6.235427332975309,6.01627029797202,5.73766210659346,5.417582556166289,5.038667548570729,4.50865875739126,4.0782696259886,3.816319086163705,3.619888194140478,3.712225946817777,3.923754842437308,4.208629687674963,4.495748250415392,5.078375710344309,5.613842042784057,6.289981591487694
"GCAM 8s","High - SSP3 (Marker)","Rest of Asia (R10)","Capacity|Electricity|Oil","GW",1,33.65116985305543,39.40322709707578,31.35219264764702,42.5070541463786,55.62981961528006,71.41347351321922,86.40992282761981,91.34088944053968,96.03200365882036,108.3681529586725,111.8303375263884,111.8628618568868,106.5408743297172,97.31080067190035,91.03147789465808,82.26649755058705,73.64797661509428,54.63058509955388
"GCAM 8s","High - SSP3 (Marker)","Rest of Asia (R10)","Capacity|Electricity|Other","GW",1,0,0,0,0,0,0,0,0,0,0,0,0,0,0,0,0,0,0
"GCAM 8s","High - SSP3 (Marker)","Rest of Asia (R10)","Capacity|Electricity|Solar|CSP","GW",1,0,0,0.435816749515313,0.549513288670459,0.6591379406701801,0.7750904036012881,0.8774155599870751,0.9672607278462211,0.6449360790708041,0.630634322351526,0.5962500627342671,0.557352339340176,0.516711760219692,0.477884473131967,0.438228348504434,0.407351494371455,0.397251873618335,0.3991493671441501
"GCAM 8s","High - SSP3 (Marker)","Rest of Asia (R10)","Capacity|Electricity|Solar|PV","GW",1,21.83586444944388,39.03865159041647,262.8858668736987,599.6451698273505,920.073804722408,1221.522033609129,1495.350270885766,1732.34334078608,1860.192201661878,2002.024019226531,2148.681235496633,2289.321902956498,2414.980039075336,2542.892310590471,2657.006972873122,2751.255446832382,2850.552994164319,2948.050493668567
"GCAM 8s","High - SSP3 (Marker)","Rest of Asia (R10)","Capacity|Electricity|Wind|Offshore","GW",1,0,0,1.116702433761339,6.378281709361627,13.41024370124535,22.08543786725608,31.24220379082584,38.95164412116345,46.19394972941033,49.32544244334163,48.36926835185113,47.36279273162482,45.19642921310835,38.63140776552546,37.10295452528353,37.09154570427184,36.03375967600581,37.76488488957417
"GCAM 8s","High - SSP3 (Marker)","Rest of Asia (R10)","Capacity|Electricity|Wind|Onshore","GW",1,4.465779331523203,5.777914725792082,81.21014912854118,179.1783591803571,249.313325016263,312.6798176942027,366.641410710788,408.2490783079454,389.5650738633804,374.3695370806764,380.9221409726299,407.6532769944245,439.8606085289118,475.3107115277352,509.7227835413823,524.3278345583847,539.5845909291297,558.505107614509
"GCAM 8s","High - SSP3 (Marker)","World","Capacity|Electricity|Biomass","GW",1,146.691498768632,165.400157136123,147.809598346045,161.957847198089,176.381524442381,192.038862135179,210.484528624112,222.275835919025,273.128146845431,285.060203668832,301.601630679048,332.484611935243,349.99192266786,372.812675011832,417.200365131303,448.56303790815,480.788434616951,533.843094686279
"GCAM 8s","High - SSP3 (Marker)","World","Capacity|Electricity|Coal","GW",1,1949.70759635367,2109.60107361289,2211.99194371678,2521.45837683417,2696.97514063599,2863.4042516295,3012.07112969329,3121.74865737367,3814.84723831255,4158.30504579496,4418.96118311001,4753.48084765857,5025.11012863033,5283.98752186869,5548.92288000878,5749.18866429301,5906.74862314166,6170.51273486953
"GCAM 8s","High - SSP3 (Marker)","World","Capacity|Electricity|Fossil","GW",1,4461.57187470998,4719.26008186311,4762.09965133946,5144.89989488057,5470.88099722804,5818.48172884772,6222.27863444007,6528.39105253581,7978.57461471442,8696.65756276708,9290.90251359465,9683.33972032562,10166.364408492,10522.1831038629,11060.4678730902,11304.7331228726,11527.4148364184,11612.0833357007
"GCAM 8s","High - SSP3 (Marker)","World","Capacity|Electricity|Gas","GW",1,2139.69313571627,2203.65841853964,2218.86041348966,2275.68328612378,2376.67699258764,2507.8511462572,2712.74194001735,2902.9275134831,3590.26246593012,3941.1760760241,4255.80439440407,4311.64580295549,4537.55331434852,4650.90186728445,4916.66426381594,4971.55083507844,5036.2160267154,4995.20540309543
"GCAM 8s","High - SSP3 (Marker)","World","Capacity|Electricity|Geothermal","GW",1,15.7715367443966,15.800007861675,47.5410616232627,64.0152696128175,83.7334745950927,107.753117957793,132.507586692302,153.28783415558,172.421476378178,188.378747193034,198.183528338119,209.62208094113,212.801126734329,216.098056561094,214.490339223956,217.230904535014,221.709234902205,233.917058731233
"GCAM 8s","High - SSP3 (Marker)","World","Capacity|Electricity|Hydro","GW",1,1371.77256430835,1355.4,1454.46783707909,1530.3674893549,1593.04909656602,1651.08891880925,1706.49486789055,1761.90121173965,1815.03458791473,1858.10187666445,1891.80431717638,1925.50699454898,1959.21161944268,1992.91404240937,2026.61707068668,2060.31852866543,2094.02253070329,2127.72504139615
"GCAM 8s","High - SSP3 (Marker)","World","Capacity|Electricity|Nuclear","GW",1,398.045156414214,417.600243602185,445.134737308739,461.576083681595,486.256960554337,499.716448344773,453.433721424723,446.157124681133,522.740755690882,531.698972634033,533.744309062528,552.034063983095,561.708395897145,573.248569012246,595.022824940951,604.434410247045,596.580484486787,594.256112232565
"GCAM 8s","High - SSP3 (Marker)","World","Capacity|Electricity|Oil","GW",1,372.171142640049,406.000589710579,331.247294133021,347.758231922618,397.228864004405,447.226330961016,497.465564729429,503.714881679046,573.464910471737,597.176440948019,616.136936080569,618.21306971156,603.700965513123,587.293714709716,594.880729265446,583.993623501171,584.450186561334,446.365197735697
"GCAM 8s","High - SSP3 (Marker)","World","Capacity|Electricity|Other","GW",1,0,0,0,0,0,0,0,0,0,0,0,0,0,0,0,0,0,0
"GCAM 8s","High - SSP3 (Marker)","World","Capacity|Electricity|Solar|CSP","GW",1,7.25970854599154,7.60000273542068,12.8820600294231,13.4049305016508,13.9597454188838,14.5821771839109,15.157870264435,15.6841185731474,3.72369417506978,3.75839698686299,3.64559039305702,3.47637076323605,3.24434979990028,3.01542742797152,2.58685141305015,2.41955834721244,2.36010408977883,2.42136788910112
"GCAM 8s","High - SSP3 (Marker)","World","Capacity|Electricity|Solar|PV","GW",1,671.309603615185,829.6,3689.40793945558,6611.29112977315,9493.20438855183,12127.5832729036,14418.3865092961,16410.2659273988,17461.3256256018,18418.3332235634,19414.3312537409,20318.995005249,20936.7651007903,21658.2997656994,21938.7298784583,22533.6748703025,23210.1681495554,24086.930348539
"GCAM 8s","High - SSP3 (Marker)","World","Capacity|Electricity|Wind|Offshore","GW",1,0,0,23.8686977562839,59.3918344311219,112.080849872294,184.055501232962,265.146635484018,320.996619105694,419.800362097036,444.174389293683,438.237764110075,434.119217187524,419.161277400045,348.91786228879,367.243101321363,374.828285173161,369.542535152965,400.054977453718
"GCAM 8s","High - SSP3 (Marker)","World","Capacity|Electricity|Wind|Onshore","GW",1,630.851377212622,734.6,1922.95551582433,2662.72031304562,3238.10943029543,3789.28518759502,4271.93260790334,4648.11625864533,3908.18698104973,3893.56601112225,3963.06003624735,4184.62144503191,4348.43657299086,4562.84247893722,4560.52883152778,4653.80258749078,4764.56552394307,5029.03065797797
"GCAM 8s","High - SSP5","Africa (R10)","Capacity|Electricity|Biomass","GW",1,0.532771673420121,0.493553609472383,0.663469667705197,1.624620189549747,3.333409736168951,6.464893404139,12.07114332142945,20.17617182977543,30.79048013291071,45.07664769793423,64.42594583307783,82.63840573814147,104.9431484923791,133.4669035369533,169.3741755630019,211.5353043113704,258.3707592437366,314.1301160077834
"GCAM 8s","High - SSP5","Africa (R10)","Capacity|Electricity|Coal","GW",1,51.1857196852072,51.24499160392423,49.82059734731995,58.10442485858377,69.26567132774457,86.9969997374954,112.8657154293596,145.1216876469086,190.3641498307024,243.8881473710759,310.7732164799269,389.3925441254541,474.4070725927143,561.3398442972343,647.2290837247275,735.7308746280714,819.8225695353742,906.7958983983006
"GCAM 8s","High - SSP5","Africa (R10)","Capacity|Electricity|Fossil","GW",1,177.7224984079728,193.0369964126653,194.592139222626,244.6598289733014,325.9590917816323,460.2087036476838,664.5527530591166,925.2529149091729,1263.107316871305,1650.905385529423,2140.536751924946,2694.867650865287,3293.26307560612,3898.78571444842,4507.572732026214,5092.298732087608,5624.338215399354,6020.524189963889
"GCAM 8s","High - SSP5","Africa (R10)","Capacity|Electricity|Gas","GW",1,103.2620379473697,109.4133073970553,119.1718290046781,150.7978301080068,200.0729465104648,278.6498035720835,399.2783459270228,557.1430452695691,766.5822522111126,1007.253493197799,1312.443530454631,1668.024528708158,2088.270833340649,2530.021103160919,2973.504648500008,3408.687548785983,3817.168971396372,4295.718187219923
"GCAM 8s","High - SSP5","Africa (R10)","Capacity|Electricity|Geothermal","GW",1,0.837604925878709,0.83356926602842,2.384315388732222,5.112758996538813,9.307542527806419,14.52233965779126,19.942519551999,24.73182815670963,28.56696839456591,31.39559724984137,33.8358260942859,35.83540394740822,37.28304049176006,38.59839508207083,39.86834912263138,40.89815495016157,41.44500816311505,41.90040626265237
"GCAM 8s","High - SSP5","Africa (R10)","Capacity|Electricity|Hydro","GW",1,45.30649061859999,46.79928309190394,53.4462164911929,61.48600470412688,69.52570519088485,77.56548463120122,85.60518511795911,93.64488560471696,101.684586091475,109.6013646604712,117.5095460642228,125.4175344703873,133.3257860550797,141.2339499135962,149.1420260459366,157.0502776306289,164.9583537629693,172.8665176214859
"GCAM 8s","High - SSP5","Africa (R10)","Capacity|Electricity|Nuclear","GW",1,1.4727160856598,1.83735240588694,1.78583989476077,2.710970652030024,5.523857542618818,10.42953636599101,18.47504519186066,29.96594181929156,45.47634267840733,64.46691305703176,88.0158862433205,116.6363477915405,148.4738434235473,182.6317908668821,219.721579582506,258.2402159228828,295.1529062107253,332.4800203568837
"GCAM 8s","High - SSP5","Africa (R10)","Capacity|Electricity|Oil","GW",1,23.2747407753959,32.37869741168555,25.59971287062834,35.75757400671039,56.62047394342368,94.5619003381042,152.4086917027339,222.9881819926949,306.1609148294895,399.7637449605471,517.3200049903897,637.4505780316754,730.585169672757,807.4247669902626,886.8389998014694,947.880308673556,987.346674467596,818.0101043456672
"GCAM 8s","High - SSP5","Africa (R10)","Capacity|Electricity|Other","GW",1,0,0,0,0,0,0,0,0,0,0,0,0,0,0,0,0,0,0
"GCAM 8s","High - SSP5","Africa (R10)","Capacity|Electricity|Solar|CSP","GW",1,1.429866137191965,1.525940574834752,1.577999598585383,1.82846640599921,2.095832621881519,2.599975062178909,3.423437503251057,4.569167620276394,4.583077380324625,6.371956024276983,8.733780654202324,11.47681373327257,14.34348276329826,17.2426401969331,20.09303112930129,22.82369383974818,25.01647154412725,26.81240040456614
"GCAM 8s","High - SSP5","Africa (R10)","Capacity|Electricity|Solar|PV","GW",1,10.32611240693181,11.62745096989259,143.8896255392626,391.4803743243014,769.5777070620785,1332.045819645679,2131.385869829874,3145.288584149531,4377.382598271153,5789.726703031321,7429.59142433506,9242.781111709588,11081.41364707989,12900.82269781897,14616.5717712003,16186.44374660809,17440.67229677937,18382.12665031911
"GCAM 8s","High - SSP5","Africa (R10)","Capacity|Electricity|Wind|Offshore","GW",1,0,0,1.116842005679757,9.026340794963344,28.70207886449149,61.8383515872321,109.2836253612991,165.6114385052731,223.0667254595262,274.8432284818983,321.2860843493395,362.1874610434444,394.6711658399674,419.6668001154242,441.2806424819914,455.8397005995844,460.3787947109175,465.7948621638466
"GCAM 8s","High - SSP5","Africa (R10)","Capacity|Electricity|Wind|Onshore","GW",1,7.708193544962517,9.20481212864006,42.28835143826903,109.9523256109592,234.0151376970712,407.0038031213158,645.3707005775475,937.0948644415188,1285.49292620497,1687.264259095314,2129.682345174711,2620.60149747085,3104.856460024263,3566.566751768125,3974.524280443791,4334.823808655965,4590.86558490122,4786.720441363834
"GCAM 8s","High - SSP5","China+ (R10)","Capacity|Electricity|Biomass","GW",1,52.07485679910261,62.07272683959793,50.72569786241976,50.0191931944555,47.71984517861239,51.21460957193239,58.89155412935001,65.58042640961915,75.66933184624877,74.66883440485579,83.90607970306549,91.51137065041135,97.2962726539587,101.2343501557845,112.2852064002101,112.3899213327373,117.0270711521648,120.8020189098172
"GCAM 8s","High - SSP5","China+ (R10)","Capacity|Electricity|Coal","GW",1,1067.09461448584,1169.384602996219,1249.605304850164,1373.26446071735,1467.083178146603,1534.012564074991,1572.260324407916,1566.302358763911,1676.524672979152,1660.853272847758,1718.775821330737,1768.915760606734,1799.756955262688,1813.439008186157,1748.783053883713,1636.441320280168,1550.426582517751,1456.25976031746
"GCAM 8s","High - SSP5","China+ (R10)","Capacity|Electricity|Fossil","GW",1,1201.082580449738,1322.388573839342,1394.184022462995,1524.440696708017,1621.322419790487,1694.758931487463,1746.410881994609,1753.273090684499,1898.860444792047,1897.585329664883,1984.036765122574,2034.128883820846,2068.008387515289,2075.732973403862,2035.255283492209,1922.123310911469,1853.749390445203,1760.203918316517
"GCAM 8s","High - SSP5","China+ (R10)","Capacity|Electricity|Gas","GW",1,125.2203740139552,144.0630938998414,137.2849127281453,144.6233223068598,147.8058307878481,154.0385345907399,166.98457266314,179.8720529442971,214.1763523858621,229.1488294268337,256.8063556507645,257.2805620946377,260.782775526842,255.4622835558743,279.0586041133225,279.051928420521,296.8010043170139,298.1583351402572
"GCAM 8s","High - SSP5","China+ (R10)","Capacity|Electricity|Geothermal","GW",1,0.02167321285012,0.021550000633228,4.02166300974283,7.76155700222525,9.69931019926293,12.2248338563955,14.9071852545289,17.1395474374321,20.5389763034619,18.3690862692831,20.3840435424765,20.1802300830314,19.2100897607166,17.8969539666703,20.6691168546138,18.2190604078721,18.859460270265,18.4873106342327
"GCAM 8s","High - SSP5","China+ (R10)","Capacity|Electricity|Hydro","GW",1,418.8611193510551,411.7275425358363,448.7254256204933,466.5374361145481,484.3494553812204,502.1614658752752,519.9734763693289,537.7854868633835,555.597506130056,565.2194008360437,565.4861761371525,565.7529514382612,566.0197355119875,566.2865108130962,566.553286114205,566.8200614153137,567.0868454890401,567.3536207901489
"GCAM 8s","High - SSP5","China+ (R10)","Capacity|Electricity|Nuclear","GW",1,78.2900073137271,84.1038377340829,90.736962357426,108.8146008869738,133.1163083127086,158.6361369114445,186.2102991750392,210.6336731047673,262.9678755450526,282.8985628330682,317.5891810700025,347.6964392108048,368.5570003603896,380.5831462880105,406.6799444382923,402.1044452412668,397.0306909149989,387.0317535554681
"GCAM 8s","High - SSP5","China+ (R10)","Capacity|Electricity|Oil","GW",1,8.767591949940929,8.94087694327269,7.2938048846919,6.55291368380971,6.43341085603317,6.70783282173375,7.165984923553809,7.0986789762912,8.15941942702973,7.58322739028435,8.4545881410736,7.932561119469749,7.468656725764331,6.831681661830512,7.41362549517702,6.630062210784103,6.521803610435595,5.785822858803879
"GCAM 8s","High - SSP5","China+ (R10)","Capacity|Electricity|Other","GW",1,0,0,0,0,0,0,0,0,0,0,0,0,0,0,0,0,0,0
"GCAM 8s","High - SSP5","China+ (R10)","Capacity|Electricity|Solar|CSP","GW",1,0.908402044050391,1.04136137886965,1.832218028887662,3.656645995804825,4.693087344562924,5.979280178651083,7.548412333954094,9.13141743051966,10.33180697063604,9.93503431669238,10.99747580029715,11.48677041545488,11.14970562308876,10.30714226246656,9.307412110912368,8.82494603275591,8.079281406633626,7.58990284911839
"GCAM 8s","High - SSP5","China+ (R10)","Capacity|Electricity|Solar|PV","GW",1,226.4505708414122,284.9590091892489,1002.447837022772,2507.505735735127,3961.879855135174,5298.899416658963,6481.451263056624,7387.307297033363,7996.523055726928,7546.863359445918,7460.993356588277,7259.555249396868,6962.912507645617,6661.688879612369,6367.403072557316,6110.529339927586,5755.986836250852,5453.468742299716
"GCAM 8s","High - SSP5","China+ (R10)","Capacity|Electricity|Wind|Offshore","GW",1,0,0,2.560225914244145,12.93151681414618,28.33993689325145,47.72794949273931,70.26722196864915,89.33716329363108,112.4717588016081,111.8286096185657,113.3189749143909,107.7453167686745,97.87295868968329,71.95577434973076,76.6240551235211,64.3943322244178,59.72974866040322,58.87416373757434
"GCAM 8s","High - SSP5","China+ (R10)","Capacity|Electricity|Wind|Onshore","GW",1,185.0963241318819,259.8479390243149,455.9435467424119,779.4622190060556,1160.700410608294,1486.312192711143,1770.543930292117,1984.200665535416,1993.637540684297,1889.052537441128,1836.058421951791,1781.874890218592,1691.965731279989,1594.00020019794,1464.63978012795,1390.990848343581,1280.521240936693,1210.280238707287
"GCAM 8s","High - SSP5","Europe (R10)","Capacity|Electricity|Biomass","GW",1,44.18632507472214,47.94976186780234,46.8993328037209,50.99796656387761,50.88797066235676,53.04240817279027,55.52591959483556,56.6882592859201,58.744338234558,56.66165553060201,59.75531697034588,63.63710708475136,66.25352833409087,70.10193641070869,71.76499495832297,74.24348440556959,77.72667402403539,81.47664878524466
"GCAM 8s","High - SSP5","Europe (R10)","Capacity|Electricity|Coal","GW",1,117.9367913210311,130.6445000782068,113.1436599152998,138.2039544143579,159.204828794431,178.7486095765758,195.5608082814771,207.1231692823741,238.5282675714828,247.5795751882933,266.503287567537,287.4977931079652,305.6105468146902,322.9132582618679,341.6989939396876,343.4717912457005,339.3051353772813,333.7797874864946
"GCAM 8s","High - SSP5","Europe (R10)","Capacity|Electricity|Fossil","GW",1,355.0630469693203,378.3249893672757,365.09934244421,422.5129051729205,527.623998358336,640.5377976757266,773.2501909159892,901.839174940553,1198.581194282346,1311.088923103423,1495.204677247258,1645.431284329629,1796.396735388435,1898.820369045198,2095.598460997384,2124.374090811992,2169.894994711492,2134.023940463365
"GCAM 8s","High - SSP5","Europe (R10)","Capacity|Electricity|Gas","GW",1,213.9765569875624,225.0131536367572,236.4461016324231,268.3663831605162,351.5988333822974,442.9752787885878,557.3832918387247,674.7047644497392,937.1155731237155,1043.392855997966,1206.583171366225,1337.165112551414,1470.926542987873,1556.86320031133,1734.165222975783,1763.578605312251,1813.554056227294,1785.5262241996
"GCAM 8s","High - SSP5","Europe (R10)","Capacity|Electricity|Geothermal","GW",1,3.758439474568955,3.82877685125602,11.55605644776321,15.28579640817946,19.67122412690156,23.70652224624099,27.00259614484063,29.24748555460644,29.61701386635537,28.9356491318536,29.72342082139003,30.16098118406314,29.95406097899791,29.98931382106732,30.08245626964104,29.62421097154579,29.77763025321368,29.94165553900401
"GCAM 8s","High - SSP5","Europe (R10)","Capacity|Electricity|Hydro","GW",1,207.054075113878,204.2146946121332,213.8111487270908,219.7895033941176,220.3666539057895,220.9437956448439,221.5209461565159,222.0980878955702,222.6751506810662,223.2522924201206,223.8294429317925,224.4065846708469,224.9837351825188,225.5608856941907,226.1379397070692,226.7150902187411,227.2922319577955,227.8693824694674
"GCAM 8s","High - SSP5","Europe (R10)","Capacity|Electricity|Nuclear","GW",1,124.0901370850516,132.1957741992408,135.6924863996219,139.3704609138775,151.7898031592511,165.1638584832297,175.4573525524072,180.8445583182305,201.4849441690049,202.5630387648672,213.3301648031708,227.0522833373988,239.8244961231894,252.7666508134856,262.3849268442248,266.9020071312667,263.0944307775695,256.953779721116
"GCAM 8s","High - SSP5","Europe (R10)","Capacity|Electricity|Oil","GW",1,23.14969866072698,22.6673356523117,15.50958089648698,15.9425675980469,16.82033618160827,18.81390931056313,20.30609079578635,20.01124120843909,22.93735358714799,20.1164919171634,22.11821831349302,20.76837867025089,19.85964558587436,19.04391047199718,19.73424408191722,17.32369425403392,17.03580310691531,14.71792877726888
"GCAM 8s","High - SSP5","Europe (R10)","Capacity|Electricity|Other","GW",1,0,0,0,0,0,0,0,0,0,0,0,0,0,0,0,0,0,0
"GCAM 8s","High - SSP5","Europe (R10)","Capacity|Electricity|Solar|CSP","GW",1,2.5929739344741,2.68822890009951,5.920156521706103,7.391558880658978,8.381622911519047,9.477993091827383,10.70373250847544,11.92443582236894,8.267130142153936,7.794197549952145,8.07978143821487,8.22937649628906,8.009675893442607,7.714759737265213,6.764207821393488,6.572570874338235,6.183917001304268,6.008566209373344
"GCAM 8s","High - SSP5","Europe (R10)","Capacity|Electricity|Solar|PV","GW",1,140.662876928567,158.2156365338788,525.5513821607155,889.4919368521837,1408.384335295969,1957.273214914846,2495.79857981376,2961.332485883045,3298.463078973159,3394.240806341135,3470.456026578465,3504.83263026713,3474.423961204739,3472.142739529046,3331.880663854911,3348.998525548212,3286.797710353208,3223.31836834838
"GCAM 8s","High - SSP5","Europe (R10)","Capacity|Electricity|Wind|Offshore","GW",1,0,0,9.97311629661622,20.54744499472448,41.75610294899539,67.76126489722736,97.6239041508056,117.6253856704231,151.2859549270958,148.7024877193949,146.8305149767812,141.2207792018843,131.5716211405925,107.5690889417414,116.0011500688411,106.9820515133408,98.93081941545512,97.38041086356449
"GCAM 8s","High - SSP5","Europe (R10)","Capacity|Electricity|Wind|Onshore","GW",1,202.4388874464432,197.0559054775005,413.7885908285032,538.103477631098,761.3087166762298,967.3851071209991,1162.23550158645,1323.274863355881,1332.348043862368,1384.483925696361,1402.832685170068,1431.10042450371,1435.14877220461,1449.088597237643,1322.799213485889,1317.944004768459,1274.089885853866,1259.009764582748
"GCAM 8s","High - SSP5","India+ (R10)","Capacity|Electricity|Biomass","GW",1,3.41719674010964,3.7570321298385,2.01173763742706,4.29352580247653,6.99227183380898,11.6505677239316,18.5254833597801,26.3525582881305,34.9067033139073,42.094689663962,52.7896270591445,64.4527671311758,76.008640291933,86.6453118432497,100.985746237587,114.324716095732,128.522710051236,143.448471594725
"GCAM 8s","High - SSP5","India+ (R10)","Capacity|Electricity|Coal","GW",1,228.017860916186,243.211015657514,315.0920117113,409.050372307537,509.089778439868,629.820824550711,760.944768211925,884.47191195236,1023.98738253181,1141.37950374725,1287.64889769965,1438.53851265888,1579.16191511103,1698.81105516995,1748.68385485599,1760.20704764576,1760.17042392502,1741.28871371481
"GCAM 8s","High - SSP5","India+ (R10)","Capacity|Electricity|Fossil","GW",1,251.129936405275,264.878157823299,337.744111387681,442.353266066747,557.936697219723,704.689735265658,871.749885246022,1037.02770985204,1228.92567016342,1394.00378354953,1603.37823780578,1812.75372523947,2013.15743701604,2187.14937086186,2306.5915659955,2373.46832886199,2435.60087374125,2468.93827674048
"GCAM 8s","High - SSP5","India+ (R10)","Capacity|Electricity|Gas","GW",1,20.3577488033136,19.020687103272,20.365085865818,28.0432644474318,39.6217614147055,59.2082209949178,86.6093745498075,120.715291037886,163.634543013223,203.87095319185,255.210043630454,303.694767155324,355.419615176351,404.291513961386,466.018574857736,516.822074851388,573.981040785342,643.235187078451
"GCAM 8s","High - SSP5","India+ (R10)","Capacity|Electricity|Geothermal","GW",1,0,0,1.4755374146929,3.51501402623129,5.07669984218422,7.45735358006719,9.77686974286239,11.5562064750603,13.0282053369707,13.3829055593945,14.6264822620915,15.2144572881532,15.2923780555252,15.0209251795887,15.7978381796215,15.7765278738112,16.1790508192742,16.7328435052437
"GCAM 8s","High - SSP5","India+ (R10)","Capacity|Electricity|Hydro","GW",1,50.8135451778738,51.3012149900618,56.1447526174264,64.9173702138992,71.9354642910775,78.9535583682558,83.3398671664923,87.7261759647287,90.8044874793311,93.883676255693,96.9619877702954,100.041176546657,103.11948806126,106.197799575862,109.276988352224,112.355299866826,115.434488643188,118.512800157791
"GCAM 8s","High - SSP5","India+ (R10)","Capacity|Electricity|Nuclear","GW",1,6.39895858004171,7.00622449120312,8.61528861098373,11.3441549128283,14.9534660819721,19.9359474117728,26.2107951163642,33.0309103324381,41.1723543367822,48.2585157932198,57.0260031328143,66.273610867131,75.0693100158843,82.7961580848788,89.8263340592227,95.0806526552672,99.8765665403797,104.266766757
"GCAM 8s","High - SSP5","India+ (R10)","Capacity|Electricity|Oil","GW",1,2.75432668577508,2.64645506251235,2.28701381056347,5.25962931177751,9.22515736514951,15.6606897200298,24.1957424842898,31.8405068617886,41.3037446183841,48.7533266104303,60.5192964756733,70.5204454252574,78.575906728655,84.0468017305162,91.889136281771,96.4392063648408,101.449409030885,84.4143759472167
"GCAM 8s","High - SSP5","India+ (R10)","Capacity|Electricity|Other","GW",1,0,0,0,0,0,0,0,0,0,0,0,0,0,0,0,0,0,0
"GCAM 8s","High - SSP5","India+ (R10)","Capacity|Electricity|Solar|CSP","GW",1,0,0,0.31482196256281,1.75628829596001,2.89572905594416,4.73023129741243,7.19038539816173,9.92438869299581,12.8071115795227,14.1355186378746,16.3030895535765,17.7873960555166,18.3828677723664,18.2814697375036,18.1300152219806,18.1498801885106,17.7953867988602,17.7658080659021
"GCAM 8s","High - SSP5","India+ (R10)","Capacity|Electricity|Solar|PV","GW",1,50.4417043462473,61.4377515321063,262.062873425257,798.783455202194,1438.71341899008,2214.41795618924,3058.95932271831,3875.87574647399,4583.85218941738,4989.64615562903,5453.56533936423,5830.91470843432,6110.2714653623,6304.06869956208,6477.44403228101,6588.86178355375,6582.93640237105,6553.95950299912
"GCAM 8s","High - SSP5","India+ (R10)","Capacity|Electricity|Wind|Offshore","GW",1,0,0,0.388161043981083,3.05839608299904,8.0384730565097,15.8657847446219,25.8184391692968,36.0042104983014,44.0251193450295,47.7720230360075,49.6996520878196,49.5057374311773,47.8697138942516,44.9884412015843,44.9429951909857,42.9685625508072,41.2427965545039,40.9316922815168
"GCAM 8s","High - SSP5","India+ (R10)","Capacity|Electricity|Wind|Onshore","GW",1,26.5281644040019,30.4036110028185,91.2394893412492,243.142018268299,467.069820249175,712.380064855658,963.798337445143,1192.28753001558,1361.99070902582,1440.355432843,1498.39275868111,1545.92750890468,1573.09731883979,1586.0527644201,1598.42586356759,1607.98258449175,1579.56852019592,1564.99064758353
"GCAM 8s","High - SSP5","Latin America (R10)","Capacity|Electricity|Biomass","GW",1,5.034239588746964,5.689100280423386,4.696839367661374,7.055155158770511,9.803305068281912,13.78712993351989,19.39246740961091,25.53450954741793,30.99476629415397,34.34460995743811,39.31060094555461,45.10252221610026,49.94742820075634,54.61937620895271,58.68921155278876,61.73787506111003,64.49705550061812,65.1591856244894
"GCAM 8s","High - SSP5","Latin America (R10)","Capacity|Electricity|Coal","GW",1,15.57110227647251,15.97038524003899,18.31367344485582,24.25753979976717,33.60365962085347,47.02309174390625,64.24940522705928,83.46724401841416,104.8386604937727,120.3714195777303,138.8856054489557,158.7592035315297,177.5774535220864,194.9628999445338,208.3768164571409,216.3239554426431,220.8494675713281,222.7994475550008
"GCAM 8s","High - SSP5","Latin America (R10)","Capacity|Electricity|Fossil","GW",1,197.3934228530892,235.1130656262963,253.3581123936781,301.6557067717873,377.6162776809767,481.0134256900112,612.3615564348622,756.3412268726942,925.4399360958307,1044.683117058058,1213.185293312368,1350.850688102359,1484.660272747401,1591.064203757457,1680.108933783201,1717.058793904769,1761.259026794531,1783.957480122342
"GCAM 8s","High - SSP5","Latin America (R10)","Capacity|Electricity|Gas","GW",1,112.8911795210629,138.1123575777505,156.0062531950913,185.2220911795485,232.8158868391425,295.8397874547649,377.5964678100222,475.0453509752232,594.4334352322326,688.9351978115589,815.3813873949439,925.2653686763233,1038.854881763974,1135.778784171959,1221.847318648242,1268.963569102869,1323.859962339451,1401.030807638509
"GCAM 8s","High - SSP5","Latin America (R10)","Capacity|Electricity|Geothermal","GW",1,1.685321896787621,1.530097215009446,2.976789236535723,5.622701382303025,10.06641264786214,16.26680812513229,23.74417492373504,31.38587198300465,37.83724072964855,41.11705963908813,44.24053204195605,46.47809165210646,47.24080416455785,47.49454855854563,47.76673890558399,48.40044783141904,48.59806982083208,48.74763371560013
"GCAM 8s","High - SSP5","Latin America (R10)","Capacity|Electricity|Hydro","GW",1,227.2154978716795,221.0757709039654,251.6259993706547,272.7937466381824,286.9119850849195,295.7666617463892,305.059793835331,314.3530662861554,322.5068634373725,330.660485136238,338.8140191089284,346.9678162601457,355.1226661254749,363.2761123719892,371.4295586185028,379.5829171388405,387.7372406471141,395.8907746198036
"GCAM 8s","High - SSP5","Latin America (R10)","Capacity|Electricity|Nuclear","GW",1,5.35784809466527,5.576852792767159,5.40666846684078,5.576157986821432,6.387220910333625,8.27651404215386,11.47052717626525,15.82606907045506,20.88600426371737,24.6628912852313,29.41014931124174,34.77394678756142,39.85296554709577,44.592551889296,49.28954924197407,53.12660611441027,56.47364272205959,59.40040627872437
"GCAM 8s","High - SSP5","Latin America (R10)","Capacity|Electricity|Oil","GW",1,68.93114105555388,81.03032280850681,79.03818575373079,92.17607579247186,111.1967312209809,138.1505464913393,170.5156833977812,197.8286318790576,226.1678403698261,235.3764996687692,258.9183004684692,266.8261158945063,268.2279374613403,260.3225196409637,249.8847986778166,231.7712693592577,216.5495968837508,160.1272249288314
"GCAM 8s","High - SSP5","Latin America (R10)","Capacity|Electricity|Other","GW",1,0,0,0,0,0,0,0,0,0,0,0,0,0,0,0,0,0,0
"GCAM 8s","High - SSP5","Latin America (R10)","Capacity|Electricity|Solar|CSP","GW",1,0,0.079985085639657,0.206333385604024,0.629554001320907,1.009401211498767,1.64127891187148,2.551577400670454,3.666311071703172,4.765861016987168,5.365691983138149,6.217471291761678,6.887430879275086,7.185226919236586,7.17052041612747,6.95911395967639,6.877864431110567,6.632509626574244,6.431631275232017
"GCAM 8s","High - SSP5","Latin America (R10)","Capacity|Electricity|Solar|PV","GW",1,28.04304688799491,39.36146306334594,167.9232365244275,455.9720836632592,858.0982601733606,1356.161968683287,1918.629603653972,2495.617040926357,2990.191901172431,3265.020929117372,3520.038253986043,3714.177950213649,3823.564378306202,3883.909538452771,3906.17929205648,3932.934029885264,3898.687551387839,3834.491346913267
"GCAM 8s","High - SSP5","Latin America (R10)","Capacity|Electricity|Wind|Offshore","GW",1,0,0,0.711379180458187,4.558305697942757,13.39331013920188,27.56840804014842,46.74288022568279,68.0102789277362,86.52395779852901,94.73609351688333,99.54321727241529,100.7374171248036,97.70793854307985,93.02690091755525,93.43880752944469,89.39991951559011,84.40099848680546,82.80539463827512
"GCAM 8s","High - SSP5","Latin America (R10)","Capacity|Electricity|Wind|Onshore","GW",1,41.21617021752049,49.84367587097653,89.87053616563679,173.6244294974177,319.3290509999855,482.1278419763169,657.599885881868,829.8205222385766,945.7735134157973,1015.530610915762,1059.818150986989,1102.512434660607,1120.015590195179,1124.566238722168,1100.752480958544,1098.141046807829,1070.384808787939,1053.59401712719
"GCAM 8s","High - SSP5","Middle East (R10)","Capacity|Electricity|Biomass","GW",1,0,0,0.26730988381063,0.733444616753209,1.33234746582633,2.11733468319659,3.11580245435375,4.18602499927465,5.04490593676056,5.48454911246805,6.22953704467454,7.17028847152708,7.62212353005592,8.27159773156242,9.97862898385365,12.9629011153308,16.2344911774048,18.8801431443398
"GCAM 8s","High - SSP5","Middle East (R10)","Capacity|Electricity|Coal","GW",1,4.26083632851995,4.32487778807412,4.12447330150964,5.29899394344803,6.58087053421393,7.96571494757095,9.35342218366845,10.6306522450162,11.8912376507652,12.8680882859463,13.9261634280098,15.0484549865502,15.9537838726322,16.7956094245517,17.6296332556442,17.4937428725133,17.2796392487516,17.0740488898104
"GCAM 8s","High - SSP5","Middle East (R10)","Capacity|Electricity|Fossil","GW",1,757.680297365373,766.721584631885,714.481484722755,721.679225535799,754.054599490743,801.636020411375,866.764683401785,929.199521654318,1024.47180678845,1113.330159408,1245.95639061276,1333.40411458262,1434.485976712,1509.09432356275,1559.30078990167,1566.66445478688,1562.291843231,1535.97438296806
"GCAM 8s","High - SSP5","Middle East (R10)","Capacity|Electricity|Gas","GW",1,587.199413737138,596.195359401019,554.871790468556,551.944518213569,566.772383171641,590.952413759225,640.10812874014,714.654278290735,814.328619195613,917.130679092281,1052.92104367549,1157.52397165076,1277.41841280462,1367.72364748855,1420.47122464423,1424.17371629218,1421.67720037564,1437.12330108766
"GCAM 8s","High - SSP5","Middle East (R10)","Capacity|Electricity|Geothermal","GW",1,0,0,0.9937907803936161,2.28098862350256,3.34439913335397,3.99136546460826,4.35258827305166,4.75181202668704,4.89855226005778,4.63390920328676,4.67343487776113,4.72519030128863,4.42501810011939,4.36005473910328,4.45878076067082,5.06821848568404,5.72317468561122,6.25308952059464
"GCAM 8s","High - SSP5","Middle East (R10)","Capacity|Electricity|Hydro","GW",1,7.14687610349452,6.96307221961322,9.05755221600631,11.6757399376736,14.293839933165,16.9120276548323,19.5301276503237,22.148315371991,24.7664153674824,27.3846030891497,30.0027030846411,32.6208908063084,35.2389908017998,37.8571785234671,40.4752785189585,43.0934662406258,45.7115662361172,48.3297539577845
"GCAM 8s","High - SSP5","Middle East (R10)","Capacity|Electricity|Nuclear","GW",1,1.08829004492158,1.95707802557638,1.90219672618219,3.25534379099014,5.93585018683046,9.0048348342653,12.4637007879451,16.1309826518447,19.8700718242841,22.9842332210739,26.2546223182668,29.666978478335,32.5047050109125,35.1220310179243,37.7550927070449,39.3225718810314,40.0933051725941,41.3620426707753
"GCAM 8s","High - SSP5","Middle East (R10)","Capacity|Electricity|Oil","GW",1,166.220047299716,166.201347442791,155.485220952689,164.435713378781,180.701345784889,202.717891704578,217.303132477977,203.914591118567,198.251949942067,183.33139202977,179.109183509262,160.831687945314,141.113780034754,124.575066649641,121.199932001795,124.99699562218,123.335003606609,81.777032990591
"GCAM 8s","High - SSP5","Middle East (R10)","Capacity|Electricity|Other","GW",1,0,0,0,0,0,0,0,0,0,0,0,0,0,0,0,0,0,0
"GCAM 8s","High - SSP5","Middle East (R10)","Capacity|Electricity|Solar|CSP","GW",1,0.545352856634026,0.615469652486972,0.663558083803227,0.8315217714324961,0.9496234661514481,1.11105480858175,1.30759040951454,1.52423183148649,1.08427478480181,1.09773781584211,1.16370970022708,1.18783920095423,1.14182198366867,1.06271651578937,0.9813146032389731,0.9643370728818971,0.9839040492684731,1.06411828279296
"GCAM 8s","High - SSP5","Middle East (R10)","Capacity|Electricity|Solar|PV","GW",1,10.7897626144042,13.3475874128779,171.104173884123,446.201272401666,747.246898753123,1066.76837064628,1394.044402057,1707.45127156618,1931.06006861826,2004.49519949852,2091.88353276947,2164.09896271574,2184.98901693001,2197.89555485377,2213.68595716761,2260.13833335133,2296.15023393279,2327.46745310747
"GCAM 8s","High - SSP5","Middle East (R10)","Capacity|Electricity|Wind|Offshore","GW",1,0,0,0.49069210489576,3.47486700272231,8.81930033198363,15.6741155654004,23.3098993061718,30.4992326497874,34.6059710866926,35.0092811658135,34.0038743984562,32.421836474217,29.842898540085,27.5405123351075,26.6252969036479,26.0254227015959,26.0559134603329,28.1234387114773
"GCAM 8s","High - SSP5","Middle East (R10)","Capacity|Electricity|Wind|Onshore","GW",1,0.934496320225014,1.17137064947338,35.1957262855336,99.0465333700472,178.359103558815,255.265934361772,330.082627934665,398.78672852074,434.959443504375,433.639124547254,422.52171870826,416.623680900818,401.989477198861,388.615919570159,373.864435808761,372.228824904646,374.427147437512,388.550493723955
"GCAM 8s","High - SSP5","North America (R10)","Capacity|Electricity|Biomass","GW",1,13.6417015877337,13.81769241901341,16.9915525508643,16.11394116527848,16.38316877202754,18.23912717425197,21.44694481531032,25.3924581296846,30.96767096459638,30.280715595824,33.94345291284492,39.76761607525061,43.56577724068801,49.31638078068378,54.4930942026536,56.6834489950596,60.0808688356075,64.5878605144383
"GCAM 8s","High - SSP5","North America (R10)","Capacity|Electricity|Coal","GW",1,183.9903220220911,211.3669168233703,140.2641175948027,185.2441596031652,196.3289795603477,201.1543611575615,205.2425945373882,211.074418082014,247.7028704083858,247.0930199897467,262.4429554857744,288.8854571100549,309.6047510951907,333.7604687395113,364.9377426771874,381.8234170875755,394.4018499950062,404.5748704443642
"GCAM 8s","High - SSP5","North America (R10)","Capacity|Electricity|Fossil","GW",1,705.880021161272,719.8481503300363,676.597662414301,734.8660576562181,809.2706887879808,888.28176210836,979.7309561075259,1084.301572755611,1352.547022300272,1423.40520619202,1600.44819635402,1711.194538724495,1866.008260660589,1978.600596788946,2167.533634634601,2213.432055637903,2294.310250244616,2304.048460893254
"GCAM 8s","High - SSP5","North America (R10)","Capacity|Electricity|Gas","GW",1,501.1964765605098,488.5466028764954,521.4478498327209,533.1723160594834,593.4269510153022,664.5206066425803,747.2223112550919,840.7768083607436,1061.619684830175,1135.171726427584,1290.176175328978,1371.057603293806,1503.669807420154,1589.692035287328,1742.941632279214,1776.021161233996,1845.580355138108,1849.372967323359
"GCAM 8s","High - SSP5","North America (R10)","Capacity|Electricity|Geothermal","GW",1,3.11682313270008,3.15736822750493,11.79576517940948,15.26182108112959,20.30390624355002,25.67792715249079,31.19381916735862,36.51300745963399,37.85487285545265,38.33549936027018,40.44955151026264,43.15022454160814,43.82327778610063,45.03024287437474,45.52749602941201,45.61084111495591,45.80209626254383,46.04547329528124
"GCAM 8s","High - SSP5","North America (R10)","Capacity|Electricity|Hydro","GW",1,212.7465038555831,200.9318933813571,210.4270237630757,212.7035180293597,214.9791350338857,217.2556293001697,219.5321235664547,221.8086178327397,224.0842348372647,226.3607291035487,228.6372233698337,230.9128403743587,233.1893346406437,235.4658289069287,237.7423231732127,240.0179401777377,242.2944344440227,244.5709287103077
"GCAM 8s","High - SSP5","North America (R10)","Capacity|Electricity|Nuclear","GW",1,137.0216313472782,134.4626411194255,130.6927749584183,130.4993117521241,135.9212912446408,139.2012763997011,140.9641723355264,142.2005280378873,156.8011413986808,153.7997002393143,159.5785569899841,171.8784375526052,182.2681279472495,194.9867676135676,211.9618554619984,219.0098540064261,219.8836840185554,221.9682937270427
"GCAM 8s","High - SSP5","North America (R10)","Capacity|Electricity|Oil","GW",1,20.69322257867161,19.93463063017022,14.88569498677722,16.4495819935693,19.51475821233158,22.60679430821847,27.26605031504597,32.45034631285742,43.22446706171491,41.14045977468389,47.82906553926656,51.25147832063328,52.73370214524375,55.14809276210396,59.65425967819515,55.58747731633695,54.32804511150126,50.10062312552827
"GCAM 8s","High - SSP5","North America (R10)","Capacity|Electricity|Other","GW",1,0,0,0,0,0,0,0,0,0,0,0,0,0,0,0,0,0,0
"GCAM 8s","High - SSP5","North America (R10)","Capacity|Electricity|Solar|CSP","GW",1,1.77999709847526,1.64642027417812,2.93024164447871,3.37415593614929,3.70465243597645,4.11595014769202,4.63334023124369,5.27319278360924,3.50263212594154,3.4962091604954,3.8696477340434,4.33396557410085,4.48923126463132,4.55192761706594,4.38080103618245,4.49857251454197,4.4478354753558,4.35797845678288
"GCAM 8s","High - SSP5","North America (R10)","Capacity|Electricity|Solar|PV","GW",1,98.13016234849887,125.3646943163042,591.483661620988,934.8479061868875,1429.312069903208,1966.24453289906,2504.42969019244,3028.639591135283,3360.054170379506,3450.637363605157,3551.942427778539,3672.600290810504,3693.303750908141,3746.453654587501,3687.734233327393,3767.187226132558,3751.966058905628,3694.955069738486
"GCAM 8s","High - SSP5","North America (R10)","Capacity|Electricity|Wind|Offshore","GW",1,0,0,4.157949773733909,8.99945528105659,18.81915467014746,31.8716299116932,47.5679112186157,61.255047497693,80.22779895442,80.1455669655966,80.8094005976454,81.051246508058,75.8783059058544,65.5296657530802,72.79039673907539,68.7695250959849,63.8590568276985,63.1073638280145
"GCAM 8s","High - SSP5","North America (R10)","Capacity|Electricity|Wind|Onshore","GW",1,148.8221636737328,164.5757588485141,405.5195614095129,509.2308563475317,704.0306812657684,888.453670713494,1064.622325186227,1230.695891487811,1211.317893736722,1247.313537577806,1269.491179904098,1334.550435988794,1354.440396705713,1383.556342923051,1304.906095990208,1329.845819868251,1306.357219114126,1281.856266452813
"GCAM 8s","High - SSP5","Pacific OECD (R10)","Capacity|Electricity|Biomass","GW",1,16.2569924227804,18.68516355458378,18.29459220413111,18.06810440580671,17.27879317332279,16.76154506108324,18.01779725730448,17.0899643350648,16.52835206158372,14.76598685350532,14.19273667144208,14.31483168774791,14.42168075323245,14.52196961558814,14.37968569327686,14.85638275415718,15.3109250398602,15.63342216354388
"GCAM 8s","High - SSP5","Pacific OECD (R10)","Capacity|Electricity|Coal","GW",1,95.2914681548215,96.634444361129,86.51123938506791,95.7948450746558,101.6555505034493,108.246700622929,124.9886244831547,131.8516406014539,145.5879141000981,144.8262544010503,150.5876920474849,160.7204833326725,171.6958719532617,179.2244468567916,182.4942573457762,186.0956290211906,185.4739699341489,183.2963223059767
"GCAM 8s","High - SSP5","Pacific OECD (R10)","Capacity|Electricity|Fossil","GW",1,251.7590751527831,245.2236357487913,215.9779140428645,220.1792974071818,224.1121433378745,237.3644691582271,286.7959524159753,306.124219125029,348.919298495381,353.935529884422,380.544175045158,402.014232665604,438.502762957124,453.667194403506,468.641225712249,451.11385506861,444.292690630106,429.119300953252
"GCAM 8s","High - SSP5","Pacific OECD (R10)","Capacity|Electricity|Gas","GW",1,135.3245665281675,122.7592402799352,114.1699033686751,110.3447478014987,108.7748516593132,113.6365412211297,139.0125438463543,151.079067320321,176.7726938256949,183.6170396524218,201.9100992658746,211.6870495559264,236.0230274871715,245.1708088892496,256.8172932083274,239.4483793591937,234.7923120212036,227.9007146212506
"GCAM 8s","High - SSP5","Pacific OECD (R10)","Capacity|Electricity|Geothermal","GW",1,1.859902206395949,1.886943610027104,3.004673393844063,3.84625892389052,5.12910077291108,6.67611027190452,8.74316364300197,10.32366311593671,10.47154238794494,10.68887327859334,11.35809618929942,11.9510052425104,12.10454093338933,12.19017231498688,12.09025826521343,12.37572412931669,12.49721098408091,12.75498198783818
"GCAM 8s","High - SSP5","Pacific OECD (R10)","Capacity|Electricity|Hydro","GW",1,37.2145842845255,37.1985303943239,37.8793732459861,38.7310189622517,39.5825769523414,40.434222668607,41.2857806586966,42.1374263749622,42.9889843650518,43.8406300813174,44.692188071407,45.5438337876726,46.3953917777622,47.2470374940278,48.0985954841175,48.9501534742071,49.8017114642967,50.6533571805622
"GCAM 8s","High - SSP5","Pacific OECD (R10)","Capacity|Electricity|Nuclear","GW",1,5.76296192405616,10.5296630674887,31.7767211332447,44.58135107434349,63.14377889164872,68.84291871221436,25.36673397456708,28.97025556052208,34.53436872684714,36.13187558380012,38.90617770209283,43.06371480998175,47.32203800259651,49.53458550532265,52.37550324735897,53.82847035670199,52.79037630961908,51.92895034819956
"GCAM 8s","High - SSP5","Pacific OECD (R10)","Capacity|Electricity|Oil","GW",1,21.14304046979342,25.82995110772664,15.29677128912067,14.03970453102736,13.68174117511259,15.48122731416813,22.7947840864666,23.19351120325486,26.55869056958919,25.49223583094989,28.04638373179829,29.60669977700469,30.78386351669039,29.27193865746521,29.3296751581459,25.56984668822597,24.02640867475344,17.92226402602494
"GCAM 8s","High - SSP5","Pacific OECD (R10)","Capacity|Electricity|Other","GW",1,0,0,0,0,0,0,0,0,0,0,0,0,0,0,0,0,0,0
"GCAM 8s","High - SSP5","Pacific OECD (R10)","Capacity|Electricity|Solar|CSP","GW",1,0.003116475165799,0.002596869312021,0.023381166623152,0.04764117651605401,0.06706517370826501,0.09378088122257501,0.129415383085628,0.178063708878967,0.217075143993705,0.215974165577342,0.238010982320633,0.253543402765053,0.257091452714011,0.249060778604883,0.236501133002569,0.242378220006382,0.243227656898737,0.248304016078473
"GCAM 8s","High - SSP5","Pacific OECD (R10)","Capacity|Electricity|Solar|PV","GW",1,81.5278000741852,92.6957134291674,160.185526543987,232.4572559298202,340.468494081097,473.862627165341,661.5892261847159,790.979979742069,850.385390669451,875.02567509661,899.590922093143,908.732993962142,868.465942571553,852.643768579161,814.994881461171,820.9570756485571,803.8596301982179,780.7991777760931
"GCAM 8s","High - SSP5","Pacific OECD (R10)","Capacity|Electricity|Wind|Offshore","GW",1,0,0,0.6623503688554121,2.096011611996479,5.136844580034726,9.342431100749,15.78501346568383,21.568792681092,27.48163068389056,27.21461155927197,27.50958583769997,26.00829094602259,24.18367905555171,21.16677230085058,23.38016818832665,21.8236220711406,20.65800579968953,20.29815463145065
"GCAM 8s","High - SSP5","Pacific OECD (R10)","Capacity|Electricity|Wind|Onshore","GW",1,12.48315748747753,14.42750445260791,30.3455656786726,46.7654088349556,82.9931700082504,124.6141576607247,186.0712120200609,220.3422509232054,237.8661750828055,239.7545173226543,231.7594984564952,224.6762008631875,200.6314336202648,190.9823398709475,177.9154755462997,181.3914666098941,175.2948463128054,170.7334337443656
"GCAM 8s","High - SSP5","Reforming Economies (R10)","Capacity|Electricity|Biomass","GW",1,0.069918687227508,0.067822066519339,0.58246619055725,0.821631661324966,1.399412697980021,2.298739444966314,3.522410198862736,4.82852027810319,6.317757368771669,6.84761173632068,8.85896012632723,11.92666566374779,13.97161454773654,16.39053567826094,20.04200363057658,22.98430254270075,27.00549089181991,30.79835596173272
"GCAM 8s","High - SSP5","Reforming Economies (R10)","Capacity|Electricity|Coal","GW",1,51.538852985685,50.62629972938,63.0223102853969,68.4217656679305,75.8452657629707,84.9971446377466,94.2162299285623,101.8542910067375,110.5129868944638,113.0554686084619,121.1246443587916,133.7497366051471,143.543638580374,153.1834565165553,148.579183037015,152.693599862428,155.8626576146721,157.508180225382
"GCAM 8s","High - SSP5","Reforming Economies (R10)","Capacity|Electricity|Fossil","GW",1,227.6135232650104,246.6122923707276,257.8240548592759,286.638886908299,326.049243602117,384.432169722129,466.554633768879,552.253163396354,658.5609424140171,705.3979392945171,796.214238650772,845.149974298875,915.210424966506,959.107982125106,976.8952455085409,966.973188989934,971.2658437102469,983.48545366621
"GCAM 8s","High - SSP5","Reforming Economies (R10)","Capacity|Electricity|Gas","GW",1,172.4886020399201,189.0182299937874,188.474986665767,211.6359250217738,242.9250508930291,291.1146132124976,362.675937108956,440.395355404319,537.994863800758,583.003730497167,664.069151090063,699.611399741964,759.774479827699,793.853650221969,815.2880053099831,801.5298827395679,802.26002037971,813.214157171308
"GCAM 8s","High - SSP5","Reforming Economies (R10)","Capacity|Electricity|Geothermal","GW",1,0.06968363473209101,0.071168479869762,2.388606291931203,3.66832539177972,5.85900710944852,8.566188334169901,11.23908073548141,13.27035689478783,13.76973041556861,13.93071422149263,14.6378582904057,15.54911103060829,15.57592344690077,15.79698685249207,16.39814747568653,16.91273922021034,17.43790274024002,17.45707236124412
"GCAM 8s","High - SSP5","Reforming Economies (R10)","Capacity|Electricity|Hydro","GW",1,85.43432961765009,86.5381880898143,90.4354234570475,95.3079107224804,100.1803102617374,105.0527098009944,109.9251093402514,114.7975088795084,119.6701715972933,124.5423956841983,129.4147074972793,134.2869315841845,139.1600329328488,144.0323447459299,148.904568832835,153.7768806459161,158.6491047328213,163.5213288197264
"GCAM 8s","High - SSP5","Reforming Economies (R10)","Capacity|Electricity|Nuclear","GW",1,32.49624560562102,33.5155641825063,34.07422778688296,36.88106507351368,46.15532327727831,56.8502846829635,67.8344176899389,77.4141631821588,88.4679262281361,92.7093352384928,102.8065964109738,117.8868157633864,129.1110528761855,139.8538336974683,150.9183343488712,158.0496061105178,161.1226079814247,163.5962961802886
"GCAM 8s","High - SSP5","Reforming Economies (R10)","Capacity|Electricity|Oil","GW",1,3.586068239405161,6.96776264756042,6.32675790811236,6.58119621859446,7.278926946116369,8.320411871884339,9.662466731360379,10.00351698529736,10.05309171879458,9.33874018888881,11.0204432019167,11.78883795176337,11.89230655843282,12.07087538658256,13.02805716154298,12.74970638793809,13.14316571586378,12.76311626952067
"GCAM 8s","High - SSP5","Reforming Economies (R10)","Capacity|Electricity|Other","GW",1,0,0,0,0,0,0,0,0,0,0,0,0,0,0,0,0,0,0
"GCAM 8s","High - SSP5","Reforming Economies (R10)","Capacity|Electricity|Solar|CSP","GW",1,0,0,0.06689966572023101,0.194965269475926,0.286958314647852,0.41431882855614,0.558940410578693,0.7181324490228781,0.82645093218161,0.8292441164369221,0.9199786386019321,1.02005462240426,1.06864896702589,1.08386000197297,1.09911436997672,1.14044942251005,1.16110403938126,1.14082054596079
"GCAM 8s","High - SSP5","Reforming Economies (R10)","Capacity|Electricity|Solar|PV","GW",1,3.09940423106783,3.552180120480749,70.6803186663306,167.3729870765047,327.713179696597,532.727368578236,753.593798711542,961.5481583028311,1119.552316327619,1174.855282017897,1247.036184822876,1318.472225906329,1317.686988152906,1316.846332247308,1335.18954643444,1385.944231458588,1405.37086887332,1376.48553695771
"GCAM 8s","High - SSP5","Reforming Economies (R10)","Capacity|Electricity|Wind|Offshore","GW",1,0,0,0.738757516662633,1.598007625759419,4.216684088020997,8.670058894320524,14.54661647757056,19.85496012728812,25.06904385246769,25.0770849848438,25.27951086581946,25.69714594898692,23.95453528429985,21.98702113522623,24.39309300458756,23.69436298272286,22.62982937465569,24.09027414805294
"GCAM 8s","High - SSP5","Reforming Economies (R10)","Capacity|Electricity|Wind|Onshore","GW",1,1.156827050225207,2.291519013910251,66.2147838870378,104.6325772160762,176.6625716703289,255.8970889233446,335.7829619261108,406.641921472068,427.106552118923,434.232177073406,440.622944606277,463.111846464187,460.282583943674,460.618821516955,460.8435549038979,481.918575863428,486.605092165309,478.233627216116
"GCAM 8s","High - SSP5","Rest of Asia (R10)","Capacity|Electricity|Biomass","GW",1,11.47734978385114,12.86731505059904,12.11614062596023,18.06069579051566,22.58263072978673,29.06811719855287,37.53585713850178,46.13896342809795,54.1905276482352,60.83851797584439,70.0167626766655,81.21564947232724,91.86628223974192,102.4972761388722,112.793938659373,122.5207226367291,133.0694536465819,144.0114695547858
"GCAM 8s","High - SSP5","Rest of Asia (R10)","Capacity|Electricity|Coal","GW",1,134.8093522072791,136.1925195121124,167.7347591693625,220.8921661630879,276.4621737472922,344.5220538122659,420.1496974673926,492.8677369163158,578.0471371871853,657.3389995431585,750.0420409740075,852.8387748635055,949.548427570738,1034.630651048499,1084.199432976361,1116.132478004593,1142.430011309377,1157.362635934215
"GCAM 8s","High - SSP5","Rest of Asia (R10)","Capacity|Electricity|Fossil","GW",1,336.2357720119614,347.1120415419074,394.5618763598909,513.9023794128207,627.8625267362938,779.9068403761485,966.5396773219028,1147.731181060967,1363.506964830042,1577.456039113466,1837.643319297472,2074.235610580939,2295.102241916165,2480.663335546164,2622.981641575942,2717.841085342098,2802.757743377535,2851.172283227088
"GCAM 8s","High - SSP5","Rest of Asia (R10)","Capacity|Electricity|Gas","GW",1,167.7752594024273,171.5163059989624,192.5387078669963,238.0437497058216,274.0936119796012,322.9371664631736,390.9571467799362,463.9684976075252,555.6036965336435,654.2540453249891,774.1917337438415,869.4213303175936,968.6019753648462,1057.5973451167,1150.652157947112,1231.637550378727,1316.732584519096,1408.664742912739
"GCAM 8s","High - SSP5","Rest of Asia (R10)","Capacity|Electricity|Geothermal","GW",1,4.422088260483012,4.470534211346116,8.270464652462174,13.69749139053698,19.26528170935293,25.30453936741511,31.00091615704827,35.44464813873925,37.14884660219873,38.59694846424674,40.55593692281132,42.39009433492467,44.03209444801108,45.3262474821721,46.8507079143416,48.13779234025136,49.25408583128029,50.34737288083689
"GCAM 8s","High - SSP5","Rest of Asia (R10)","Capacity|Electricity|Hydro","GW",1,79.97954231401617,88.649809780991,82.00607838712452,86.68526102381918,91.36418048198604,96.0433631186807,100.7224580291995,105.4016406658941,110.2561879283424,113.3562993976718,116.4563231408254,119.556434610155,122.6564583533085,125.7563943702861,128.8565058396158,131.9564418565936,135.0565533259229,138.1565770690767
"GCAM 8s","High - SSP5","Rest of Asia (R10)","Capacity|Electricity|Nuclear","GW",1,6.06608470753251,6.41528863142407,6.235423015264789,8.280679868116255,12.42240298687922,17.95504331948632,24.91880951243401,32.63978791291242,41.93605004767517,50.81913856121009,61.17394714295577,72.83123127018328,83.8064357831671,93.53819398963596,104.1093744598073,112.5012913471324,119.129501354743,125.5234367817518
"GCAM 8s","High - SSP5","Rest of Asia (R10)","Capacity|Electricity|Oil","GW",1,33.65116040225553,39.403216030833,34.2884093235325,54.96646354391001,77.30674100939983,112.4476201007091,155.4328330745738,190.8949465371264,229.8561311092127,265.8629942453182,313.4095445796237,351.9755053998386,376.9518389805797,388.4353393809671,388.130050652471,370.0710569587766,343.5951475490614,285.1449043801369
"GCAM 8s","High - SSP5","Rest of Asia (R10)","Capacity|Electricity|Other","GW",1,0,0,0,0,0,0,0,0,0,0,0,0,0,0,0,0,0,0
"GCAM 8s","High - SSP5","Rest of Asia (R10)","Capacity|Electricity|Solar|CSP","GW",1,0,0,0.467330219743558,2.179617921164334,3.24906227564526,4.79134447959262,6.764909250433214,8.946479550252597,11.04666550145133,11.71178218702755,13.39264670556238,14.86328958174785,15.75391201256797,16.14414968836971,16.42597582120693,16.8950397213947,17.09935008146258,17.36212035292019
"GCAM 8s","High - SSP5","Rest of Asia (R10)","Capacity|Electricity|Solar|PV","GW",1,21.83578717235762,39.03851343269646,239.895437847158,717.1251243111484,1263.485444205438,1918.651394458734,2645.637655891501,3362.119680358462,3998.00710042925,4430.65981201795,4928.254862811133,5394.502901695551,5775.934510555953,6090.265415338404,6348.9657026256,6540.168897779344,6645.121618152895,6684.336962535599
"GCAM 8s","High - SSP5","Rest of Asia (R10)","Capacity|Electricity|Wind|Offshore","GW",1,0,0,1.026623332107216,8.407978825163976,22.38976509675416,43.11855543918614,68.63247896695286,94.07151453084724,115.0840994987892,125.9578498563,132.0529503381739,135.4547380537978,134.9037924872471,128.9486133855834,128.6601631441865,125.2859331624286,120.1272942040807,119.6752416089911
"GCAM 8s","High - SSP5","Rest of Asia (R10)","Capacity|Electricity|Wind|Onshore","GW",1,4.465770679200282,5.777903531243422,66.97776594596263,200.2015128435653,377.988855555108,565.4274541118609,760.8268394843296,944.2168628716603,1090.789656604703,1176.181156574185,1258.369563341894,1355.669777481707,1433.732338962741,1494.445295222546,1535.817265085186,1564.302356899506,1562.168235272836,1560.36504097487
"GCAM 8s","High - SSP5","World","Capacity|Electricity|Biomass","GW",1,146.691352357694,165.40016781785,153.249138794258,167.788278548809,177.713155318172,204.644472368364,248.045379679339,291.967856531088,344.154833801726,371.063818528755,433.429019943143,501.737224191181,565.896496284573,637.065638100617,724.786685881645,804.239059250497,897.845499563065,998.9276922609
"GCAM 8s","High - SSP5","World","Capacity|Electricity|Coal","GW",1,1949.69692038313,2109.60055378997,2207.63214700507,2578.53268254988,2895.11995643777,3223.48806486175,3559.8315901579,3834.76511051551,4327.98527964782,4589.25374956048,5020.71032482089,5494.3467209285,5926.86041637541,6309.06069844565,6492.61205215324,6546.41385609064,6586.02230702872,6580.73966527181
"GCAM 8s","High - SSP5","World","Capacity|Electricity|Fossil","GW",1,4461.56017404179,4719.25948769222,4804.42072031028,5412.88825061309,6151.80768678616,7072.82985554278,8234.71117066667,9393.34377525124,11262.9205970331,12471.7914127977,14297.1480453731,15904.0307032101,17604.7955754857,19032.6860639433,20420.4795136275,21145.3478964033,21919.7608722853,22271.4476873145
"GCAM 8s","High - SSP5","World","Capacity|Electricity|Gas","GW",1,2139.69221554143,2203.65833816488,2240.77742062887,2422.19414800451,2757.90810765334,3213.8729666997,3867.8281205192,4618.35451166036,5822.26171415203,6645.77855062045,7829.69269160127,8800.7316937459,9959.74235170018,10936.4543721653,12060.764682484,12709.9144164767,13446.4075074992,14159.9446243931
"GCAM 8s","High - SSP5","World","Capacity|Electricity|Geothermal","GW",1,15.7715367443966,15.800007861675,48.8676617955074,76.0527132263172,107.722884312634,144.393988056216,181.902913593908,214.364427242598,233.731949152225,239.38624237735,254.48518255274,265.634789605702,268.941228166079,271.703840871072,279.509889777416,281.023717325228,285.573689830456,288.667839702528
"GCAM 8s","High - SSP5","World","Capacity|Electricity|Hydro","GW",1,1371.77256430835,1355.4,1453.5589938961,1530.62750974046,1593.48930651701,1651.08891880925,1706.49486789055,1761.90121173965,1815.03458791473,1858.10187666445,1891.80431717638,1925.50699454898,1959.21161944268,1992.91404240937,2026.61707068668,2060.31852866543,2094.02253070329,2127.72504139615
"GCAM 8s","High - SSP5","World","Capacity|Electricity|Nuclear","GW",1,398.044880788555,417.600276649602,446.918589349626,491.314096911618,575.349302594161,654.296351163223,689.371853512348,767.656869990507,913.597079218587,979.29420457731,1094.09128512482,1227.75980586893,1346.78997509022,1456.40570976647,1585.0224943913,1658.1657207669,1704.64771200267,1744.51174637725
"GCAM 8s","High - SSP5","World","Capacity|Electricity|Oil","GW",1,372.171038117234,406.000595737371,356.011152676334,412.161420058699,498.779622695044,635.468823981329,807.051459989569,940.224153075374,1112.67360323325,1236.7591126168,1446.74502895096,1608.95228853571,1718.19280741009,1787.17099333233,1867.1027789903,1889.01962383593,1887.33105775737,1530.76339764959
"GCAM 8s","High - SSP5","World","Capacity|Electricity|Other","GW",1,0,0,0,0,0,0,0,0,0,0,0,0,0,0,0,0,0,0
"GCAM 8s","High - SSP5","World","Capacity|Electricity|Solar|CSP","GW",1,7.25970854599154,7.60000273542068,14.0029402777149,21.890415654482,27.3330348115357,34.9552076875864,44.8117408293685,55.8558209611141,57.4320855779944,60.9533459573135,69.915592498808,77.5264799617804,81.7816646520404,83.8082469520988,84.3774872068717,86.9897323177984,87.6429876798665,88.7816504587273
"GCAM 8s","High - SSP5","World","Capacity|Electricity|Solar|PV","GW",1,671.307227851668,829.6,3335.22407323502,7541.23813168309,12544.8796632961,18117.0526698397,24045.5194121097,29716.1598355711,34505.4718699851,36921.1712858009,40053.3523311272,43010.6690251118,45292.9661687173,47426.7372805814,49100.0491529663,50942.1631898933,51867.5492072052,52311.4088109949
"GCAM 8s","High - SSP5","World","Capacity|Electricity|Wind|Offshore","GW",1,0,0,21.8260975372343,74.6983247314745,179.611650669391,329.438549673318,519.577990310728,703.838024382072,899.842060408049,971.286836904576,1030.33376563854,1062.02996950107,1058.45660938061,1002.37959043588,1048.13676837461,1025.18343241761,998.013257494542,1001.08099661276
"GCAM 8s","High - SSP5","World","Capacity|Electricity|Wind|Onshore","GW",1,630.850154955671,734.6,1697.38391772279,2804.16135862601,4462.45751828902,6144.86731555663,7876.93432233452,9467.36210086247,10321.2824542408,10947.8072790869,11549.5492669817,12276.6486974571,12776.1601029751,13238.4932714496,13314.4884459181,13679.5693372133,13700.2825809782,13754.3339714767
"GCAM 8s","High-to-Low - SSP5","Africa (R10)","Capacity|Electricity|Biomass","GW",1,0.532771673420121,0.493553609472383,0.663469667705197,1.624620189549747,3.333409736168951,6.464893404139,12.07114332142945,20.17617182977543,30.79048013291071,45.07664769793423,64.42594583307783,90.63838800677622,122.7979112009223,156.5115703003859,190.7561685638329,232.5453994517844,227.884542607263,204.5951214672922
"GCAM 8s","High-to-Low - SSP5","Africa (R10)","Capacity|Electricity|Coal","GW",1,51.1857196852072,51.24499160392423,49.82059734731995,58.10442485858377,69.26567132774457,86.9969997374954,112.8657154293596,145.1216876469086,190.3641498307024,243.8881473710759,310.7732164799269,312.9581253083805,199.4011151202677,92.611726543126,43.81241419207112,20.53701361540481,11.06001484926864,7.329382619524042
"GCAM 8s","High-to-Low - SSP5","Africa (R10)","Capacity|Electricity|Fossil","GW",1,177.7224984079728,193.0369964126653,194.592139222626,244.6598289733014,325.9590917816323,460.2087036476838,664.5527530591166,925.2529149091729,1263.107316871305,1650.905385529423,2140.536751924946,2293.351088552156,2265.079884832389,2160.924955657969,2008.253419116184,1540.127679665325,1005.515195436293,539.2549914115165
"GCAM 8s","High-to-Low - SSP5","Africa (R10)","Capacity|Electricity|Gas","GW",1,103.2620379473697,109.4133073970553,119.1718290046781,150.7978301080068,200.0729465104648,278.6498035720835,399.2783459270228,557.1430452695691,766.5822522111126,1007.253493197799,1312.443530454631,1552.217885151576,1751.881167328768,1847.590013181369,1799.448280575287,1401.212574357715,919.4657725783514,517.4613464823451
"GCAM 8s","High-to-Low - SSP5","Africa (R10)","Capacity|Electricity|Geothermal","GW",1,0.837604925878709,0.83356926602842,2.384315388732222,5.112758996538813,9.307542527806419,14.52233965779126,19.942519551999,24.73182815670963,28.56696839456591,31.39559724984137,33.8358260942859,40.41548358470674,46.53147480991393,51.71122105911372,56.44842736012278,62.34826176016518,64.13889098370399,66.20249071142015
"GCAM 8s","High-to-Low - SSP5","Africa (R10)","Capacity|Electricity|Hydro","GW",1,45.30649061859999,46.79928309190394,53.4462164911929,61.48600470412688,69.52570519088485,77.56548463120122,85.60518511795911,93.64488560471696,101.684586091475,109.6013646604712,117.5095460642228,125.4175344703873,133.3257860550797,141.2339499135962,149.1420260459366,157.0502776306289,164.9583537629693,172.8665176214859
"GCAM 8s","High-to-Low - SSP5","Africa (R10)","Capacity|Electricity|Nuclear","GW",1,1.4727160856598,1.83735240588694,1.78583989476077,2.710970652030024,5.523857542618818,10.42953636599101,18.47504519186066,29.96594181929156,45.47634267840733,64.46691305703176,88.0158862433205,131.9787257860684,198.2399138455576,285.2826852562217,395.2691175869217,542.274588693868,689.6353928759866,846.589653319352
"GCAM 8s","High-to-Low - SSP5","Africa (R10)","Capacity|Electricity|Oil","GW",1,23.2747407753959,32.37869741168555,25.59971287062834,35.75757400671039,56.62047394342368,94.5619003381042,152.4086917027339,222.9881819926949,306.1609148294895,399.7637449605471,517.3200049903897,428.1750780921991,313.7976023833527,220.7232159334744,164.9927243488257,118.3780916922046,74.98940800867302,14.46426230964713
"GCAM 8s","High-to-Low - SSP5","Africa (R10)","Capacity|Electricity|Other","GW",1,0,0,0,0,0,0,0,0,0,0,0,0,0,0,0,0,0,0
"GCAM 8s","High-to-Low - SSP5","Africa (R10)","Capacity|Electricity|Solar|CSP","GW",1,1.429866137191965,1.525940574834752,1.577999598585383,1.82846640599921,2.095832621881519,2.599975062178909,3.423437503251057,4.569167620276394,4.583077380324625,6.371956024276983,8.733780654202324,13.57268501664352,21.53988329833417,32.86887290185919,48.00688742642668,69.88473835369284,93.43580322687134,117.8038878728925
"GCAM 8s","High-to-Low - SSP5","Africa (R10)","Capacity|Electricity|Solar|PV","GW",1,10.32611240693181,11.62745096989259,143.8896255392626,391.4803743243014,769.5777070620785,1332.045819645679,2131.385869829874,3145.288584149531,4377.382598271153,5789.726703031321,7429.59142433506,9950.895139279592,13104.58683060965,16789.07235043209,21028.94500819142,26382.89114234911,31160.18600524321,35222.29532830404
"GCAM 8s","High-to-Low - SSP5","Africa (R10)","Capacity|Electricity|Wind|Offshore","GW",1,0,0,1.116842005679757,9.026340794963344,28.70207886449149,61.8383515872321,109.2836253612991,165.6114385052731,223.0667254595262,274.8432284818983,321.2860843493395,401.0852828646091,501.2436810284086,604.6987159407894,708.4479182486822,826.6656150992064,883.3552818386258,916.9203192236334
"GCAM 8s","High-to-Low - SSP5","Africa (R10)","Capacity|Electricity|Wind|Onshore","GW",1,7.708193544962517,9.20481212864006,42.28835143826903,109.9523256109592,234.0151376970712,407.0038031213158,645.3707005775475,937.0948644415188,1285.49292620497,1687.264259095314,2129.682345174711,2889.035744188255,3892.009755477463,5057.36460553586,6359.875152466717,7980.328185648834,9390.080092689468,10516.03373507202
"GCAM 8s","High-to-Low - SSP5","China+ (R10)","Capacity|Electricity|Biomass","GW",1,52.07485679910261,62.07272683959793,50.72569786241976,50.0191931944555,47.71984517861239,51.21460957193239,58.89155412935001,65.58042640961915,75.66933184624877,74.66883440485579,83.90607970306549,108.6705536010774,147.1104437926473,171.0815731022267,165.2234236447932,95.0610955882128,35.21716334389977,23.96831284177714
"GCAM 8s","High-to-Low - SSP5","China+ (R10)","Capacity|Electricity|Coal","GW",1,1067.09461448584,1169.384602996219,1249.605304850164,1373.26446071735,1467.083178146603,1534.012564074991,1572.260324407916,1566.302358763911,1676.524672979152,1660.853272847758,1718.775821330737,1519.506905830963,873.2919452747344,352.8635805236423,118.7187842983996,31.05113801289651,11.611851211111,7.331369362892738
"GCAM 8s","High-to-Low - SSP5","China+ (R10)","Capacity|Electricity|Fossil","GW",1,1201.082580449738,1322.388573839342,1394.184022462995,1524.440696708017,1621.322419790487,1694.758931487463,1746.410881994609,1753.273090684499,1898.860444792047,1897.585329664883,1984.036765122574,1791.477114908685,1167.505619440631,642.0240771659319,374.7346053576497,207.1867912395241,113.3191026547052,59.59308592044493
"GCAM 8s","High-to-Low - SSP5","China+ (R10)","Capacity|Electricity|Gas","GW",1,125.2203740139552,144.0630938998414,137.2849127281453,144.6233223068598,147.8058307878481,154.0385345907399,166.98457266314,179.8720529442971,214.1763523858621,229.1488294268337,256.8063556507645,265.7190868678622,289.2642563071669,285.9703461408244,254.0944766689779,175.2552241039785,101.2258420941374,51.87691177767479
"GCAM 8s","High-to-Low - SSP5","China+ (R10)","Capacity|Electricity|Geothermal","GW",1,0.02167321285012,0.021550000633228,4.02166300974283,7.76155700222525,9.69931019926293,12.2248338563955,14.9071852545289,17.1395474374321,20.5389763034619,18.3690862692831,20.3840435424765,30.4156396177505,41.5547771821215,47.5463696467617,50.2502173224514,50.9525677893087,51.7768702690525,54.3327027153519
"GCAM 8s","High-to-Low - SSP5","China+ (R10)","Capacity|Electricity|Hydro","GW",1,418.8611193510551,411.7275425358363,448.7254256204933,466.5374361145481,484.3494553812204,502.1614658752752,519.9734763693289,537.7854868633835,555.597506130056,565.2194008360437,565.4861761371525,565.7529514382612,566.0197355119875,566.2865108130962,566.553286114205,566.8200614153137,567.0868454890401,567.3536207901489
"GCAM 8s","High-to-Low - SSP5","China+ (R10)","Capacity|Electricity|Nuclear","GW",1,78.2900073137271,84.1038377340829,90.736962357426,108.8146008869738,133.1163083127086,158.6361369114445,186.2102991750392,210.6336731047673,262.9678755450526,282.8985628330682,317.5891810700025,414.756955508702,582.5701465756207,755.5233744500329,915.2456545804289,1026.204004559837,1118.706521570599,1246.919935714649
"GCAM 8s","High-to-Low - SSP5","China+ (R10)","Capacity|Electricity|Oil","GW",1,8.767591949940929,8.94087694327269,7.2938048846919,6.55291368380971,6.43341085603317,6.70783282173375,7.165984923553809,7.0986789762912,8.15941942702973,7.58322739028435,8.4545881410736,6.251122209861867,4.949417858725269,3.190150501465444,1.921344390272123,0.880429122649639,0.4814093494568301,0.38480477987746
"GCAM 8s","High-to-Low - SSP5","China+ (R10)","Capacity|Electricity|Other","GW",1,0,0,0,0,0,0,0,0,0,0,0,0,0,0,0,0,0,0
"GCAM 8s","High-to-Low - SSP5","China+ (R10)","Capacity|Electricity|Solar|CSP","GW",1,0.908402044050391,1.04136137886965,1.832218028887662,3.656645995804825,4.693087344562924,5.979280178651083,7.548412333954094,9.13141743051966,10.33180697063604,9.93503431669238,10.99747580029715,15.65233081470333,26.16014699097709,38.66976369702157,50.19981299069697,60.7999153169256,70.31497504311248,79.97423964134359
"GCAM 8s","High-to-Low - SSP5","China+ (R10)","Capacity|Electricity|Solar|PV","GW",1,226.4505708414122,284.9590091892489,1002.447837022772,2507.505735735127,3961.879855135174,5298.899416658963,6481.451263056624,7387.307297033363,7996.523055726928,7546.863359445918,7460.993356588277,8400.101668299945,9762.077184310414,11072.49887023485,11838.14352862502,12689.754250005,13141.71052419044,13305.36533367387
"GCAM 8s","High-to-Low - SSP5","China+ (R10)","Capacity|Electricity|Wind|Offshore","GW",1,0,0,2.560225914244145,12.93151681414618,28.33993689325145,47.72794949273931,70.26722196864915,89.33716329363108,112.4717588016081,111.8286096185657,113.3189749143909,139.8006411850243,195.5868278769312,239.2782217620068,292.4291726456073,321.8108965438589,320.146583932786,306.8220785719092
"GCAM 8s","High-to-Low - SSP5","China+ (R10)","Capacity|Electricity|Wind|Onshore","GW",1,185.0963241318819,259.8479390243149,455.9435467424119,779.4622190060556,1160.700410608294,1486.312192711143,1770.543930292117,1984.200665535416,1993.637540684297,1889.052537441128,1836.058421951791,2159.994744126683,2698.560376845351,3170.239142911401,3363.744658867462,3617.853467619766,3722.199296496323,3682.545417087562
"GCAM 8s","High-to-Low - SSP5","Europe (R10)","Capacity|Electricity|Biomass","GW",1,44.18632507472214,47.94976186780234,46.8993328037209,50.99796656387761,50.88797066235676,53.04240817279027,55.52591959483556,56.6882592859201,58.744338234558,56.66165553060201,59.75531697034588,67.74342103715739,75.94260719239885,86.13724967556094,117.3487173537033,197.1370386747757,226.1372592685684,262.3037762509981
"GCAM 8s","High-to-Low - SSP5","Europe (R10)","Capacity|Electricity|Coal","GW",1,117.9367913210311,130.6445000782068,113.1436599152998,138.2039544143579,159.204828794431,178.7486095765758,195.5608082814771,207.1231692823741,238.5282675714828,247.5795751882933,266.503287567537,230.9725558414564,114.971895252804,46.08274863097272,20.75057182744134,8.77618166815161,3.704165847278142,2.219589209388182
"GCAM 8s","High-to-Low - SSP5","Europe (R10)","Capacity|Electricity|Fossil","GW",1,355.0630469693203,378.3249893672757,365.09934244421,422.5129051729205,527.623998358336,640.5377976757266,773.2501909159892,901.839174940553,1198.581194282346,1311.088923103423,1495.204677247258,1511.763691957027,1412.425405549783,1276.852662835334,1171.168221560752,894.3189687586196,604.6211995183884,349.2084630251621
"GCAM 8s","High-to-Low - SSP5","Europe (R10)","Capacity|Electricity|Gas","GW",1,213.9765569875624,225.0131536367572,236.4461016324231,268.3663831605162,351.5988333822974,442.9752787885878,557.3832918387247,674.7047644497392,937.1155731237155,1043.392855997966,1206.583171366225,1266.212916036658,1287.60412748602,1223.708221731057,1143.851838278687,880.3188214092299,598.1939314013654,345.5506169235649
"GCAM 8s","High-to-Low - SSP5","Europe (R10)","Capacity|Electricity|Geothermal","GW",1,3.758439474568955,3.82877685125602,11.55605644776321,15.28579640817946,19.67122412690156,23.70652224624099,27.00259614484063,29.24748555460644,29.61701386635537,28.9356491318536,29.72342082139003,35.46872785811752,45.35476510590689,58.91055047132044,76.96120241559706,101.9534008002753,114.1608973430913,124.8425783037133
"GCAM 8s","High-to-Low - SSP5","Europe (R10)","Capacity|Electricity|Hydro","GW",1,207.054075113878,204.2146946121332,213.8111487270908,219.7895033941176,220.3666539057895,220.9437956448439,221.5209461565159,222.0980878955702,222.6751506810662,223.2522924201206,223.8294429317925,224.4065846708469,224.9837351825188,225.5608856941907,226.1379397070692,226.7150902187411,227.2922319577955,227.8693824694674
"GCAM 8s","High-to-Low - SSP5","Europe (R10)","Capacity|Electricity|Nuclear","GW",1,124.0901370850516,132.1957741992408,135.6924863996219,139.3704609138775,151.7898031592511,165.1638584832297,175.4573525524072,180.8445583182305,201.4849441690049,202.5630387648672,213.3301648031708,250.3332026894271,306.0255763046262,377.7396735066937,481.1497357902691,639.7954012760166,750.8412874266825,859.3488126621165
"GCAM 8s","High-to-Low - SSP5","Europe (R10)","Capacity|Electricity|Oil","GW",1,23.14969866072698,22.6673356523117,15.50958089648698,15.9425675980469,16.82033618160827,18.81390931056313,20.30609079578635,20.01124120843909,22.93735358714799,20.1164919171634,22.11821831349302,14.5782200789122,9.84938281095978,7.06169247330481,6.565811454623399,5.223965681237187,2.72310226974524,1.438256892209042
"GCAM 8s","High-to-Low - SSP5","Europe (R10)","Capacity|Electricity|Other","GW",1,0,0,0,0,0,0,0,0,0,0,0,0,0,0,0,0,0,0
"GCAM 8s","High-to-Low - SSP5","Europe (R10)","Capacity|Electricity|Solar|CSP","GW",1,2.5929739344741,2.68822890009951,5.920156521706103,7.391558880658978,8.381622911519047,9.477993091827383,10.70373250847544,11.92443582236894,8.267130142153936,7.794197549952145,8.07978143821487,9.940135865742452,13.43773791549071,18.91739415168866,28.28442353215848,44.4294723927424,57.53913943346573,71.45326643126725
"GCAM 8s","High-to-Low - SSP5","Europe (R10)","Capacity|Electricity|Solar|PV","GW",1,140.662876928567,158.2156365338788,525.5513821607155,889.4919368521837,1408.384335295969,1957.273214914846,2495.79857981376,2961.332485883045,3298.463078973159,3394.240806341135,3470.456026578465,3952.328879831982,4536.491809939772,5237.917783813089,6087.185663331034,7781.868487253265,8754.90157312782,9304.957048825589
"GCAM 8s","High-to-Low - SSP5","Europe (R10)","Capacity|Electricity|Wind|Offshore","GW",1,0,0,9.97311629661622,20.54744499472448,41.75610294899539,67.76126489722736,97.6239041508056,117.6253856704231,151.2859549270958,148.7024877193949,146.8305149767812,164.9734689193431,196.6668631027913,228.8121259514381,318.5072989247556,433.8912602009007,486.1856692883095,524.0715701584735
"GCAM 8s","High-to-Low - SSP5","Europe (R10)","Capacity|Electricity|Wind|Onshore","GW",1,202.4388874464432,197.0559054775005,413.7885908285032,538.103477631098,761.3087166762298,967.3851071209991,1162.23550158645,1323.274863355881,1332.348043862368,1384.483925696361,1402.832685170068,1611.825686277577,1888.54730767387,2213.094294217277,2554.983107624354,3363.753839174309,3806.499061375702,4057.534796608648
"GCAM 8s","High-to-Low - SSP5","India+ (R10)","Capacity|Electricity|Biomass","GW",1,3.41719674010964,3.7570321298385,2.01173763742706,4.29352580247653,6.99227183380898,11.6505677239316,18.5254833597801,26.3525582881305,34.9067033139073,42.094689663962,52.7896270591445,76.2440974701656,120.722540206736,163.468366860733,183.520006181753,129.138792888318,56.6465437065627,35.2300033063108
"GCAM 8s","High-to-Low - SSP5","India+ (R10)","Capacity|Electricity|Coal","GW",1,228.017860916186,243.211015657514,315.0920117113,409.050372307537,509.089778439868,629.820824550711,760.944768211925,884.47191195236,1023.98738253181,1141.37950374725,1287.64889769965,1234.66272722519,838.381619655143,412.44561893805,170.134281043631,52.1894467221421,21.2480954905693,12.4049703550657
"GCAM 8s","High-to-Low - SSP5","India+ (R10)","Capacity|Electricity|Fossil","GW",1,251.129936405275,264.878157823299,337.744111387681,442.353266066747,557.936697219723,704.689735265658,871.749885246022,1037.02770985204,1228.92567016342,1394.00378354953,1603.37823780578,1588.40282128628,1249.07461950291,854.78943870399,607.190917249803,410.861209158532,271.187425670002,153.815896390919
"GCAM 8s","High-to-Low - SSP5","India+ (R10)","Capacity|Electricity|Gas","GW",1,20.3577488033136,19.020687103272,20.365085865818,28.0432644474318,39.6217614147055,59.2082209949178,86.6093745498075,120.715291037886,163.634543013223,203.87095319185,255.210043630454,298.693079481242,357.891948611095,400.641620741032,408.292044803594,342.972266869061,240.523357562517,140.195629727036
"GCAM 8s","High-to-Low - SSP5","India+ (R10)","Capacity|Electricity|Geothermal","GW",1,0,0,1.4755374146929,3.51501402623129,5.07669984218422,7.45735358006719,9.77686974286239,11.5562064750603,13.0282053369707,13.3829055593945,14.6264822620915,20.8459798662826,29.170834993355,34.1690683251902,36.6711698222147,38.0258435184959,39.0223031735361,41.1040620998788
"GCAM 8s","High-to-Low - SSP5","India+ (R10)","Capacity|Electricity|Hydro","GW",1,50.8135451778738,51.3012149900618,56.1447526174264,64.9173702138992,71.9354642910775,78.9535583682558,83.3398671664923,87.7261759647287,90.8044874793311,93.883676255693,96.9619877702954,100.041176546657,103.11948806126,106.197799575862,109.276988352224,112.355299866826,115.434488643188,118.512800157791
"GCAM 8s","High-to-Low - SSP5","India+ (R10)","Capacity|Electricity|Nuclear","GW",1,6.39895858004171,7.00622449120312,8.61528861098373,11.3441549128283,14.9534660819721,19.9359474117728,26.2107951163642,33.0309103324381,41.1723543367822,48.2585157932198,57.0260031328143,76.3841611018774,116.249161589009,166.81372642261,217.893109512663,265.710893930213,311.228595922079,364.682881377925
"GCAM 8s","High-to-Low - SSP5","India+ (R10)","Capacity|Electricity|Oil","GW",1,2.75432668577508,2.64645506251235,2.28701381056347,5.25962931177751,9.22515736514951,15.6606897200298,24.1957424842898,31.8405068617886,41.3037446183841,48.7533266104303,60.5192964756733,55.0470145798549,52.8010512366709,41.7021990249076,28.7645914025779,15.6994955673282,9.41597261691534,1.21529630881775
"GCAM 8s","High-to-Low - SSP5","India+ (R10)","Capacity|Electricity|Other","GW",1,0,0,0,0,0,0,0,0,0,0,0,0,0,0,0,0,0,0
"GCAM 8s","High-to-Low - SSP5","India+ (R10)","Capacity|Electricity|Solar|CSP","GW",1,0,0,0.31482196256281,1.75628829596001,2.89572905594416,4.73023129741243,7.19038539816173,9.92438869299581,12.8071115795227,14.1355186378746,16.3030895535765,22.2662479981034,38.474257529263,62.1585872412151,87.984347712564,114.18787060716,139.901457635639,167.001588436188
"GCAM 8s","High-to-Low - SSP5","India+ (R10)","Capacity|Electricity|Solar|PV","GW",1,50.4417043462473,61.4377515321063,262.062873425257,798.783455202194,1438.71341899008,2214.41795618924,3058.95932271831,3875.87574647399,4583.85218941738,4989.64615562903,5453.56533936423,6463.58204800206,8061.05330900366,9788.43734982085,11403.3786239085,12843.0855240704,14035.5828322532,15013.8906203419
"GCAM 8s","High-to-Low - SSP5","India+ (R10)","Capacity|Electricity|Wind|Offshore","GW",1,0,0,0.388161043981083,3.05839608299904,8.0384730565097,15.8657847446219,25.8184391692968,36.0042104983014,44.0251193450295,47.7720230360075,49.6996520878196,59.1193039637155,83.5317928986464,111.997352155822,139.412485615147,161.329396270173,171.790737274092,171.878322936532
"GCAM 8s","High-to-Low - SSP5","India+ (R10)","Capacity|Electricity|Wind|Onshore","GW",1,26.5281644040019,30.4036110028185,91.2394893412492,243.142018268299,467.069820249175,712.380064855658,963.798337445143,1192.28753001558,1361.99070902582,1440.355432843,1498.39275868111,1750.76257899663,2230.30893296662,2701.11504955221,3065.84034772029,3362.68774049109,3558.52851927968,3632.92468611103
"GCAM 8s","High-to-Low - SSP5","Latin America (R10)","Capacity|Electricity|Biomass","GW",1,5.034239588746964,5.689100280423386,4.696839367661374,7.055155158770511,9.803305068281912,13.78712993351989,19.39246740961091,25.53450954741793,30.99476629415397,34.34460995743811,39.31060094555461,51.37069747305634,65.12352858757842,85.24119436724769,101.0591854758247,78.63193773852477,47.51617609847306,41.71760229635964
"GCAM 8s","High-to-Low - SSP5","Latin America (R10)","Capacity|Electricity|Coal","GW",1,15.57110227647251,15.97038524003899,18.31367344485582,24.25753979976717,33.60365962085347,47.02309174390625,64.24940522705928,83.46724401841416,104.8386604937727,120.3714195777303,138.8856054489557,126.2477640452359,64.47569334367309,29.58667078209437,14.33870385218134,5.932768209050863,3.054868411172901,2.18956608420522
"GCAM 8s","High-to-Low - SSP5","Latin America (R10)","Capacity|Electricity|Fossil","GW",1,197.3934228530892,235.1130656262963,253.3581123936781,301.6557067717873,377.6162776809767,481.0134256900112,612.3615564348622,756.3412268726942,925.4399360958307,1044.683117058058,1213.185293312368,1211.60084846105,1147.132414534917,1126.41163727909,1035.233747253706,760.625635120715,484.3539556984746,259.3091664455199
"GCAM 8s","High-to-Low - SSP5","Latin America (R10)","Capacity|Electricity|Gas","GW",1,112.8911795210629,138.1123575777505,156.0062531950913,185.2220911795485,232.8158868391425,295.8397874547649,377.5964678100222,475.0453509752232,594.4334352322326,688.9351978115589,815.3813873949439,897.8961352252738,950.2174829359286,986.3052222235788,933.4625366920311,699.8242219652195,450.6995194760236,251.2825634047862
"GCAM 8s","High-to-Low - SSP5","Latin America (R10)","Capacity|Electricity|Geothermal","GW",1,1.685321896787621,1.530097215009446,2.976789236535723,5.622701382303025,10.06641264786214,16.26680812513229,23.74417492373504,31.38587198300465,37.83724072964855,41.11705963908813,44.24053204195605,55.79255368965571,69.21598505338085,86.54062929082757,101.0336152409673,115.4055958507967,126.093505541973,132.9336134426797
"GCAM 8s","High-to-Low - SSP5","Latin America (R10)","Capacity|Electricity|Hydro","GW",1,227.2154978716795,221.0757709039654,251.6259993706547,272.7937466381824,286.9119850849195,295.7666617463892,305.059793835331,314.3530662861554,322.5068634373725,330.660485136238,338.8140191089284,346.9678162601457,355.1226661254749,363.2761123719892,371.4295586185028,379.5829171388405,387.7372406471141,395.8907746198036
"GCAM 8s","High-to-Low - SSP5","Latin America (R10)","Capacity|Electricity|Nuclear","GW",1,5.35784809466527,5.576852792767159,5.40666846684078,5.576157986821432,6.387220910333625,8.27651404215386,11.47052717626525,15.82606907045506,20.88600426371737,24.6628912852313,29.41014931124174,42.11230297161468,62.16016457892585,95.38234975258247,134.2550112373925,173.2736644525337,209.0148391227406,251.6528300374078
"GCAM 8s","High-to-Low - SSP5","Latin America (R10)","Capacity|Electricity|Oil","GW",1,68.93114105555388,81.03032280850681,79.03818575373079,92.17607579247186,111.1967312209809,138.1505464913393,170.5156833977812,197.8286318790576,226.1678403698261,235.3764996687692,258.9183004684692,187.4569491905384,132.4392382553146,110.5197442734186,87.4325067094943,54.86864494644516,30.59956781127836,5.837036956528477
"GCAM 8s","High-to-Low - SSP5","Latin America (R10)","Capacity|Electricity|Other","GW",1,0,0,0,0,0,0,0,0,0,0,0,0,0,0,0,0,0,0
"GCAM 8s","High-to-Low - SSP5","Latin America (R10)","Capacity|Electricity|Solar|CSP","GW",1,0,0.079985085639657,0.206333385604024,0.629554001320907,1.009401211498767,1.64127891187148,2.551577400670454,3.666311071703172,4.765861016987168,5.365691983138149,6.217471291761678,8.84610541889528,13.67575895731083,22.60469203771471,34.09742186862209,47.18075766582712,60.63582228646947,76.08535304252395
"GCAM 8s","High-to-Low - SSP5","Latin America (R10)","Capacity|Electricity|Solar|PV","GW",1,28.04304688799491,39.36146306334594,167.9232365244275,455.9720836632592,858.0982601733606,1356.161968683287,1918.629603653972,2495.617040926357,2990.191901172431,3265.020929117372,3520.038253986043,4241.874211329556,5168.139998716594,6643.731419660836,8134.870397808892,9425.837659627721,10343.36494324837,10982.80591964072
"GCAM 8s","High-to-Low - SSP5","Latin America (R10)","Capacity|Electricity|Wind|Offshore","GW",1,0,0,0.711379180458187,4.558305697942757,13.39331013920188,27.56840804014842,46.74288022568279,68.0102789277362,86.52395779852901,94.73609351688333,99.54321727241529,124.9892170241389,166.2317738128918,234.6798847085996,305.5369779397575,365.7416215360147,394.452639612179,417.3929449399861
"GCAM 8s","High-to-Low - SSP5","Latin America (R10)","Capacity|Electricity|Wind|Onshore","GW",1,41.21617021752049,49.84367587097653,89.87053616563679,173.6244294974177,319.3290509999855,482.1278419763169,657.599885881868,829.8205222385766,945.7735134157973,1015.530610915762,1059.818150986989,1300.818187452638,1642.388003844471,2172.340561627757,2672.936725440543,3134.45361693129,3466.2887983612,3681.136424869055
"GCAM 8s","High-to-Low - SSP5","Middle East (R10)","Capacity|Electricity|Biomass","GW",1,0,0,0.26730988381063,0.733444616753209,1.33234746582633,2.11733468319659,3.11580245435375,4.18602499927465,5.04490593676056,5.48454911246805,6.22953704467454,9.99586343348519,13.9019283574803,21.1899124749813,37.1843737271761,57.6530293384457,52.0059291582721,51.1668520855464
"GCAM 8s","High-to-Low - SSP5","Middle East (R10)","Capacity|Electricity|Coal","GW",1,4.26083632851995,4.32487778807412,4.12447330150964,5.29899394344803,6.58087053421393,7.96571494757095,9.35342218366845,10.6306522450162,11.8912376507652,12.8680882859463,13.9261634280098,9.97163114578326,3.82044927457,1.75047615900061,1.06628036240295,0.656944916818322,0.326088568921763,0.218931151090912
"GCAM 8s","High-to-Low - SSP5","Middle East (R10)","Capacity|Electricity|Fossil","GW",1,757.680297365373,766.721584631885,714.481484722755,721.679225535799,754.054599490743,801.636020411375,866.764683401785,929.199521654318,1024.47180678845,1113.330159408,1245.95639061276,1241.88604117592,1235.86316721406,1239.50775079155,1217.40184197707,1019.90996231448,699.524338458584,394.793461237034
"GCAM 8s","High-to-Low - SSP5","Middle East (R10)","Capacity|Electricity|Gas","GW",1,587.199413737138,596.195359401019,554.871790468556,551.944518213569,566.772383171641,590.952413759225,640.10812874014,714.654278290735,814.328619195613,917.130679092281,1052.92104367549,1117.60511000544,1160.95855895821,1186.12575104132,1175.05557883707,987.011763858395,681.390836611224,393.161138810009
"GCAM 8s","High-to-Low - SSP5","Middle East (R10)","Capacity|Electricity|Geothermal","GW",1,0,0,0.9937907803936161,2.28098862350256,3.34439913335397,3.99136546460826,4.35258827305166,4.75181202668704,4.89855226005778,4.63390920328676,4.67343487776113,7.89797002362476,10.8929268968632,15.2810810163262,19.8385702454278,25.4252413678374,27.0809505604649,29.0889312596943
"GCAM 8s","High-to-Low - SSP5","Middle East (R10)","Capacity|Electricity|Hydro","GW",1,7.14687610349452,6.96307221961322,9.05755221600631,11.6757399376736,14.293839933165,16.9120276548323,19.5301276503237,22.148315371991,24.7664153674824,27.3846030891497,30.0027030846411,32.6208908063084,35.2389908017998,37.8571785234671,40.4752785189585,43.0934662406258,45.7115662361172,48.3297539577845
"GCAM 8s","High-to-Low - SSP5","Middle East (R10)","Capacity|Electricity|Nuclear","GW",1,1.08829004492158,1.95707802557638,1.90219672618219,3.25534379099014,5.93585018683046,9.0048348342653,12.4637007879451,16.1309826518447,19.8700718242841,22.9842332210739,26.2546223182668,34.1286004514362,45.7123502559163,65.6333112816402,95.5757351588649,140.61004069329,178.63047703916,221.30377486394
"GCAM 8s","High-to-Low - SSP5","Middle East (R10)","Capacity|Electricity|Oil","GW",1,166.220047299716,166.201347442791,155.485220952689,164.435713378781,180.701345784889,202.717891704578,217.303132477977,203.914591118567,198.251949942067,183.33139202977,179.109183509262,114.30930002469,71.0841589812841,51.6315235912311,41.2799827775963,32.2412535392635,17.8074132784382,1.41339127593408
"GCAM 8s","High-to-Low - SSP5","Middle East (R10)","Capacity|Electricity|Other","GW",1,0,0,0,0,0,0,0,0,0,0,0,0,0,0,0,0,0,0
"GCAM 8s","High-to-Low - SSP5","Middle East (R10)","Capacity|Electricity|Solar|CSP","GW",1,0.545352856634026,0.615469652486972,0.663558083803227,0.8315217714324961,0.9496234661514481,1.11105480858175,1.30759040951454,1.52423183148649,1.08427478480181,1.09773781584211,1.16370970022708,1.49985069858571,2.14950497151209,3.60099919751252,6.17706296094535,10.932449383257,15.683827152651,21.1694808302708
"GCAM 8s","High-to-Low - SSP5","Middle East (R10)","Capacity|Electricity|Solar|PV","GW",1,10.7897626144042,13.3475874128779,171.104173884123,446.201272401666,747.246898753123,1066.76837064628,1394.044402057,1707.45127156618,1931.06006861826,2004.49519949852,2091.88353276947,2460.76429468967,2915.43111769152,3664.64504359539,4686.1166348988,6087.87112293522,7011.31824075716,7738.68399700105
"GCAM 8s","High-to-Low - SSP5","Middle East (R10)","Capacity|Electricity|Wind|Offshore","GW",1,0,0,0.49069210489576,3.47486700272231,8.81930033198363,15.6741155654004,23.3098993061718,30.4992326497874,34.6059710866926,35.0092811658135,34.0038743984562,38.8583535320278,47.2322325983894,62.7360115674764,83.8368866055486,110.394173242312,123.914771953184,134.959871397266
"GCAM 8s","High-to-Low - SSP5","Middle East (R10)","Capacity|Electricity|Wind|Onshore","GW",1,0.934496320225014,1.17137064947338,35.1957262855336,99.0465333700472,178.359103558815,255.265934361772,330.082627934665,398.78672852074,434.959443504375,433.639124547254,422.52171870826,490.941713902371,605.534078876024,813.077571019971,1099.09922468211,1503.72285008709,1791.70197386066,2014.36063427855
"GCAM 8s","High-to-Low - SSP5","North America (R10)","Capacity|Electricity|Biomass","GW",1,13.6417015877337,13.81769241901341,16.9915525508643,16.11394116527848,16.38316877202754,18.23912717425197,21.44694481531032,25.3924581296846,30.96767096459638,30.280715595824,33.94345291284492,47.66671433752362,62.43028360420065,87.0791909745793,113.8926676498739,137.407373610642,115.0238771625378,115.1193678095873
"GCAM 8s","High-to-Low - SSP5","North America (R10)","Capacity|Electricity|Coal","GW",1,183.9903220220911,211.3669168233703,140.2641175948027,185.2441596031652,196.3289795603477,201.1543611575615,205.2425945373882,211.074418082014,247.7028704083858,247.0930199897467,262.4429554857744,239.4833703577774,129.0023621120272,59.20492465736953,28.23843316950784,11.46882740733173,5.549907975098543,3.546570749700407
"GCAM 8s","High-to-Low - SSP5","North America (R10)","Capacity|Electricity|Fossil","GW",1,705.880021161272,719.8481503300363,676.597662414301,734.8660576562181,809.2706887879808,888.28176210836,979.7309561075259,1084.301572755611,1352.547022300272,1423.40520619202,1600.44819635402,1610.640802960513,1541.733098499073,1481.867965140216,1331.341637362581,971.23033157238,644.489555474957,372.8201749213934
"GCAM 8s","High-to-Low - SSP5","North America (R10)","Capacity|Electricity|Gas","GW",1,501.1964765605098,488.5466028764954,521.4478498327209,533.1723160594834,593.4269510153022,664.5206066425803,747.2223112550919,840.7768083607436,1061.619684830175,1135.171726427584,1290.176175328978,1334.439348069802,1386.305082293195,1400.220414887566,1286.227715915405,949.0890637254963,632.7992069823716,364.8488909593797
"GCAM 8s","High-to-Low - SSP5","North America (R10)","Capacity|Electricity|Geothermal","GW",1,3.11682313270008,3.15736822750493,11.79576517940948,15.26182108112959,20.30390624355002,25.67792715249079,31.19381916735862,36.51300745963399,37.85487285545265,38.33549936027018,40.44955151026264,52.4617896733078,64.50032331276991,90.8605680913419,116.0108458761175,144.4779318165565,165.9768387401649,183.4138071748112
"GCAM 8s","High-to-Low - SSP5","North America (R10)","Capacity|Electricity|Hydro","GW",1,212.7465038555831,200.9318933813571,210.4270237630757,212.7035180293597,214.9791350338857,217.2556293001697,219.5321235664547,221.8086178327397,224.0842348372647,226.3607291035487,228.6372233698337,230.9128403743587,233.1893346406437,235.4658289069287,237.7423231732127,240.0179401777377,242.2944344440227,244.5709287103077
"GCAM 8s","High-to-Low - SSP5","North America (R10)","Capacity|Electricity|Nuclear","GW",1,137.0216313472782,134.4626411194255,130.6927749584183,130.4993117521241,135.9212912446408,139.2012763997011,140.9641723355264,142.2005280378873,156.8011413986808,153.7997002393143,159.5785569899841,201.5116134055535,269.8220166292045,389.452226365807,539.2391310058852,712.905937025737,848.387430304037,993.69145146091
"GCAM 8s","High-to-Low - SSP5","North America (R10)","Capacity|Electricity|Oil","GW",1,20.69322257867161,19.93463063017022,14.88569498677722,16.4495819935693,19.51475821233158,22.60679430821847,27.26605031504597,32.45034631285742,43.22446706171491,41.14045977468389,47.82906553926656,36.71808453293758,26.42565409385857,22.44262559527799,16.87548827766121,10.67244043955155,6.14044051748701,4.424713212313766
"GCAM 8s","High-to-Low - SSP5","North America (R10)","Capacity|Electricity|Other","GW",1,0,0,0,0,0,0,0,0,0,0,0,0,0,0,0,0,0,0
"GCAM 8s","High-to-Low - SSP5","North America (R10)","Capacity|Electricity|Solar|CSP","GW",1,1.77999709847526,1.64642027417812,2.93024164447871,3.37415593614929,3.70465243597645,4.11595014769202,4.63334023124369,5.27319278360924,3.50263212594154,3.4962091604954,3.8696477340434,5.93896018767626,9.83481370772759,17.7902902868554,27.9690832853248,40.0072911871206,53.6890367183874,69.0980766832831
"GCAM 8s","High-to-Low - SSP5","North America (R10)","Capacity|Electricity|Solar|PV","GW",1,98.13016234849887,125.3646943163042,591.483661620988,934.8479061868875,1429.312069903208,1966.24453289906,2504.42969019244,3028.639591135283,3360.054170379506,3450.637363605157,3551.942427778539,4329.84778211969,5306.058498205372,6854.270940954001,8246.659142272574,9995.63994581023,11141.60549848317,11766.72525604087
"GCAM 8s","High-to-Low - SSP5","North America (R10)","Capacity|Electricity|Wind|Offshore","GW",1,0,0,4.157949773733909,8.99945528105659,18.81915467014746,31.8716299116932,47.5679112186157,61.255047497693,80.22779895442,80.1455669655966,80.8094005976454,101.2468908801889,132.5490760386033,183.4044428387353,259.1999583971684,347.144437399831,385.733169418244,410.584615796909
"GCAM 8s","High-to-Low - SSP5","North America (R10)","Capacity|Electricity|Wind|Onshore","GW",1,148.8221636737328,164.5757588485141,405.5195614095129,509.2308563475317,704.0306812657684,888.453670713494,1064.622325186227,1230.695891487811,1211.317893736722,1247.313537577806,1269.491179904098,1595.863069846842,2032.830706908942,2703.249536013279,3273.053906425781,4037.037099007149,4540.420113802814,4814.774600643792
"GCAM 8s","High-to-Low - SSP5","Pacific OECD (R10)","Capacity|Electricity|Biomass","GW",1,16.2569924227804,18.68516355458378,18.29459220413111,18.06810440580671,17.27879317332279,16.76154506108324,18.01779725730448,17.0899643350648,16.52835206158372,14.76598685350532,14.19273667144208,16.71986645418432,20.56255309788208,26.3925453211647,27.8425971432967,17.53233310632093,8.03718380549018,6.15421859095677
"GCAM 8s","High-to-Low - SSP5","Pacific OECD (R10)","Capacity|Electricity|Coal","GW",1,95.2914681548215,96.634444361129,86.51123938506791,95.7948450746558,101.6555505034493,108.246700622929,124.9886244831547,131.8516406014539,145.5879141000981,144.8262544010503,150.5876920474849,133.1564226157656,69.8068559097634,32.413082969144,14.52624174443004,4.67356153845925,1.995873364832168,1.356049199212751
"GCAM 8s","High-to-Low - SSP5","Pacific OECD (R10)","Capacity|Electricity|Fossil","GW",1,251.7590751527831,245.2236357487913,215.9779140428645,220.1792974071818,224.1121433378745,237.3644691582271,286.7959524159753,306.124219125029,348.919298495381,353.935529884422,380.544175045158,372.792704032386,328.026811762511,292.644954356682,249.1562062089,162.242697332132,96.88877723156429,49.0401362670023
"GCAM 8s","High-to-Low - SSP5","Pacific OECD (R10)","Capacity|Electricity|Gas","GW",1,135.3245665281675,122.7592402799352,114.1699033686751,110.3447478014987,108.7748516593132,113.6365412211297,139.0125438463543,151.079067320321,176.7726938256949,183.6170396524218,201.9100992658746,216.9861450406309,241.3784308218863,249.104104313189,227.3048952084423,153.9531714276128,92.8444597875192,47.1574800772085
"GCAM 8s","High-to-Low - SSP5","Pacific OECD (R10)","Capacity|Electricity|Geothermal","GW",1,1.859902206395949,1.886943610027104,3.004673393844063,3.84625892389052,5.12910077291108,6.67611027190452,8.74316364300197,10.32366311593671,10.47154238794494,10.68887327859334,11.35809618929942,15.2737174754851,20.78550931038893,27.73276794040412,32.45750744522782,35.51430082754216,37.8022165570781,39.4634246687084
"GCAM 8s","High-to-Low - SSP5","Pacific OECD (R10)","Capacity|Electricity|Hydro","GW",1,37.2145842845255,37.1985303943239,37.8793732459861,38.7310189622517,39.5825769523414,40.434222668607,41.2857806586966,42.1374263749622,42.9889843650518,43.8406300813174,44.692188071407,45.5438337876726,46.3953917777622,47.2470374940278,48.0985954841175,48.9501534742071,49.8017114642967,50.6533571805622
"GCAM 8s","High-to-Low - SSP5","Pacific OECD (R10)","Capacity|Electricity|Nuclear","GW",1,5.76296192405616,10.5296630674887,31.7767211332447,44.58135107434349,63.14377889164872,68.84291871221436,25.36673397456708,28.97025556052208,34.53436872684714,36.13187558380012,38.90617770209283,49.98541889785645,69.03938845038397,88.8568452016285,110.0596740639351,128.232942678307,142.6898309988682,162.941853750617
"GCAM 8s","High-to-Low - SSP5","Pacific OECD (R10)","Capacity|Electricity|Oil","GW",1,21.14304046979342,25.82995110772664,15.29677128912067,14.03970453102736,13.68174117511259,15.48122731416813,22.7947840864666,23.19351120325486,26.55869056958919,25.49223583094989,28.04638373179829,22.65013637598985,16.84152503086084,11.12776707435001,7.32506925602814,3.615964366060001,2.04844407921281,0.52660699058105
"GCAM 8s","High-to-Low - SSP5","Pacific OECD (R10)","Capacity|Electricity|Other","GW",1,0,0,0,0,0,0,0,0,0,0,0,0,0,0,0,0,0,0
"GCAM 8s","High-to-Low - SSP5","Pacific OECD (R10)","Capacity|Electricity|Solar|CSP","GW",1,0.003116475165799,0.002596869312021,0.023381166623152,0.04764117651605401,0.06706517370826501,0.09378088122257501,0.129415383085628,0.178063708878967,0.217075143993705,0.215974165577342,0.238010982320633,0.398708281370645,0.79666637511645,1.91654059554649,3.15326809121905,3.97300287302203,4.6565076107218,5.39794749651203
"GCAM 8s","High-to-Low - SSP5","Pacific OECD (R10)","Capacity|Electricity|Solar|PV","GW",1,81.5278000741852,92.6957134291674,160.185526543987,232.4572559298202,340.468494081097,473.862627165341,661.5892261847159,790.979979742069,850.385390669451,875.02567509661,899.590922093143,1087.137345275044,1323.972992414845,1829.2352124112,2260.889841392186,2535.432825690307,2698.602453152051,2773.835571571947
"GCAM 8s","High-to-Low - SSP5","Pacific OECD (R10)","Capacity|Electricity|Wind|Offshore","GW",1,0,0,0.6623503688554121,2.096011611996479,5.136844580034726,9.342431100749,15.78501346568383,21.568792681092,27.48163068389056,27.21461155927197,27.50958583769997,35.87954544566731,52.9782045867487,87.0429291241852,121.1986901991622,138.357034589913,141.748855057151,142.0452777834715
"GCAM 8s","High-to-Low - SSP5","Pacific OECD (R10)","Capacity|Electricity|Wind|Onshore","GW",1,12.48315748747753,14.42750445260791,30.3455656786726,46.7654088349556,82.9931700082504,124.6141576607247,186.0712120200609,220.3422509232054,237.8661750828055,239.7545173226543,231.7594984564952,274.546476214754,343.024357341532,485.360649375096,608.600377607968,695.373447776136,749.0375707481251,771.298477052659
"GCAM 8s","High-to-Low - SSP5","Reforming Economies (R10)","Capacity|Electricity|Biomass","GW",1,0.069918687227508,0.067822066519339,0.58246619055725,0.821631661324966,1.399412697980021,2.298739444966314,3.522410198862736,4.82852027810319,6.317757368771669,6.84761173632068,8.85896012632723,15.34370790900235,22.78027874155921,37.296864035887,71.2005897634436,96.8511089278456,82.0554978451744,79.7069397800449
"GCAM 8s","High-to-Low - SSP5","Reforming Economies (R10)","Capacity|Electricity|Coal","GW",1,51.538852985685,50.62629972938,63.0223102853969,68.4217656679305,75.8452657629707,84.9971446377466,94.2162299285623,101.8542910067375,110.5129868944638,113.0554686084619,121.1246443587916,108.8832545746534,59.1955560886777,28.3365691036906,15.26520860518883,7.308574694194259,2.78674943774203,1.558003451747581
"GCAM 8s","High-to-Low - SSP5","Reforming Economies (R10)","Capacity|Electricity|Fossil","GW",1,227.6135232650104,246.6122923707276,257.8240548592759,286.638886908299,326.049243602117,384.432169722129,466.554633768879,552.253163396354,658.5609424140171,705.3979392945171,796.214238650772,797.8077697323031,777.996578299166,766.810093175433,733.273091770859,552.540664416061,339.653843208297,188.6127070739447
"GCAM 8s","High-to-Low - SSP5","Reforming Economies (R10)","Capacity|Electricity|Gas","GW",1,172.4886020399201,189.0182299937874,188.474986665767,211.6359250217738,242.9250508930291,291.1146132124976,362.675937108956,440.395355404319,537.994863800758,583.003730497167,664.069151090063,679.5411200692449,711.549270341107,731.420649390653,711.275054621966,540.377315598722,334.713551618424,185.6897721611951
"GCAM 8s","High-to-Low - SSP5","Reforming Economies (R10)","Capacity|Electricity|Geothermal","GW",1,0.06968363473209101,0.071168479869762,2.388606291931203,3.66832539177972,5.85900710944852,8.566188334169901,11.23908073548141,13.27035689478783,13.76973041556861,13.93071422149263,14.6378582904057,18.73715320529545,24.71498640438104,37.5224730155355,52.9715279755371,68.4254842500242,74.6459839787461,79.2669868393474
"GCAM 8s","High-to-Low - SSP5","Reforming Economies (R10)","Capacity|Electricity|Hydro","GW",1,85.43432961765009,86.5381880898143,90.4354234570475,95.3079107224804,100.1803102617374,105.0527098009944,109.9251093402514,114.7975088795084,119.6701715972933,124.5423956841983,129.4147074972793,134.2869315841845,139.1600329328488,144.0323447459299,148.904568832835,153.7768806459161,158.6491047328213,163.5213288197264
"GCAM 8s","High-to-Low - SSP5","Reforming Economies (R10)","Capacity|Electricity|Nuclear","GW",1,32.49624560562102,33.5155641825063,34.07422778688296,36.88106507351368,46.15532327727831,56.8502846829635,67.8344176899389,77.4141631821588,88.4679262281361,92.7093352384928,102.8065964109738,140.2442890666969,196.5336204494789,301.51263769017,462.788307305649,660.38388464486,780.945645618658,891.651881301229
"GCAM 8s","High-to-Low - SSP5","Reforming Economies (R10)","Capacity|Electricity|Oil","GW",1,3.586068239405161,6.96776264756042,6.32675790811236,6.58119621859446,7.278926946116369,8.320411871884339,9.662466731360379,10.00351698529736,10.05309171879458,9.33874018888881,11.0204432019167,9.383395088404491,7.25175186938112,7.05287468108874,6.7328285437049,4.85477412314513,2.15354215213048,1.364931461002695
"GCAM 8s","High-to-Low - SSP5","Reforming Economies (R10)","Capacity|Electricity|Other","GW",1,0,0,0,0,0,0,0,0,0,0,0,0,0,0,0,0,0,0
"GCAM 8s","High-to-Low - SSP5","Reforming Economies (R10)","Capacity|Electricity|Solar|CSP","GW",1,0,0,0.06689966572023101,0.194965269475926,0.286958314647852,0.41431882855614,0.558940410578693,0.7181324490228781,0.82645093218161,0.8292441164369221,0.9199786386019321,1.45947267516843,2.54963858249696,5.43949730940968,10.3978380517996,16.8917319512422,20.9592800886561,24.2574585867565
"GCAM 8s","High-to-Low - SSP5","Reforming Economies (R10)","Capacity|Electricity|Solar|PV","GW",1,3.09940423106783,3.552180120480749,70.6803186663306,167.3729870765047,327.713179696597,532.727368578236,753.593798711542,961.5481583028311,1119.552316327619,1174.855282017897,1247.036184822876,1596.327781580739,2024.001959627563,2807.58956147788,3939.58865292897,5264.037168598001,5929.14518388667,6254.00056887373
"GCAM 8s","High-to-Low - SSP5","Reforming Economies (R10)","Capacity|Electricity|Wind|Offshore","GW",1,0,0,0.738757516662633,1.598007625759419,4.216684088020997,8.670058894320524,14.54661647757056,19.85496012728812,25.06904385246769,25.0770849848438,25.27951086581946,32.7744478805723,44.38115921221913,65.03806950248588,99.31117802755034,138.2567488203,155.2716134771846,166.841531947468
"GCAM 8s","High-to-Low - SSP5","Reforming Economies (R10)","Capacity|Electricity|Wind|Onshore","GW",1,1.156827050225207,2.291519013910251,66.2147838870378,104.6325772160762,176.6625716703289,255.8970889233446,335.7829619261108,406.641921472068,427.106552118923,434.232177073406,440.622944606277,565.195596314534,741.1619529705999,1063.45234702664,1522.781029608956,2078.280510151536,2368.479136551116,2515.534972273061
"GCAM 8s","High-to-Low - SSP5","Rest of Asia (R10)","Capacity|Electricity|Biomass","GW",1,11.47734978385114,12.86731505059904,12.11614062596023,18.06069579051566,22.58263072978673,29.06811719855287,37.53585713850178,46.13896342809795,54.1905276482352,60.83851797584439,70.0167626766655,92.59758828469033,127.2443993966652,162.5435619738473,204.0805890623874,208.0981939829806,159.9365137215646,146.7658114990726
"GCAM 8s","High-to-Low - SSP5","Rest of Asia (R10)","Capacity|Electricity|Coal","GW",1,134.8093522072791,136.1925195121124,167.7347591693625,220.8921661630879,276.4621737472922,344.5220538122659,420.1496974673926,492.8677369163158,578.0471371871853,657.3389995431585,750.0420409740075,710.8780036784517,448.3302899114406,216.0060930399568,96.17377213508983,37.19057676161925,16.41687208681129,10.19657176161827
"GCAM 8s","High-to-Low - SSP5","Rest of Asia (R10)","Capacity|Electricity|Fossil","GW",1,336.2357720119614,347.1120415419074,394.5618763598909,513.9023794128207,627.8625267362938,779.9068403761485,966.5396773219028,1147.731181060967,1363.506964830042,1577.456039113466,1837.643319297472,1802.65136899139,1553.094181222968,1288.865573156708,1078.645894956858,788.8907949071564,521.1589890764127,308.3197319271467
"GCAM 8s","High-to-Low - SSP5","Rest of Asia (R10)","Capacity|Electricity|Gas","GW",1,167.7752594024273,171.5163059989624,192.5387078669963,238.0437497058216,274.0936119796012,322.9371664631736,390.9571467799362,463.9684976075252,555.6036965336435,654.2540453249891,774.1917337438415,835.8210842554139,912.8951184131369,940.0584103854804,894.2826933709009,703.095677743838,482.1912294257125,293.3234146335882
"GCAM 8s","High-to-Low - SSP5","Rest of Asia (R10)","Capacity|Electricity|Geothermal","GW",1,4.422088260483012,4.470534211346116,8.270464652462174,13.69749139053698,19.26528170935293,25.30453936741511,31.00091615704827,35.44464813873925,37.14884660219873,38.59694846424674,40.55593692281132,54.39024397188004,81.01122080879466,109.6311098360163,135.0992977453078,161.6842225139249,176.8933842600999,188.8955308855017
"GCAM 8s","High-to-Low - SSP5","Rest of Asia (R10)","Capacity|Electricity|Hydro","GW",1,79.97954231401617,88.649809780991,82.00607838712452,86.68526102381918,91.36418048198604,96.0433631186807,100.7224580291995,105.4016406658941,110.2561879283424,113.3562993976718,116.4563231408254,119.556434610155,122.6564583533085,125.7563943702861,128.8565058396158,131.9564418565936,135.0565533259229,138.1565770690767
"GCAM 8s","High-to-Low - SSP5","Rest of Asia (R10)","Capacity|Electricity|Nuclear","GW",1,6.06608470753251,6.41528863142407,6.235423015264789,8.280679868116255,12.42240298687922,17.95504331948632,24.91880951243401,32.63978791291242,41.93605004767517,50.81913856121009,61.17394714295577,84.91960764245883,127.2547667109097,182.6103193940889,248.6476220591073,328.5621897322976,391.6164496865374,464.3526584731908
"GCAM 8s","High-to-Low - SSP5","Rest of Asia (R10)","Capacity|Electricity|Oil","GW",1,33.65116040225553,39.403216030833,34.2884093235325,54.96646354391001,77.30674100939983,112.4476201007091,155.4328330745738,190.8949465371264,229.8561311092127,265.8629942453182,313.4095445796237,255.9522810575247,191.8687728983906,132.80106973127,88.18942945086641,48.60454040169943,22.55088756388967,4.79974553194028
"GCAM 8s","High-to-Low - SSP5","Rest of Asia (R10)","Capacity|Electricity|Other","GW",1,0,0,0,0,0,0,0,0,0,0,0,0,0,0,0,0,0,0
"GCAM 8s","High-to-Low - SSP5","Rest of Asia (R10)","Capacity|Electricity|Solar|CSP","GW",1,0,0,0.467330219743558,2.179617921164334,3.24906227564526,4.79134447959262,6.764909250433214,8.946479550252597,11.04666550145133,11.71178218702755,13.39264670556238,18.89076630886611,32.03179650461371,52.4413166415815,78.02492510806033,114.0479625797683,143.5083791793061,175.1435485975439
"GCAM 8s","High-to-Low - SSP5","Rest of Asia (R10)","Capacity|Electricity|Solar|PV","GW",1,21.83578717235762,39.03851343269646,239.895437847158,717.1251243111484,1263.485444205438,1918.651394458734,2645.637655891501,3362.119680358462,3998.00710042925,4430.65981201795,4928.254862811133,5952.166337320027,7347.289589307256,8987.479769318437,10836.19617274278,13051.60847010851,14610.96133590174,15882.70340440246
"GCAM 8s","High-to-Low - SSP5","Rest of Asia (R10)","Capacity|Electricity|Wind|Offshore","GW",1,0,0,1.026623332107216,8.407978825163976,22.38976509675416,43.11855543918614,68.63247896695286,94.07151453084724,115.0840994987892,125.9578498563,132.0529503381739,161.7845570614587,220.3653975103424,287.918846045102,362.2762641465915,446.8376002315217,477.1846768788771,492.4525110215587
"GCAM 8s","High-to-Low - SSP5","Rest of Asia (R10)","Capacity|Electricity|Wind|Onshore","GW",1,4.465770679200282,5.777903531243422,66.97776594596263,200.2015128435653,377.988855555108,565.4274541118609,760.8268394843296,944.2168628716603,1090.789656604703,1176.181156574185,1258.369563341894,1540.928605878915,1981.126704232922,2466.955930919972,2953.022282359784,3474.607214382825,3816.659151052289,4021.328951948284
"GCAM 8s","High-to-Low - SSP5","World","Capacity|Electricity|Biomass","GW",1,146.691352357694,165.40016781785,153.249138794258,167.788278548809,177.713155318172,204.644472368364,248.045379679339,291.967856531088,344.154833801726,371.063818528755,433.429019943143,576.990898007119,778.616474178071,996.942029086615,1212.10831856609,1250.05630330785,1010.46068671781,966.728005927945
"GCAM 8s","High-to-Low - SSP5","World","Capacity|Electricity|Coal","GW",1,1949.69692038313,2109.60055378997,2207.63214700507,2578.53268254988,2895.11995643777,3223.48806486175,3559.8315901579,3834.76511051551,4327.98527964782,4589.25374956048,5020.71032482089,4626.72076062365,2800.6777819431,1271.30149134705,523.024691230344,179.785033546069,77.7544872428058,48.3510039444458
"GCAM 8s","High-to-Low - SSP5","World","Capacity|Electricity|Fossil","GW",1,4461.56017404179,4719.25948769222,4804.42072031028,5412.88825061309,6151.80768678616,7072.82985554278,8234.71117066667,9393.34377525124,11262.9205970331,12471.7914127977,14297.1480453731,14222.3742520577,12677.9317808584,11130.6991082629,9806.39958281436,7307.93473448492,4780.71238242768,2674.76781462008
"GCAM 8s","High-to-Low - SSP5","World","Capacity|Electricity|Gas","GW",1,2139.69221554143,2203.65833816488,2240.77742062887,2422.19414800451,2757.90810765334,3213.8729666997,3867.8281205192,4618.35451166036,5822.26171415203,6645.77855062045,7829.69269160127,8465.13191020314,9049.94544349651,9251.14475403608,8833.29511497237,6833.11010105927,4534.04770753765,2590.54776495679
"GCAM 8s","High-to-Low - SSP5","World","Capacity|Electricity|Geothermal","GW",1,15.7715367443966,15.800007861675,48.8676617955074,76.0527132263172,107.722884312634,144.393988056216,181.902913593908,214.364427242598,233.731949152225,239.38624237735,254.48518255274,331.699258966106,433.732803877876,559.905838692838,677.742381448972,804.212850494927,877.591841407911,939.544128101107
"GCAM 8s","High-to-Low - SSP5","World","Capacity|Electricity|Hydro","GW",1,1371.77256430835,1355.4,1453.5589938961,1530.62750974046,1593.48930651701,1651.08891880925,1706.49486789055,1761.90121173965,1815.03458791473,1858.10187666445,1891.80431717638,1925.50699454898,1959.21161944268,1992.91404240937,2026.61707068668,2060.31852866543,2094.02253070329,2127.72504139615
"GCAM 8s","High-to-Low - SSP5","World","Capacity|Electricity|Nuclear","GW",1,398.044880788555,417.600276649602,446.918589349626,491.314096911618,575.349302594161,654.296351163223,689.371853512348,767.656869990507,913.597079218587,979.29420457731,1094.09128512482,1426.35487752169,1973.60710538963,2708.80714932148,3600.12309830112,4617.95354768696,5421.69647056535,6303.13573296133
"GCAM 8s","High-to-Low - SSP5","World","Capacity|Electricity|Oil","GW",1,372.171038117234,406.000595737371,356.011152676334,412.161420058699,498.779622695044,635.468823981329,807.051459989569,940.224153075374,1112.67360323325,1236.7591126168,1446.74502895096,1130.52158123091,827.308555418798,608.252862879789,450.079776611651,295.039599879585,168.910187647227,35.8690457188517
"GCAM 8s","High-to-Low - SSP5","World","Capacity|Electricity|Other","GW",1,0,0,0,0,0,0,0,0,0,0,0,0,0,0,0,0,0,0
"GCAM 8s","High-to-Low - SSP5","World","Capacity|Electricity|Solar|CSP","GW",1,7.25970854599154,7.60000273542068,14.0029402777149,21.890415654482,27.3330348115357,34.9552076875864,44.8117408293685,55.8558209611141,57.4320855779944,60.9533459573135,69.915592498808,98.4652632657552,160.650204832842,256.407954060405,374.295071027817,522.335192310758,660.324228375281,807.384847618581
"GCAM 8s","High-to-Low - SSP5","World","Capacity|Electricity|Solar|PV","GW",1,671.307227851668,829.6,3335.22407323502,7541.23813168309,12544.8796632961,18117.0526698397,24045.5194121097,29716.1598355711,34505.4718699851,36921.1712858009,40053.3523311272,48435.0254877283,59549.1032898266,73674.8783017186,88461.9736661002,106058.026596448,118827.378590244,128245.263048676
"GCAM 8s","High-to-Low - SSP5","World","Capacity|Electricity|Wind|Offshore","GW",1,0,0,21.8260975372343,74.6983247314745,179.611650669391,329.438549673318,519.577990310728,703.838024382072,899.842060408049,971.286836904576,1030.33376563854,1260.51170875675,1640.76700866597,2105.60659959664,2690.15683074997,3290.42878393403,3539.78399873064,3683.96904377721
"GCAM 8s","High-to-Low - SSP5","World","Capacity|Electricity|Wind|Onshore","GW",1,630.850154955671,734.6,1697.38391772279,2804.16135862601,4462.45751828902,6144.86731555663,7876.93432233452,9467.36210086247,10321.2824542408,10947.8072790869,11549.5492669817,14179.9124031992,18055.4921771378,22846.2496881995,27473.936812804,33248.09797127,37209.8937142174,39707.4726959447
"IMAGE 3.4","Low - SSP1","Africa (R10)","Capacity|Electricity|Biomass","GW",1,23.88451997566224,,23.1478420715332,26.17077517318726,28.55420807087421,29.63124639368057,29.37164413499833,28.5158793978691,,15.91511807155609,,67.73855923242759,,186.2247432381649,,192.802943718626,,236.6770503609874
"IMAGE 3.4","Low - SSP1","Africa (R10)","Capacity|Electricity|Coal","GW",1,64.06371631315862,,67.73660844132304,66.52953461283445,72.30187831777333,76.59985635092853,87.97946419091521,90.13053350652008,,80.95702127797202,,66.911317174291,,52.49956027054014,,52.12998984673098,,67.39187262095636
"IMAGE 3.4","Low - SSP1","Africa (R10)","Capacity|Electricity|Fossil","GW",1,198.5998990796399,,212.3727049114481,228.5614130496532,290.7051061695888,373.8260487888754,434.9441813606769,469.6249699196443,,540.2196304697482,,592.9358731980678,,673.7593796214516,,809.4584986981992,,906.6727120537009
"IMAGE 3.4","Low - SSP1","Africa (R10)","Capacity|Electricity|Gas","GW",1,98.93593858337402,,105.6588093032837,113.9790113525391,174.3044715884924,273.2233177433013,337.6318787403107,372.2622858581543,,445.535687795639,,503.9178565873206,,442.3923666734808,,427.0048354968353,,429.1000563516075
"IMAGE 3.4","Low - SSP1","Africa (R10)","Capacity|Electricity|Geothermal","GW",1,0,,0,0,0,0,0,0,,0,,0,,0,,0,,0
"IMAGE 3.4","Low - SSP1","Africa (R10)","Capacity|Electricity|Hydro","GW",1,35.97921606445313,,40.47226416015625,47.536732421875,79.8396923828125,108.9398422851563,135.938935546875,162.8616923828125,,233.3221687011719,,286.2628354492188,,320.12870703125,,339.7868115234375,,343.4339301757813
"IMAGE 3.4","Low - SSP1","Africa (R10)","Capacity|Electricity|Hydrogen","GW",1,0,,0,0,1.944796586990356,20.72502887153626,38.24252229690552,71.97073416900635,,112.5987343041897,,189.131316359994,,221.6843590445018,,287.0012481360436,,355.5212722969055
"IMAGE 3.4","Low - SSP1","Africa (R10)","Capacity|Electricity|Nuclear","GW",1,1.854,,1.854,6.654,6.681266967773437,6.742152954101563,6.636384033203125,6.654,,7.677577880859376,,13.01071875,,17.76682592773437,,20.67534936523437,,19.2289306640625
"IMAGE 3.4","Low - SSP1","Africa (R10)","Capacity|Electricity|Oil","GW",1,35.60024418310728,,38.97728716684133,48.05286708427965,44.09875626332313,24.0028746946454,9.332838429450987,7.232150554969907,,13.72692139613703,,22.1066994364564,,178.8674526774307,,330.3236733546329,,410.1807830811371
"IMAGE 3.4","Low - SSP1","Africa (R10)","Capacity|Electricity|Other","GW",1,1.31386003112793,,1.40516746520996,3.190560401916504,7.044923184394836,34.3966889591217,57.64196083736419,71.26961977291107,,87.86026176142693,,91.10236351406574,,120.3816077311039,,139.5782187328339,,171.1689539206028
"IMAGE 3.4","Low - SSP1","Africa (R10)","Capacity|Electricity|Solar|CSP","GW",1,1.085,,1.085,3.095965942382812,7.586264699935914,15.45306207275391,21.93594952392578,34.96558172607422,,34.8297626953125,,47.36108911132813,,117.2056148681641,,204.7004709472656,,287.0412666015625
"IMAGE 3.4","Low - SSP1","Africa (R10)","Capacity|Electricity|Solar|PV","GW",1,9.559069335937501,,18.93045758056641,68.32225024414063,261.0472321777344,586.5090175781249,982.279427734375,1615.7887265625,,3675.15105078125,,5668.848109375,,7237.116914062501,,8993.71809375,,11073.0881640625
"IMAGE 3.4","Low - SSP1","Africa (R10)","Capacity|Electricity|Wind|Offshore","GW",1,0,,0,3.276356735229492,12.54214309692383,53.1075966796875,143.9217319335937,192.5390522460937,,218.7065278320312,,191.2365952148438,,291.496931640625,,359.971638671875,,358.985224609375
"IMAGE 3.4","Low - SSP1","Africa (R10)","Capacity|Electricity|Wind|Onshore","GW",1,6.51375308561325,,12.38581188392639,36.723091796875,76.8828134765625,167.913857421875,262.591873046875,417.7004453125,,740.090375,,980.2464062500001,,1371.616421875,,1663.44915625,,1822.45725
"IMAGE 3.4","Low - SSP1","China+ (R10)","Capacity|Electricity|Biomass","GW",1,42.80202819824253,,43.21096765136753,44.77568933105502,46.87951068115267,51.53791256713901,151.0833985595703,230.5002268066406,,329.5272380580902,,407.8079988822937,,381.0520815849304,,207.4648450622558,,106.3666966889729
"IMAGE 3.4","Low - SSP1","China+ (R10)","Capacity|Electricity|Coal","GW",1,1887.252979003906,,2011.603000244141,2197.461715286255,2129.70791796875,1922.124411071777,1571.688571046829,1155.537875023886,,514.3730232925416,,230.2072308896781,,129.626948000338,,115.8800302693844,,88.09659298685054
"IMAGE 3.4","Low - SSP1","China+ (R10)","Capacity|Electricity|Fossil","GW",1,2050.464722991943,,2261.408404479027,2547.842683221817,2465.47322716713,2260.867810142994,1988.21195498085,1663.91647913079,,1196.294111309051,,933.5993477935344,,821.8980953294357,,749.0425768389653,,589.8823603929704
"IMAGE 3.4","Low - SSP1","China+ (R10)","Capacity|Electricity|Gas","GW",1,128.2985404052734,,196.3721983642578,234.5870417480469,203.230636428833,207.3873824696541,275.0439990539551,351.3724943847656,,532.4957116699219,,596.8161124267579,,610.1968699955344,,557.9630606581134,,423.6320396123282
"IMAGE 3.4","Low - SSP1","China+ (R10)","Capacity|Electricity|Geothermal","GW",1,0,,0,0,0,0,0,0,,0,,0,,0,,0,,0
"IMAGE 3.4","Low - SSP1","China+ (R10)","Capacity|Electricity|Hydro","GW",1,373.61550390625,,527.1728974609375,706.370625,711.3602548828125,712.9688945312499,715.7202851562499,714.8713720703125,,704.550427734375,,693.0921796875001,,650.0113203125001,,661.2239853515625,,695.81746484375
"IMAGE 3.4","Low - SSP1","China+ (R10)","Capacity|Electricity|Hydrogen","GW",1,0,,0,0,1.102807615280151,4.090829078674316,5.946222648620605,9.071194877624512,,8.692070594787596,,12.09736083722115,,14.46255173382763,,15.93411312909132,,68.91134872479445
"IMAGE 3.4","Low - SSP1","China+ (R10)","Capacity|Electricity|Nuclear","GW",1,70.599,,87.015,117.0700078125,124.2058125,125.3993203125,125.05096484375,122.598927734375,,120.821904296875,,127.518029296875,,101.880236328125,,63.893859375,,95.448607421875
"IMAGE 3.4","Low - SSP1","China+ (R10)","Capacity|Electricity|Oil","GW",1,34.91320358276367,,53.43320587062836,115.7939261875153,132.5346727695465,131.3560166015625,141.4793848800659,157.0061097221375,,149.4253763465881,,106.5760044770986,,82.07427733356323,,75.19948591146743,,78.15372779379165
"IMAGE 3.4","Low - SSP1","China+ (R10)","Capacity|Electricity|Other","GW",1,0.300191000372171,,0.320866552740335,0.7637339653074741,2.054347639471292,2.373761312872171,2.515065534979105,2.597420469671488,,2.612256475836038,,2.625732313543558,,2.621525282293559,,2.529402418524027,,2.524900507360697
"IMAGE 3.4","Low - SSP1","China+ (R10)","Capacity|Electricity|Solar|CSP","GW",1,0.45020000000298,,0.57020000000298,0.57020000000298,0.5670363914519541,0.462036363668739,0.205000106841325,0.010909159690141,,6.58333301526426e-8,,6.58333301526426e-8,,6.58333301526426e-8,,6.58333301526426e-8,,6.58333301526426e-8
"IMAGE 3.4","Low - SSP1","China+ (R10)","Capacity|Electricity|Solar|PV","GW",1,274.2601472167969,,1084.679710205078,1977.582025390625,2982.098005859375,4015.228451171875,5066.176439453126,6183.498250000001,,8463.90178125,,10767.14272851563,,11475.33781835938,,10682.14244921875,,9432.111541015625
"IMAGE 3.4","Low - SSP1","China+ (R10)","Capacity|Electricity|Wind|Offshore","GW",1,9.254,,44.18984149169921,53.66649951171875,70.31862890625,80.94317968749999,190.7798984375,433.3018984375,,869.1425937500001,,1099.19321875,,889.957484375,,664.078890625,,508.426296875
"IMAGE 3.4","Low - SSP1","China+ (R10)","Capacity|Electricity|Wind|Onshore","GW",1,275.479193725586,,526.7475847167968,604.44346484375,593.551142578125,723.9193720703124,1047.135860351563,1606.194889648438,,2250.87023046875,,1871.073669921875,,1658.484990234375,,1957.368110351562,,1692.045879882812
"IMAGE 3.4","Low - SSP1","Europe (R10)","Capacity|Electricity|Biomass","GW",1,98.24678466796874,,103.6540317382812,105.874701171875,98.37175659179687,84.39197802734375,67.72183447265624,50.6714892578125,,22.26076189422607,,42.08906328821179,,94.55469838953016,,97.77192202234266,,105.8764691224098
"IMAGE 3.4","Low - SSP1","Europe (R10)","Capacity|Electricity|Coal","GW",1,291.9377433166504,,313.6790224914551,243.7231459503174,173.5862314453125,132.985689453125,118.2395579833984,116.2266621704102,,66.58142719841004,,29.98157295274734,,20.71343239269219,,25.36910292394751,,32.63887874771294
"IMAGE 3.4","Low - SSP1","Europe (R10)","Capacity|Electricity|Fossil","GW",1,634.4076201477051,,699.1751601257323,574.3873404541016,392.2812436828613,338.4687523059844,326.377888818264,367.5309008623362,,339.1600055779926,,312.814650052786,,260.9431647938583,,234.1961628714585,,245.0863054330462
"IMAGE 3.4","Low - SSP1","Europe (R10)","Capacity|Electricity|Gas","GW",1,255.3190269775391,,278.2723607177734,211.6166279296875,137.3085574951172,131.5158372497559,143.5256508178711,183.8768770751953,,207.296952960968,,249.0167515385151,,219.4369008165989,,194.9997687886096,,192.1900348815918
"IMAGE 3.4","Low - SSP1","Europe (R10)","Capacity|Electricity|Geothermal","GW",1,0,,0,0,0,0,0,0,,0,,0,,0,,0,,0
"IMAGE 3.4","Low - SSP1","Europe (R10)","Capacity|Electricity|Hydro","GW",1,239.183525390625,,254.205205078125,272.99,336.50606640625,358.4284296875,353.21269140625,346.0026015625,,335.9755234375,,319.9505859375,,319.7534140625,,315.240140625,,327.006328125
"IMAGE 3.4","Low - SSP1","Europe (R10)","Capacity|Electricity|Hydrogen","GW",1,0,,0,0,18.11433551025391,50.953546875,62.46494921875,87.33049023437499,,122.6670234375,,166.5170576171875,,148.9515927734375,,145.9951357421875,,163.888578125
"IMAGE 3.4","Low - SSP1","Europe (R10)","Capacity|Electricity|Nuclear","GW",1,116.037,,117.3236015625,118.9318984375,134.9400615234375,124.1821044921875,88.85272949218749,64.13727148437499,,58.0236201171875,,61.066041015625,,70.43207128906249,,66.7547802734375,,32.23000299072265
"IMAGE 3.4","Low - SSP1","Europe (R10)","Capacity|Electricity|Oil","GW",1,87.15084985351562,,107.2237769165039,119.0475665740967,81.38645474243164,73.96722560310363,64.61268001699449,67.42736161673068,,65.2816254186146,,33.81632556152343,,20.79283158456721,,13.82729115890144,,20.25739180374146
"IMAGE 3.4","Low - SSP1","Europe (R10)","Capacity|Electricity|Other","GW",1,3.360221954345703,,3.450789571762085,3.658010547637939,3.991126047134399,5.160725301742554,5.825780715942383,6.439440179824829,,6.655175519943237,,6.101443315505982,,7.297884790420532,,7.455579524993897,,6.98721174621582
"IMAGE 3.4","Low - SSP1","Europe (R10)","Capacity|Electricity|Solar|CSP","GW",1,2.311823910154402,,2.311766048826277,2.212017025388777,1.369392918027937,0.4013076132759451,0.125195937659591,0.125108457911759,,0.05684107884432801,,7.391836843453348e-7,,7.391836843453348e-7,,7.391836843453348e-7,,7.391836843453348e-7
"IMAGE 3.4","Low - SSP1","Europe (R10)","Capacity|Electricity|Solar|PV","GW",1,156.6216728515625,,410.2941303710938,701.8441835937501,1399.971904296875,1839.3449296875,1962.02558203125,2009.150265625,,1877.9390234375,,1866.47171875,,1969.35982421875,,1951.526421875,,1827.0927734375
"IMAGE 3.4","Low - SSP1","Europe (R10)","Capacity|Electricity|Wind|Offshore","GW",1,24.898849609375,,35.60905078125,39.72502961730957,84.44689810180664,277.270966796875,628.479681640625,942.625751953125,,911.448814453125,,764.082625,,748.0694160156249,,862.241994140625,,635.635748046875
"IMAGE 3.4","Low - SSP1","Europe (R10)","Capacity|Electricity|Wind|Onshore","GW",1,190.2747412109375,,244.6067138671875,313.43003125,356.33005859375,556.854201171875,646.2073359374999,660.8506835937501,,516.033541015625,,525.301416015625,,581.6913203125,,512.350267578125,,504.5434296875
"IMAGE 3.4","Low - SSP1","India+ (R10)","Capacity|Electricity|Biomass","GW",1,30.56822264480591,,31.11497665405273,30.41609774780273,30.98291455078125,29.32334744262695,26.13245101928711,26.97119707989693,,37.48586413002013,,93.61379379129934,,135.8663735642486,,129.2425684723906,,119.6608213870578
"IMAGE 3.4","Low - SSP1","India+ (R10)","Capacity|Electricity|Coal","GW",1,295.4042236328125,,327.8219901192189,448.5061564102173,519.0830208015442,522.7318930053711,500.0729243469237,510.9731470947266,,433.1478572778702,,302.8557722337544,,200.9169168691952,,158.6804436845419,,104.288519821167
"IMAGE 3.4","Low - SSP1","India+ (R10)","Capacity|Electricity|Fossil","GW",1,362.1431016845703,,398.6435349190235,528.5855734221935,640.4252572374344,693.7941318483353,745.2687471532822,921.3553249979318,,1103.086864306249,,1276.005689620039,,1392.464456358662,,1338.942171477347,,1323.011713827351
"IMAGE 3.4","Low - SSP1","India+ (R10)","Capacity|Electricity|Gas","GW",1,45.13969836425781,,46.78688366699218,53.07224113774299,99.59308626937866,157.526553604126,228.659803100586,381.306448852539,,623.9217478847504,,918.4592124481202,,1056.070694360122,,973.5008348771541,,816.4510830671193
"IMAGE 3.4","Low - SSP1","India+ (R10)","Capacity|Electricity|Geothermal","GW",1,0,,0,0,0,0,0,0,,0,,0,,0,,0,,0
"IMAGE 3.4","Low - SSP1","India+ (R10)","Capacity|Electricity|Hydro","GW",1,67.74448828125,,88.627783203125,166.517314453125,194.1965234375,224.45034375,242.88909375,247.770890625,,244.116,,279.5027578125,,311.794796875,,314.836609375,,315.16609375
"IMAGE 3.4","Low - SSP1","India+ (R10)","Capacity|Electricity|Hydrogen","GW",1,0,,0,0,8.17264794921875,23.449884765625,32.550439453125,53.096451171875,,105.792921875,,168.7450625,,202.9661484375,,269.96225,,351.41059375
"IMAGE 3.4","Low - SSP1","India+ (R10)","Capacity|Electricity|Nuclear","GW",1,6.978,,11.3766650390625,19.682,35.293599609375,44.0720205078125,47.834310546875,62.397548828125,,79.48533984375,,190.9069609375,,394.4457109375,,622.4130937499999,,752.823796875
"IMAGE 3.4","Low - SSP1","India+ (R10)","Capacity|Electricity|Oil","GW",1,21.5991796875,,24.0346611328125,27.00717587423325,21.74915016651153,13.5356852388382,16.5360197057724,29.07572905066609,,46.01725914362865,,54.6907049381639,,135.4768451293444,,206.7608929156505,,402.2721109390651
"IMAGE 3.4","Low - SSP1","India+ (R10)","Capacity|Electricity|Other","GW",1,0,,0,0,9.952494140625,25.777109375,29.5316103515625,30.6225,,30.292765625,,31.0961962890625,,31.4393251953125,,30.74385546875,,31.07364453125
"IMAGE 3.4","Low - SSP1","India+ (R10)","Capacity|Electricity|Solar|CSP","GW",1,0.3425,,0.3425,0.3425,2.123601104736329,7.303674072265626,13.5824052734375,15.38666455078125,,12.95498388671875,,2.78389892578125,,4.611015028785915e-7,,4.611015028785915e-7,,4.611015028785915e-7
"IMAGE 3.4","Low - SSP1","India+ (R10)","Capacity|Electricity|Solar|PV","GW",1,41.15171527099609,,159.44844921875,510.8678564453125,1102.261146484375,2112.38599609375,3392.369109375,4119.006625,,5463.3158125,,6495.7763125,,6347.6198125,,6312.737187500001,,5875.639625
"IMAGE 3.4","Low - SSP1","India+ (R10)","Capacity|Electricity|Wind|Offshore","GW",1,0,,0,8.65255792236328,63.3454609375,155.1521171875,376.31439453125,846.3592109375,,976.41521875,,961.2945937500001,,1254.5436875,,1226.1765,,998.6049375
"IMAGE 3.4","Low - SSP1","India+ (R10)","Capacity|Electricity|Wind|Onshore","GW",1,39.97895080566406,,55.017255859375,138.4539482421875,321.9311328125,415.5509140625,538.54,621.97309375,,851.8209999999999,,1015.712125,,1055.7781875,,1064.410625,,1065.1258125
"IMAGE 3.4","Low - SSP1","Latin America (R10)","Capacity|Electricity|Biomass","GW",1,65.91470220184327,,72.19808095169068,72.62522234725952,87.25212747955322,103.508392742157,110.9315167198181,101.8260525093079,,77.52512737870217,,82.15360995429032,,126.8061429321689,,108.1993107005877,,132.6973997021213
"IMAGE 3.4","Low - SSP1","Latin America (R10)","Capacity|Electricity|Coal","GW",1,24.07843193340302,,30.98513479518891,34.25203391075134,30.56712061119079,20.16792048358917,19.57704660272598,23.41287923324108,,24.06873838669062,,25.57901661163569,,21.19175867592596,,16.29129199501004,,16.15994793498582
"IMAGE 3.4","Low - SSP1","Latin America (R10)","Capacity|Electricity|Fossil","GW",1,231.0407227290869,,240.0145227917433,230.4086676567793,203.1504963845015,188.7701668286622,184.3364848929942,204.6389726929604,,215.3466857792885,,230.9626651333049,,206.7060527168375,,194.426426134369,,190.2624243649761
"IMAGE 3.4","Low - SSP1","Latin America (R10)","Capacity|Electricity|Gas","GW",1,105.5718028488159,,110.6077758316994,108.0008625626564,110.2161995987892,130.2205637345314,137.1760925307274,161.7832004112005,,176.4089121093103,,189.078760617733,,167.5090240139146,,153.610921544778,,140.1527338716637
"IMAGE 3.4","Low - SSP1","Latin America (R10)","Capacity|Electricity|Geothermal","GW",1,0,,0,0,0,0,0,0,,0,,0,,0,,0,,0
"IMAGE 3.4","Low - SSP1","Latin America (R10)","Capacity|Electricity|Hydro","GW",1,265.6849975585938,,268.031326171875,267.0852641601563,293.973099609375,326.0097109375,358.6221328125,413.78880859375,,446.9048173828125,,477.839765625,,488.17101171875,,556.3152128906249,,568.072763671875
"IMAGE 3.4","Low - SSP1","Latin America (R10)","Capacity|Electricity|Hydrogen","GW",1,0,,0,0,1.368193115234374,5.92835791015625,19.71358068847656,32.98424169921875,,45.95160815429688,,82.95237084960938,,105.37728515625,,108.2868940429688,,117.766919921875
"IMAGE 3.4","Low - SSP1","Latin America (R10)","Capacity|Electricity|Nuclear","GW",1,5.079333339929581,,5.078500007033348,5.106454552412033,6.369554476201534,5.186968024567468,3.973584754303796,2.909860236481531,,2.421126090363367,,6.192748229980469,,12.95961175537109,,27.92941168212891,,32.4768779296875
"IMAGE 3.4","Low - SSP1","Latin America (R10)","Capacity|Electricity|Oil","GW",1,101.390487946868,,98.421612164855,88.15577118337154,62.36717617452145,38.38168261054158,27.5833457595408,19.44289304851878,,14.86903528328761,,16.30488790393621,,18.00527002699693,,24.52421259458102,,33.9497425583267
"IMAGE 3.4","Low - SSP1","Latin America (R10)","Capacity|Electricity|Other","GW",1,1.928360012818128,,2.097736981201917,2.53824889068678,3.959404506482183,19.63860416039079,66.15938017663731,95.7253777047135,,108.7346491925269,,92.80278407905251,,84.4482783254236,,93.6056869655773,,81.49242502230406
"IMAGE 3.4","Low - SSP1","Latin America (R10)","Capacity|Electricity|Solar|CSP","GW",1,0.017,,0.136156997680664,0.145324996948242,0.145324996948242,0.163757667541503,0.678182697296142,1.205062663942575,,1.199840364366769,,0.6557870959341531,,0.128325014024975,,0.128325014024975,,0.128325014024975
"IMAGE 3.4","Low - SSP1","Latin America (R10)","Capacity|Electricity|Solar|PV","GW",1,23.38856116844714,,101.1920355834961,220.463947265625,453.1408935546875,756.06258203125,1178.257796875,1647.1656328125,,2711.4540078125,,3712.36693359375,,4193.7246875,,4380.15054296875,,3955.0671875
"IMAGE 3.4","Low - SSP1","Latin America (R10)","Capacity|Electricity|Wind|Offshore","GW",1,0,,0,0.020532499313354,1.77955322265625,32.459068359375,150.1525712890625,248.220615234375,,428.36425390625,,419.1850078125,,364.8203125,,377.8217109375,,447.245337890625
"IMAGE 3.4","Low - SSP1","Latin America (R10)","Capacity|Electricity|Wind|Onshore","GW",1,31.62358813476563,,49.61077001953124,56.03392822265625,110.656060546875,194.6538095703125,271.30038671875,444.3514326171875,,658.78778515625,,616.2721992187501,,523.367556640625,,542.475818359375,,519.1479912109374
"IMAGE 3.4","Low - SSP1","Middle East (R10)","Capacity|Electricity|Biomass","GW",1,37.17555078125,,36.52164847005904,36.52164847005904,35.88370706380904,37.76359768880904,41.69529690755904,33.79714009457827,,20.5260188293457,,22.84755360794068,,20.78863429832458,,14.06932082176209,,7.893481722354889
"IMAGE 3.4","Low - SSP1","Middle East (R10)","Capacity|Electricity|Coal","GW",1,6.416864794056862,,6.345587638139725,4.591756632328034,1.157483805179596,0.09194230997562401,0.003115007832646,0.00009956445172429085,,0.00003591425623744726,,0.004314435147216,,1.000688785695007,,4.731644596241882,,4.731644596241882
"IMAGE 3.4","Low - SSP1","Middle East (R10)","Capacity|Electricity|Fossil","GW",1,280.2529660284929,,280.799707310915,264.69706564188,263.9959334397316,218.9461435133219,188.6227626609355,170.1567607923932,,190.2039175111121,,208.258319724225,,180.4646456019676,,161.4047409123173,,147.7597584842
"IMAGE 3.4","Low - SSP1","Middle East (R10)","Capacity|Electricity|Gas","GW",1,170.0965020751953,,171.5097292480469,164.3434638671875,173.2915263671875,186.5453064575195,187.4626709594727,169.8046536254883,,190.0425394744873,,208.1006019840241,,173.4219890428351,,147.292609011388,,133.6814078332706
"IMAGE 3.4","Low - SSP1","Middle East (R10)","Capacity|Electricity|Geothermal","GW",1,0,,0,0,0,0,0,0,,0,,0,,0,,0,,0
"IMAGE 3.4","Low - SSP1","Middle East (R10)","Capacity|Electricity|Hydro","GW",1,15.596919921875,,16.1328701171875,16.0656103515625,20.722080078125,49.69998046875,63.170921875,63.0865390625,,62.766640625,,65.880359375,,73.779453125,,73.1578984375,,71.1757578125
"IMAGE 3.4","Low - SSP1","Middle East (R10)","Capacity|Electricity|Hydrogen","GW",1,0,,0,0,0.412641387939453,14.9466298828125,37.7588203125,38.34844223022461,,43.12292407226563,,61.70889174924791,,55.3221602764867,,116.718,,182.01083934021
"IMAGE 3.4","Low - SSP1","Middle East (R10)","Capacity|Electricity|Nuclear","GW",1,2.26,,6.236,6.236,6.68314599609375,6.79335400390625,6.9412587890625,6.9412587890625,,7.68344677734375,,8.13859619140625,,39.32412890625,,57.64626953125,,85.9627109375
"IMAGE 3.4","Low - SSP1","Middle East (R10)","Capacity|Electricity|Oil","GW",1,103.7395991592407,,102.9443904247284,95.7618451423645,89.5469232673645,32.30889474582672,1.156976693630219,0.352007602453231,,0.161342122368514,,0.15340330505371,,6.0419677734375,,9.3804873046875,,9.3467060546875
"IMAGE 3.4","Low - SSP1","Middle East (R10)","Capacity|Electricity|Other","GW",1,0.005059999998658,,0.005197200831025,0.005853278696537001,0.006282177019864,0.006959497995674001,0.007769579954445001,0.008888775404542,,0.01215080981329,,0.015028449591249,,0.017160320814698,,0.020055489111691,,0.023322210844606
"IMAGE 3.4","Low - SSP1","Middle East (R10)","Capacity|Electricity|Solar|CSP","GW",1,0.4497099914550781,,0.9435,0.9435001220703121,0.91377392578125,2.8566669921875,18.718140625,18.3805,,17.973349609375,,4.22239208984375,,6.027287109375,,37.1461796875,,45.08816015625
"IMAGE 3.4","Low - SSP1","Middle East (R10)","Capacity|Electricity|Solar|PV","GW",1,7.662994873046875,,53.202681640625,244.1263046875,377.25359375,554.07440625,649.1458125,1003.674671875,,1870.88590625,,2360.31590625,,2634.6728125,,2803.36340625,,3255.6001875
"IMAGE 3.4","Low - SSP1","Middle East (R10)","Capacity|Electricity|Wind|Offshore","GW",1,0,,0,0,0.219973495483398,29.8735390625,72.2918828125,74.3512265625,,80.7726328125,,34.43973046875,,54.65466015625,,136.64509375,,148.2505
"IMAGE 3.4","Low - SSP1","Middle East (R10)","Capacity|Electricity|Wind|Onshore","GW",1,0.9336151123046871,,1.928410034179687,1.9499599609375,2.79445703125,109.9986015625,176.259203125,178.83209375,,337.19290625,,555.344125,,649.8448125,,677.803375,,606.5638125
"IMAGE 3.4","Low - SSP1","North America (R10)","Capacity|Electricity|Biomass","GW",1,147.6485255126953,,142.4369333496094,130.5909214477539,114.0233976898193,89.64802817869186,62.3144174118042,49.12281106567383,,12.92221984672546,,15.04778157043457,,110.9023307647705,,117.3415834388733,,151.6278092975612
"IMAGE 3.4","Low - SSP1","North America (R10)","Capacity|Electricity|Coal","GW",1,326.56390625,,336.162572265625,289.6776806640624,90.20836382675171,24.76180735015869,2.221266509652137,2.7840713057518,,3.450506473931949,,4.154460297340952,,4.259665492534638,,7.667207778453827,,9.550721581041813
"IMAGE 3.4","Low - SSP1","North America (R10)","Capacity|Electricity|Fossil","GW",1,914.9890026550293,,942.2450954589845,941.8794340820313,764.192206228815,690.1306873633861,669.0692960199118,635.7227194106802,,518.8790764689425,,488.6838222379789,,308.0616174197197,,285.4633330146946,,281.6272511967961
"IMAGE 3.4","Low - SSP1","North America (R10)","Capacity|Electricity|Gas","GW",1,495.9071298828125,,511.2423835449219,559.8298383789063,590.4993567810059,588.0880968322754,588.7584822998048,564.4502878417969,,500.1765333251954,,475.9710526123047,,295.6822184562683,,270.1351400372662,,264.7637117344086
"IMAGE 3.4","Low - SSP1","North America (R10)","Capacity|Electricity|Geothermal","GW",1,0,,0,0,0,0,0,0,,0,,0,,0,,0,,0
"IMAGE 3.4","Low - SSP1","North America (R10)","Capacity|Electricity|Hydro","GW",1,186.90959375,,203.159359375,200.91375,249.18059375,304.4848984375,298.583,291.1531015625,,276.4918046875,,254.5880078125,,259.6668046875,,293.130796875,,288.99234375
"IMAGE 3.4","Low - SSP1","North America (R10)","Capacity|Electricity|Hydrogen","GW",1,7.661000722691824e-10,,7.661000722691824e-10,7.661000722691824e-10,2.016353088378907,9.7508701171875,17.24467724609375,40.47345751953125,,69.84240527343749,,99.6719384765625,,108.364138671875,,110.8422880859375,,146.526720703125
"IMAGE 3.4","Low - SSP1","North America (R10)","Capacity|Electricity|Nuclear","GW",1,107.3870234375,,109.6210234375,109.46602734375,87.7699931640625,56.9406103515625,34.88684375,18.2828798828125,,11.09407855224609,,9.177501831054688,,6.950783325195314,,1.911553253173827,,0.182625350952148
"IMAGE 3.4","Low - SSP1","North America (R10)","Capacity|Electricity|Oil","GW",1,92.5179665222168,,94.8401396484375,92.3719150390625,83.48448562105744,77.28078318095208,78.08954721045495,68.48836026313155,,15.25203666981519,,8.558309328333117,,8.11973347091675,,7.66098519897461,,7.312817881345749
"IMAGE 3.4","Low - SSP1","North America (R10)","Capacity|Electricity|Other","GW",1,3.949082021474838,,4.306459939718247,3.874167097315192,7.141237364470959,21.49497102311254,27.75745688134432,28.41351537591219,,29.72478272652626,,31.27559668761491,,30.1993678432107,,22.54816773480177,,19.24780137225985
"IMAGE 3.4","Low - SSP1","North America (R10)","Capacity|Electricity|Solar|CSP","GW",1,1.747900024414063,,1.723031982421875,1.658364013671875,1.48,1.48,1.48,1.449714965820313,,1.114026977539063,,0.103368698120117,,8.83340835571289e-8,,8.83340835571289e-8,,8.83340835571289e-8
"IMAGE 3.4","Low - SSP1","North America (R10)","Capacity|Electricity|Solar|PV","GW",1,79.07219921875,,222.9435069580078,353.9325234375,655.8425,1297.4195625,1815.78773046875,2409.72268359375,,3638.935865234375,,4215.38596484375,,4304.97005859375,,3715.803298828125,,3025.79851953125
"IMAGE 3.4","Low - SSP1","North America (R10)","Capacity|Electricity|Wind|Offshore","GW",1,0.02929999923706,,0.309416687011718,1,2.208369995117188,60.140859375,164.349564453125,218.4234765625,,224.14214453125,,128.03157421875,,116.6736171875,,175.296234375,,236.411546875
"IMAGE 3.4","Low - SSP1","North America (R10)","Capacity|Electricity|Wind|Onshore","GW",1,132.166203125,,202.988572265625,347.5751171875,370.458921875,514.0983984375,799.3371796875,1033.798046875,,971.5505703125,,881.4488125,,992.862671875,,1076.411359375,,901.3244765625001
"IMAGE 3.4","Low - SSP1","Pacific OECD (R10)","Capacity|Electricity|Biomass","GW",1,11.06327471923828,,11.24120833654702,11.03926287269592,10.39231300973892,9.051997568130494,6.35741736793518,4.347569231033325,,8.066096548080488,,19.91205272273533,,28.26568934897892,,28.63770873527042,,21.4124606663473
"IMAGE 3.4","Low - SSP1","Pacific OECD (R10)","Capacity|Electricity|Coal","GW",1,85.3942900390625,,92.72991718637942,80.50149133491516,62.57621038293839,53.57506720066071,48.62432542443275,44.86831838915497,,33.84674859476089,,16.69562777100503,,16.03246779053751,,15.05095088336763,,12.59316100744651
"IMAGE 3.4","Low - SSP1","Pacific OECD (R10)","Capacity|Electricity|Fossil","GW",1,238.1794283009768,,258.8656224823594,242.3969897243976,208.4868880547285,189.8811041846126,185.6004868895596,171.5509607785924,,142.1176260321603,,116.8858535185355,,108.1978997492177,,103.5849626797801,,83.3202357493286
"IMAGE 3.4","Low - SSP1","Pacific OECD (R10)","Capacity|Electricity|Gas","GW",1,98.32781958007813,,107.5547226063013,102.7923431706429,94.14926168584824,91.17827058124541,93.04941304206848,85.52806708145141,,85.15888329172137,,89.06963143873217,,82.64000536990167,,79.31808109111338,,59.02571034757101
"IMAGE 3.4","Low - SSP1","Pacific OECD (R10)","Capacity|Electricity|Geothermal","GW",1,0,,0,0,0,0,0,0,,0,,0,,0,,0,,0
"IMAGE 3.4","Low - SSP1","Pacific OECD (R10)","Capacity|Electricity|Hydro","GW",1,60.89,,62.0066591796875,64.7580595703125,69.1489501953125,74.34302929687499,75.1828203125,73.441380859375,,77.405169921875,,67.468228515625,,70.408689453125,,75.280580078125,,72.55955859375
"IMAGE 3.4","Low - SSP1","Pacific OECD (R10)","Capacity|Electricity|Hydrogen","GW",1,0,,0,0,1.543043272972106,8.339134307861327,11.51174920654297,11.99337341308594,,13.8957275390625,,17.81191625976562,,17.4770126953125,,29.4467607421875,,32.95040703415872
"IMAGE 3.4","Low - SSP1","Pacific OECD (R10)","Capacity|Electricity|Nuclear","GW",1,28.608419921875,,28.49816015625,27.94683984375,23.681630859375,15.39333984375,15.147,15.147,,20.768619140625,,24.395779296875,,24.398060546875,,24.24233984375,,24.902369140625
"IMAGE 3.4","Low - SSP1","Pacific OECD (R10)","Capacity|Electricity|Oil","GW",1,54.45731868183613,,58.58098268967867,59.10315521883964,51.76141598594189,45.12776640270651,43.92674842305831,41.15457530798609,,23.11199414567808,,11.12059430879832,,9.525426588778501,,9.215930705299137,,11.70136439431109
"IMAGE 3.4","Low - SSP1","Pacific OECD (R10)","Capacity|Electricity|Other","GW",1,1.7390299243927,,1.793166704177856,4.405147695302963,18.83129903388024,24.80781823563576,26.63853404617309,26.85997802853585,,27.53169936370849,,28.8409623336792,,29.30679020810127,,30.05329959321023,,30.70363602495193
"IMAGE 3.4","Low - SSP1","Pacific OECD (R10)","Capacity|Electricity|Solar|CSP","GW",1,0.003,,0.003,0.003,0.003,0.003,0.381406005859375,0.787047912597656,,0.7852385253906251,,0.398345489501953,,0.003000005960464,,0.003000005960464,,0.002999991893768
"IMAGE 3.4","Low - SSP1","Pacific OECD (R10)","Capacity|Electricity|Solar|PV","GW",1,92.06393896484376,,153.60830859375,232.455265625,254.7689765625,289.92064453125,326.93033984375,336.14838671875,,496.992234375,,739.785375,,856.3801953125001,,857.9564140625,,801.262029296875
"IMAGE 3.4","Low - SSP1","Pacific OECD (R10)","Capacity|Electricity|Wind|Offshore","GW",1,0.066,,0.350576293945312,113.4201015625,116.056703125,127.9089809570312,148.8033984375,144.20841015625,,139.16059375,,158.407328125,,164.062083984375,,114.22355078125,,136.796375
"IMAGE 3.4","Low - SSP1","Pacific OECD (R10)","Capacity|Electricity|Wind|Onshore","GW",1,15.01248046875,,25.00442529296875,29.2663125,30.35826318359375,58.39151220703125,65.917123046875,82.3438115234375,,134.8522241210937,,126.223900390625,,132.9953442382812,,147.001978515625,,160.5762846679687
"IMAGE 3.4","Low - SSP1","Reforming Economies (R10)","Capacity|Electricity|Biomass","GW",1,15.05335006713868,,18.58698883819557,30.50159515380859,41.55980917358399,43.98437707519532,46.59553372192383,48.49018280029297,,38.04076024627685,,23.92377421760565,,31.9268066577912,,28.82501804542547,,27.94036188149452
"IMAGE 3.4","Low - SSP1","Reforming Economies (R10)","Capacity|Electricity|Coal","GW",1,137.4824328804016,,138.9000712785721,128.4237847442627,126.4791398925781,129.0376883659363,96.1055409488678,80.70656782531739,,49.28775589775667,,12.28163458464341,,13.53825154820434,,13.28691530409805,,11.10766766789905
"IMAGE 3.4","Low - SSP1","Reforming Economies (R10)","Capacity|Electricity|Fossil","GW",1,622.4855222358703,,565.0271315889357,428.4325610275269,350.8493680496215,388.2507456169129,389.6818527088166,407.9656417555809,,393.6255713251122,,264.4441581543348,,263.3239156346791,,252.1043580262714,,200.8393998944207
"IMAGE 3.4","Low - SSP1","Reforming Economies (R10)","Capacity|Electricity|Gas","GW",1,432.540040309906,,382.5366962661744,259.9683144302368,187.2964814224244,223.2204354858398,267.8210916748047,304.0237058105469,,333.651263671875,,246.2623254814148,,239.2632827995653,,228.4842172758804,,181.4049214995131
"IMAGE 3.4","Low - SSP1","Reforming Economies (R10)","Capacity|Electricity|Geothermal","GW",1,0,,0,0,0,0,0,0,,0,,0,,0,,0,,0
"IMAGE 3.4","Low - SSP1","Reforming Economies (R10)","Capacity|Electricity|Hydro","GW",1,63.34964282226562,,69.26823193359375,79.73816455078125,81.46751147460938,86.4308056640625,86.38467431640625,99.99070263671875,,92.95848876953124,,116.1828056640625,,124.5579663085937,,124.6361977539063,,120.2105815429688
"IMAGE 3.4","Low - SSP1","Reforming Economies (R10)","Capacity|Electricity|Hydrogen","GW",1,0,,0,0,0,1.804092575073242,3.31295166015625,4.845495971679687,,16.36856323242188,,20.28838134765625,,31.66942431640625,,50.99840127563476,,59.48441575865448
"IMAGE 3.4","Low - SSP1","Reforming Economies (R10)","Capacity|Electricity|Nuclear","GW",1,41.57,,43.935,46.49268824005127,37.94713528442382,24.75767370605469,15.78279919433594,8.872030395507812,,6.581618469238281,,15.97176568603516,,25.91704837036133,,24.64341387939453,,23.58378717041016
"IMAGE 3.4","Low - SSP1","Reforming Economies (R10)","Capacity|Electricity|Oil","GW",1,52.46304904556275,,43.59036404418946,40.04046185302735,37.07374673461915,35.99262176513671,25.75522008514404,23.23536811971665,,10.68655175548047,,5.900198088276506,,10.52238128690957,,10.33322544629313,,8.326810727008619
"IMAGE 3.4","Low - SSP1","Reforming Economies (R10)","Capacity|Electricity|Other","GW",1,0.09710001373291001,,0.102016502380371,0.10157250213623,0.122060791015625,0.189574363708496,0.150819820404052,9.675360916137695,,51.21760417175293,,51.4819953842163,,16.3329005355835,,30.58303446960449,,42.1082583694458
"IMAGE 3.4","Low - SSP1","Reforming Economies (R10)","Capacity|Electricity|Solar|CSP","GW",1,0,,0,0,0,0.178577606201171,0.5909180297851561,0.627769714355468,,0.6007125244140621,,0.106789100646972,,5.912781125516631e-8,,5.912781125516631e-8,,5.912781125516631e-8
"IMAGE 3.4","Low - SSP1","Reforming Economies (R10)","Capacity|Electricity|Solar|PV","GW",1,10.27538638305664,,12.82206262207031,38.35465979003907,91.0274619140625,220.326025390625,394.166576171875,674.52637109375,,1386.80051953125,,2041.5794765625,,2099.4206015625,,1966.2298203125,,2075.588109375
"IMAGE 3.4","Low - SSP1","Reforming Economies (R10)","Capacity|Electricity|Wind|Offshore","GW",1,0,,0,0.16798030090332,0.563184020996093,7.196550048828125,17.01542431640625,24.23883227539063,,42.3216259765625,,34.9957578125,,28.98408349609375,,24.511673828125,,31.760548828125
"IMAGE 3.4","Low - SSP1","Reforming Economies (R10)","Capacity|Electricity|Wind|Onshore","GW",1,3.172475036621093,,6.223486938476563,14.90593359375,21.98543933105469,54.4746875,91.141095703125,109.74706640625,,285.6461328125,,385.1643203125,,374.160609375,,310.2836015625,,357.803109375
"IMAGE 3.4","Low - SSP1","Rest of Asia (R10)","Capacity|Electricity|Biomass","GW",1,24.01440223932266,,24.41183689498902,22.96214034271241,22.66937668800354,18.71733200645446,16.5010791053772,16.77463972854614,,11.58194709968567,,44.20400275611877,,113.9557796292305,,112.305741414547,,129.7577820096016
"IMAGE 3.4","Low - SSP1","Rest of Asia (R10)","Capacity|Electricity|Coal","GW",1,121.4436997276265,,138.5167379018068,141.9392019429207,157.8134607315064,147.4589376106262,114.1355660057068,137.2763205223083,,129.7522921066284,,114.6965633794367,,91.19719056356193,,69.2034852294922,,47.02516771316529
"IMAGE 3.4","Low - SSP1","Rest of Asia (R10)","Capacity|Electricity|Fossil","GW",1,227.2359557192908,,251.5832160614399,265.1329262977988,309.1448987903595,332.2262896399498,357.2249759756029,461.7831130604176,,454.9512290828304,,414.6645874530361,,328.3841981843752,,283.6333315580964,,237.8813774097967
"IMAGE 3.4","Low - SSP1","Rest of Asia (R10)","Capacity|Electricity|Gas","GW",1,75.2337847885174,,79.73071789398615,83.404160025239,114.7367278938293,155.0789586963654,211.3560632247925,290.7220611343384,,294.9233375865221,,280.5806534294635,,218.8356064468804,,159.560010804534,,127.6976379258633
"IMAGE 3.4","Low - SSP1","Rest of Asia (R10)","Capacity|Electricity|Geothermal","GW",1,0,,0,0,0,0,0,0,,0,,0,,0,,0,,0
"IMAGE 3.4","Low - SSP1","Rest of Asia (R10)","Capacity|Electricity|Hydro","GW",1,51.28244287109375,,63.19508984375,96.7760078125,129.621021484375,165.26920703125,190.81828125,203.597515625,,226.0061953125,,219.99371875,,225.43815625,,249.370375,,231.746625
"IMAGE 3.4","Low - SSP1","Rest of Asia (R10)","Capacity|Electricity|Hydrogen","GW",1,0,,0,0,0.013380559921264,5.565364990234375,25.1427666015625,66.20116796875,,97.4384375,,103.768845703125,,106.9181484375,,107.67253125,,104.6681015625
"IMAGE 3.4","Low - SSP1","Rest of Asia (R10)","Capacity|Electricity|Nuclear","GW",1,0,,0,0,0,0,0,0,,1.843589965820313,,3.943808380126953,,9.701179931640624,,85.564119140625,,95.86253124999999
"IMAGE 3.4","Low - SSP1","Rest of Asia (R10)","Capacity|Electricity|Oil","GW",1,30.55847120314691,,33.33576026564691,39.78956432963908,36.5947101650238,29.68839333295822,31.7333467451036,33.78473140377086,,30.27559938967995,,19.3873706441358,,18.35140117393296,,54.86983552407033,,63.15857177076815
"IMAGE 3.4","Low - SSP1","Rest of Asia (R10)","Capacity|Electricity|Other","GW",1,5.08860888671875,,6.1896689453125,8.448439094543456,18.90586303710938,40.04757568359375,50.41348193359375,56.91010693359375,,65.24311279296876,,70.78400244140624,,75.2222314453125,,78.25663330078125,,79.84775537109375
"IMAGE 3.4","Low - SSP1","Rest of Asia (R10)","Capacity|Electricity|Solar|CSP","GW",1,0.005,,0.005,0.09459829711914,1.618657592773438,4.356951049804688,4.532187133789063,4.532187133789063,,2.601167785644531,,0,,0,,0,,0
"IMAGE 3.4","Low - SSP1","Rest of Asia (R10)","Capacity|Electricity|Solar|PV","GW",1,23.17644090270996,,36.89459283447265,183.734263671875,394.65921875,718.996265625,1242.757609375,1576.51978125,,1433.467578125,,1330.179734375,,1287.8622109375,,1290.825515625,,1249.0502109375
"IMAGE 3.4","Low - SSP1","Rest of Asia (R10)","Capacity|Electricity|Wind|Offshore","GW",1,0.09919999694824201,,1.1035,4.824429077148437,58.138599609375,156.17644921875,355.93590625,481.774390625,,1057.4486875,,1378.2184375,,1623.6841875,,1528.0366875,,1696.7228125
"IMAGE 3.4","Low - SSP1","Rest of Asia (R10)","Capacity|Electricity|Wind|Onshore","GW",1,2.523655944824219,,12.4343974609375,15.2361787109375,44.291427734375,52.157,54.37833203125,55.89422265624999,,59.5159365234375,,63.265638671875,,67.89046875,,71.2689619140625,,72.21519677734375
"IMAGE 3.4","Low - SSP1","World","Capacity|Electricity|Biomass","GW",1,496.3713203125,,506.524515625,511.4781171875,516.5691967126131,497.5582232055664,558.704638671875,591.0172121582032,,573.851146484375,,819.3381606445313,,1230.343293457031,,1036.660998046875,,1039.910379882813
"IMAGE 3.4","Low - SSP1","World","Capacity|Electricity|Coal","GW",1,3240.038875,,3464.4806875,3635.607203201294,3363.481184570313,3029.535780162812,2558.647251037598,2161.916712768555,,1335.465114257813,,803.3675020141602,,550.9769562556744,,478.2910079934001,,393.5841286523901
"IMAGE 3.4","Low - SSP1","World","Capacity|Electricity|Fossil","GW",1,5759.79944140625,,6110.1351640625,6252.325187576294,5888.704705195032,5675.16268372035,5469.338908435583,5474.245943098665,,5093.884706848145,,4839.255033325196,,4544.203817856073,,4412.256132590346,,4206.34352585229
"IMAGE 3.4","Low - SSP1","World","Capacity|Electricity|Gas","GW",1,1905.3703125,,1990.2723125,1891.59371875,1884.6260184021,2143.984937164307,2470.485514770508,2865.12992578125,,3389.611844238281,,3757.272984375,,3505.449263183594,,3191.869131420136,,2768.099556152344
"IMAGE 3.4","Low - SSP1","World","Capacity|Electricity|Geothermal","GW",1,0,,0,0,0,0,0,0,,0,,0,,0,,0,,0
"IMAGE 3.4","Low - SSP1","World","Capacity|Electricity|Hydro","GW",1,1360.236,,1592.272,1918.752,2166.016,2411.025,2520.523,2616.565,,2700.497,,2780.761,,2843.71,,3002.979,,3034.182
"IMAGE 3.4","Low - SSP1","World","Capacity|Electricity|Hydrogen","GW",1,7.661000722691824e-10,,7.661000722691824e-10,7.661000722691824e-10,34.68819921875,145.5537594223022,253.8886392211914,416.3150405273437,,636.3704568023682,,922.6930821301044,,1013.192869506836,,1242.857220596313,,1583.138955001831
"IMAGE 3.4","Low - SSP1","World","Capacity|Electricity|Nuclear","GW",1,380.3728125,,410.938,457.58590625,463.5721875,409.4675,345.10590625,307.9408125,,316.40090625,,460.32190625,,703.775625,,995.6743125,,1162.702
"IMAGE 3.4","Low - SSP1","World","Capacity|Electricity|Oil","GW",1,614.39025390625,,655.3821640625,725.124265625,640.5975022226199,501.6419663932323,440.2061426274777,447.1993045488596,,368.8077483520508,,278.6145469360351,,487.7775984168053,,742.0959931768105,,1044.659841047555
"IMAGE 3.4","Low - SSP1","World","Capacity|Electricity|Other","GW",1,17.78151223754883,,19.67107279205322,26.98573510742187,72.009041015625,173.893828125,266.6418359375,328.52220703125,,409.8844765625,,406.12609375,,397.267109375,,435.37390625,,465.177890625
"IMAGE 3.4","Low - SSP1","World","Capacity|Electricity|Solar|CSP","GW",1,6.412133789062501,,7.120154785156251,9.065469726562501,15.8070498046875,32.659029296875,62.22937890625,77.470546875,,72.1159296875,,55.631671875,,123.364203125,,241.978,,332.2606875
"IMAGE 3.4","Low - SSP1","World","Capacity|Electricity|Solar|PV","GW",1,717.23209375,,2254.015625,4531.683,7972.072,12390.268,17009.896,21575.204,,31018.844,,39197.854,,42406.461,,42954.451,,42570.299
"IMAGE 3.4","Low - SSP1","World","Capacity|Electricity|Wind|Offshore","GW",1,34.3473515625,,81.5623828125,224.7535,409.6195,980.2293125,2248.045,3606.043,,4947.923,,5169.085,,5536.947,,5469.004,,5198.84
"IMAGE 3.4","Low - SSP1","World","Capacity|Electricity|Wind|Onshore","GW",1,697.6786875,,1136.948,1558.018,1929.24,2848.013,3952.809,5211.686,,6806.361,,7020.052000000001,,7408.692,,8022.823,,7701.804
"IMAGE 3.4","Low-to-Negative - SSP1","Africa (R10)","Capacity|Electricity|Biomass","GW",1,23.88451997566224,,23.1478420715332,26.18082545852661,28.67049655532837,28.95003847122192,28.33506066226959,62.33104675769806,,143.2808611865044,,172.085280338766,,185.0574087402839,,160.1704224331398,,89.72655528293414
"IMAGE 3.4","Low-to-Negative - SSP1","Africa (R10)","Capacity|Electricity|Coal","GW",1,64.06371631315862,,67.73660844132304,69.31774258631468,84.4975346176587,106.3817159166336,103.9690308901966,31.37088394069732,,11.7140455077436,,15.78692766795209,,29.13362823634212,,47.27467602330002,,64.27697434788499
"IMAGE 3.4","Low-to-Negative - SSP1","Africa (R10)","Capacity|Electricity|Fossil","GW",1,198.5998990796399,,212.3727049114481,234.7907059402019,303.3133404910765,396.0814699643255,393.4218195119203,185.3098354736312,,210.3600797112676,,299.9495971653196,,394.0967799401648,,452.3807597570626,,505.6335657832843
"IMAGE 3.4","Low-to-Negative - SSP1","Africa (R10)","Capacity|Electricity|Gas","GW",1,98.93593858337402,,105.6588093032837,114.4611527366638,166.3143097090051,262.8618798518181,279.3810987465381,146.4078727834225,,118.887220599913,,170.7498530866451,,242.2066518218821,,294.1172905670567,,346.4184392637871
"IMAGE 3.4","Low-to-Negative - SSP1","Africa (R10)","Capacity|Electricity|Geothermal","GW",1,0,,0,0,0,0,0,0,,0,,0,,0,,0,,0
"IMAGE 3.4","Low-to-Negative - SSP1","Africa (R10)","Capacity|Electricity|Hydro","GW",1,35.97921606445313,,40.47226416015625,47.66834130859375,75.65965869140625,108.8748271484375,136.2163559570313,168.02551171875,,475.945017578125,,589.706818359375,,597.2754785156251,,593.63708203125,,597.1319687499999
"IMAGE 3.4","Low-to-Negative - SSP1","Africa (R10)","Capacity|Electricity|Hydrogen","GW",1,0,,0,0,1.62164496588707,16.61946603417396,37.1893200378418,104.4461692733765,,248.4647262153626,,425.7008930437937,,623.3446836880815,,784.050447274552,,1065.783920074463
"IMAGE 3.4","Low-to-Negative - SSP1","Africa (R10)","Capacity|Electricity|Nuclear","GW",1,1.854,,1.854,6.654,6.654,6.654,8.737901855468749,36.81638232421875,,72.65226171875,,80.86485937500001,,84.578111328125,,87.983857421875,,88.07307031250001
"IMAGE 3.4","Low-to-Negative - SSP1","Africa (R10)","Capacity|Electricity|Oil","GW",1,35.60024418310728,,38.97728716684133,51.01181061722338,52.5014961644127,26.83787419587374,10.07168987518549,7.531078749511392,,79.758813603611,,113.4128164107225,,122.7564998819406,,110.9887931667059,,94.93815217161222
"IMAGE 3.4","Low-to-Negative - SSP1","Africa (R10)","Capacity|Electricity|Other","GW",1,1.31386003112793,,1.40516746520996,3.183578796386719,5.873129757881165,26.25942608070374,52.40284059810638,76.11411073970794,,96.51388822627068,,92.34126414883136,,125.0156648600102,,158.0207670726776,,188.7825545065403
"IMAGE 3.4","Low-to-Negative - SSP1","Africa (R10)","Capacity|Electricity|Solar|CSP","GW",1,1.085,,1.085,2.939210952758789,4.425842163085938,5.31832843017578,5.754194236755371,89.11738635253906,,226.0395288848877,,311.047056274414,,370.8808579101562,,537.0809145588875,,791.3593607177734
"IMAGE 3.4","Low-to-Negative - SSP1","Africa (R10)","Capacity|Electricity|Solar|PV","GW",1,9.559069335937501,,18.93045660400391,68.4924578857422,248.1711552734375,550.0812138671876,965.124951171875,2187.764400390625,,3717.87595703125,,5440.72230859375,,7236.78615625,,9656.31436328125,,11417.3826953125
"IMAGE 3.4","Low-to-Negative - SSP1","Africa (R10)","Capacity|Electricity|Wind|Offshore","GW",1,0,,0,2.888030059814453,8.259748626708983,37.35548625183105,98.98921630859375,279.881248046875,,395.449818359375,,363.6772529296875,,287.3862392578125,,362.4869086303711,,456.39816796875
"IMAGE 3.4","Low-to-Negative - SSP1","Africa (R10)","Capacity|Electricity|Wind|Onshore","GW",1,6.51375308561325,,12.38581078529358,33.93743081665039,58.53311840820312,147.58186328125,241.1253359375,562.4222109375,,1537.8287734375,,2266.3202109375,,2439.915234375,,2543.45010546875,,2644.13596875
"IMAGE 3.4","Low-to-Negative - SSP1","China+ (R10)","Capacity|Electricity|Biomass","GW",1,42.80202819824253,,43.21096765136753,43.56002917480502,44.74353430175815,47.06969671630893,44.49684808349643,45.28250756835972,,40.57563332939182,,36.34224111747776,,24.69696512603794,,2.669821946620847,,0.06703872990598801
"IMAGE 3.4","Low-to-Negative - SSP1","China+ (R10)","Capacity|Electricity|Coal","GW",1,1887.252979003906,,2011.603000244141,2215.834745483399,2180.676830505371,2102.325822097778,1714.32294717145,626.9843414898887,,142.6234224484051,,105.8187072673887,,99.62457202839852,,99.45973721296149,,46.98462763112781
"IMAGE 3.4","Low-to-Negative - SSP1","China+ (R10)","Capacity|Electricity|Fossil","GW",1,2050.464722991943,,2261.408404479027,2564.09597602272,2446.2807137537,2329.653792018771,1987.246569188834,1003.785613168396,,821.9608025262925,,826.6214183599845,,819.1057432832241,,677.0677535210087,,315.5278085579246
"IMAGE 3.4","Low-to-Negative - SSP1","China+ (R10)","Capacity|Electricity|Gas","GW",1,128.2985404052734,,196.3721983642578,233.7824645080566,163.9829082326889,136.5027444170713,183.868258787632,293.1239355483651,,551.9897328028418,,594.504986518051,,593.383933339614,,451.3405532442708,,242.6036310405913
"IMAGE 3.4","Low-to-Negative - SSP1","China+ (R10)","Capacity|Electricity|Geothermal","GW",1,0,,0,0,0,0,0,0,,0,,0,,0,,0,,0
"IMAGE 3.4","Low-to-Negative - SSP1","China+ (R10)","Capacity|Electricity|Hydro","GW",1,373.61550390625,,527.1728974609375,719.189515625,757.74600390625,758.52889453125,763.2138515625,772.13531640625,,761.06930078125,,747.01579296875,,685.76576171875,,565.32536328125,,739.9121562500001
"IMAGE 3.4","Low-to-Negative - SSP1","China+ (R10)","Capacity|Electricity|Hydrogen","GW",1,0,,0,0,3.60414892578125,7.37590380859375,9.938529296875,197.3427236328125,,426.4100087118149,,491.6304791107178,,502.1820507637561,,347.1912170181632,,337.2213564453125
"IMAGE 3.4","Low-to-Negative - SSP1","China+ (R10)","Capacity|Electricity|Nuclear","GW",1,70.599,,87.015,117.0700078125,124.48315234375,123.67183203125,127.77208984375,324.35413671875,,377.23554296875,,368.029703125,,332.1489765625,,305.639904296875,,432.80755078125
"IMAGE 3.4","Low-to-Negative - SSP1","China+ (R10)","Capacity|Electricity|Oil","GW",1,34.91320358276367,,53.43320587062836,114.4787660312653,101.6209750156403,90.82522550392152,89.05536322975159,83.67733613014221,,127.3476472750455,,126.2977245745447,,126.0972379152116,,126.2674630637764,,25.93954988620553
"IMAGE 3.4","Low-to-Negative - SSP1","China+ (R10)","Capacity|Electricity|Other","GW",1,0.300191000372171,,0.320866552740335,1.178143335729837,2.134517691046,2.353114073187112,2.504065153509378,2.581574263006448,,2.569206518560647,,2.637332472234964,,2.625472769170999,,2.53958458557725,,2.53772706452012
"IMAGE 3.4","Low-to-Negative - SSP1","China+ (R10)","Capacity|Electricity|Solar|CSP","GW",1,0.45020000000298,,0.57020000000298,0.57020000000298,0.5670363914519541,0.462036363668739,0.205000106841325,0.010909159690141,,6.58333301526426e-8,,6.58333301526426e-8,,6.58333301526426e-8,,6.58333301526426e-8,,6.58333301526426e-8
"IMAGE 3.4","Low-to-Negative - SSP1","China+ (R10)","Capacity|Electricity|Solar|PV","GW",1,274.2601472167969,,1084.679710205078,1962.846282958984,2981.6929375,4090.544578125,5273.609599609375,9327.198679687499,,12774.64541015625,,11974.88601953125,,7928.32823046875,,9703.934169921875,,11187.57601171875
"IMAGE 3.4","Low-to-Negative - SSP1","China+ (R10)","Capacity|Electricity|Wind|Offshore","GW",1,9.254,,44.18984149169921,82.4663984375,149.64644140625,147.42726171875,224.0906953125,757.503625,,2308.66859375,,2221.2796875,,571.76109375,,322.525609375,,746.221796875
"IMAGE 3.4","Low-to-Negative - SSP1","China+ (R10)","Capacity|Electricity|Wind|Onshore","GW",1,275.479193725586,,526.7475847167968,604.4434550781251,594.956455078125,598.1166845703125,931.8032451171875,1972.32966015625,,2308.452349609375,,2062.472360351562,,1961.894129882812,,1997.617700195312,,1589.880190429687
"IMAGE 3.4","Low-to-Negative - SSP1","Europe (R10)","Capacity|Electricity|Biomass","GW",1,98.24678466796874,,103.6540317382812,106.5305,101.1740573730469,87.19427880859374,75.05889365005493,120.3960256042481,,179.1223985290528,,257.9318777313233,,294.1492469814548,,278.2251436103011,,251.4076036902506
"IMAGE 3.4","Low-to-Negative - SSP1","Europe (R10)","Capacity|Electricity|Coal","GW",1,291.9377433166504,,313.67893850708,190.7445367584229,140.6758616943359,112.9836566162109,86.96543907666207,38.49696042007209,,30.66477145652846,,31.06557113266061,,29.73574154088227,,21.58256670555799,,15.81400095543591
"IMAGE 3.4","Low-to-Negative - SSP1","Europe (R10)","Capacity|Electricity|Fossil","GW",1,634.4076201477051,,699.1750761413574,439.667810913086,242.7506012573242,167.8795095977783,157.5391708479524,139.6206229688451,,204.0752397127561,,208.2096307386741,,203.3497557956167,,129.7105763157656,,104.8866774431517
"IMAGE 3.4","Low-to-Negative - SSP1","Europe (R10)","Capacity|Electricity|Gas","GW",1,255.3190269775391,,278.2723607177734,160.424384399414,52.25009255981445,20.30731905651093,46.01136346673965,75.41780591668933,,107.353740835093,,115.8475377972601,,117.2917937282314,,72.59641948746977,,67.83822737144766
"IMAGE 3.4","Low-to-Negative - SSP1","Europe (R10)","Capacity|Electricity|Geothermal","GW",1,0,,0,0,0,0,0,0,,0,,0,,0,,0,,0
"IMAGE 3.4","Low-to-Negative - SSP1","Europe (R10)","Capacity|Electricity|Hydro","GW",1,239.183525390625,,254.205205078125,278.82958984375,406.0996992187499,402.484765625,397.4810234375,392.395859375,,358.9806875,,345.96972265625,,317.276125,,338.2435078125,,312.63905078125
"IMAGE 3.4","Low-to-Negative - SSP1","Europe (R10)","Capacity|Electricity|Hydrogen","GW",1,0,,0,0,20.07107849121094,62.34192529296875,98.2647548828125,147.130791015625,,174.53376953125,,232.468375,,216.5796328125,,197.435705078125,,214.6780882492066
"IMAGE 3.4","Low-to-Negative - SSP1","Europe (R10)","Capacity|Electricity|Nuclear","GW",1,116.037,,117.3236015625,118.9318984375,160.8039067382813,144.7930537109375,116.7796943359375,109.393546875,,130.2308984375,,161.288947265625,,160.714767578125,,157.803208984375,,126.449720703125
"IMAGE 3.4","Low-to-Negative - SSP1","Europe (R10)","Capacity|Electricity|Oil","GW",1,87.15084985351562,,107.2237769165039,88.49888975524902,49.82464700317382,34.58853392505645,24.56236830455065,25.70585663208365,,66.05672742113472,,61.29652180875331,,56.3222205265031,,35.53159012273787,,21.23444911626814
"IMAGE 3.4","Low-to-Negative - SSP1","Europe (R10)","Capacity|Electricity|Other","GW",1,3.360221954345703,,3.450789571762085,3.669530982971192,4.357946817398071,5.340183959960937,5.933566530227661,6.272324586868287,,7.119669408798217,,7.96013179397583,,8.191625221252442,,7.7817271900177,,8.147571189880372
"IMAGE 3.4","Low-to-Negative - SSP1","Europe (R10)","Capacity|Electricity|Solar|CSP","GW",1,2.311823910154402,,2.311766048826277,2.212017025388777,1.294530941225588,0.276567977152764,0.0004562716446816922,0.0003687918968498706,,0.0001494991895160637,,7.391836843453348e-7,,7.391836843453348e-7,,7.391836843453348e-7,,7.391836843453348e-7
"IMAGE 3.4","Low-to-Negative - SSP1","Europe (R10)","Capacity|Electricity|Solar|PV","GW",1,156.6216728515625,,410.2941342773438,715.63541015625,1588.008109375,1887.61777734375,1964.07646875,1976.26134375,,1853.10897265625,,1926.9722578125,,1809.21991015625,,1761.920828125,,1852.029703125
"IMAGE 3.4","Low-to-Negative - SSP1","Europe (R10)","Capacity|Electricity|Wind|Offshore","GW",1,24.898849609375,,35.60905078125,39.81264057159424,219.0425029296875,499.42500390625,859.34281640625,1011.09077734375,,950.962015625,,822.3561015625,,669.4412167968751,,707.762072265625,,589.312373046875
"IMAGE 3.4","Low-to-Negative - SSP1","Europe (R10)","Capacity|Electricity|Wind|Onshore","GW",1,190.2747412109375,,244.6067138671875,314.8477041015625,444.04429296875,620.989208984375,667.550083984375,657.0228886718751,,534.3234453125,,610.716603515625,,557.1712832031251,,493.92248046875,,555.33712109375
"IMAGE 3.4","Low-to-Negative - SSP1","India+ (R10)","Capacity|Electricity|Biomass","GW",1,30.56822264480591,,31.11497664451599,30.37622741699219,30.2036262512207,28.2405454711914,25.33124377441406,55.2317078666687,,64.7339100036621,,62.21132842898928,,59.61723563743197,,29.89143820071779,,7.466246409540969
"IMAGE 3.4","Low-to-Negative - SSP1","India+ (R10)","Capacity|Electricity|Coal","GW",1,295.4042236328125,,327.8219901182651,453.5524888000488,571.5168741607666,633.5616537475586,551.7681804413796,260.4832293033601,,193.4781597018242,,51.32074493393088,,77.79860639601891,,86.28230269514026,,87.85723585115375
"IMAGE 3.4","Low-to-Negative - SSP1","India+ (R10)","Capacity|Electricity|Fossil","GW",1,362.1431016845703,,398.6435476133823,533.0317001063823,648.7489408216477,740.4144303226471,687.572162551716,355.2592165767057,,337.8655064531232,,388.3183681577341,,1161.209145157994,,1217.155318269665,,1278.839612078337
"IMAGE 3.4","Low-to-Negative - SSP1","India+ (R10)","Capacity|Electricity|Gas","GW",1,45.13969836425781,,46.78689343261718,52.43093712306023,58.95715947818756,98.10709616851807,127.0001236505508,92.18569813394546,,135.937595861549,,219.6448705960534,,453.9892420408898,,501.4933122747368,,568.4846537969535
"IMAGE 3.4","Low-to-Negative - SSP1","India+ (R10)","Capacity|Electricity|Geothermal","GW",1,0,,0,0,0,0,0,0,,0,,0,,0,,0,,0
"IMAGE 3.4","Low-to-Negative - SSP1","India+ (R10)","Capacity|Electricity|Hydro","GW",1,67.74448828125,,88.627783203125,166.293603515625,187.04690234375,214.600578125,239.139125,453.356890625,,489.6186015625,,526.277390625,,892.844828125,,867.2867734375,,1025.2708125
"IMAGE 3.4","Low-to-Negative - SSP1","India+ (R10)","Capacity|Electricity|Hydrogen","GW",1,0,,0,0,8.1249599609375,26.6757099609375,40.992189453125,201.38804296875,,425.4162109375,,729.0585,,1008.969,,1037.82603125,,1030.45821875
"IMAGE 3.4","Low-to-Negative - SSP1","India+ (R10)","Capacity|Electricity|Nuclear","GW",1,6.978,,11.3766650390625,19.682,25.7983701171875,26.1375400390625,38.5266591796875,167.2200234375,,336.88365625,,566.30290625,,776.30990625,,887.011,,1082.24375
"IMAGE 3.4","Low-to-Negative - SSP1","India+ (R10)","Capacity|Electricity|Oil","GW",1,21.5991796875,,24.0346640625,27.04827418327331,18.27490718269348,8.745680406570434,8.80385845978558,2.590289139400236,,8.449750889749922,,117.3527526277499,,629.4212967210852,,629.3797032997882,,622.4977224302291
"IMAGE 3.4","Low-to-Negative - SSP1","India+ (R10)","Capacity|Electricity|Other","GW",1,0,,0,0,10.51485131835938,25.81447509765625,29.615048828125,30.8467861328125,,28.79619091796875,,30.7008310546875,,29.169802734375,,29.4095712890625,,31.019158203125
"IMAGE 3.4","Low-to-Negative - SSP1","India+ (R10)","Capacity|Electricity|Solar|CSP","GW",1,0.3425,,0.3425,0.3425,0.381083892822265,1.504542053222656,2.870269866943359,4.839878936767578,,14.41021284484863,,11.725830078125,,3.00922509765625,,0.000002613068092614412,,0.000002613068092614412
"IMAGE 3.4","Low-to-Negative - SSP1","India+ (R10)","Capacity|Electricity|Solar|PV","GW",1,41.15171527099609,,159.44848046875,507.7539731445312,1097.99189453125,2146.206703125,3388.4905703125,4191.038625,,5519.2845,,5942.933,,5520.034593750001,,5677.8628125,,5537.948875
"IMAGE 3.4","Low-to-Negative - SSP1","India+ (R10)","Capacity|Electricity|Wind|Offshore","GW",1,0,,0,7.931334350585938,71.22238427734375,186.55908984375,436.71453125,1049.0349765625,,1303.087796875,,1303.62903125,,1184.435625,,1032.6559375,,1173.98271875
"IMAGE 3.4","Low-to-Negative - SSP1","India+ (R10)","Capacity|Electricity|Wind|Onshore","GW",1,39.97895080566406,,55.017255859375,133.311716796875,310.576625,419.555671875,550.17728125,681.18940625,,917.246875,,1024.948625,,951.3235,,1014.69428125,,1064.03778125
"IMAGE 3.4","Low-to-Negative - SSP1","Latin America (R10)","Capacity|Electricity|Biomass","GW",1,65.91470220184327,,72.19808095169068,72.66784246444703,87.49720755767822,106.823654460907,106.6736199913025,184.4324374558926,,430.6736136353015,,644.2991009014177,,727.5576599529313,,734.2341669190449,,655.9056638205569
"IMAGE 3.4","Low-to-Negative - SSP1","Latin America (R10)","Capacity|Electricity|Coal","GW",1,24.07843193340302,,30.98513870143891,34.27493662071227,33.25422412681579,48.64464433097839,59.32909102106095,21.9583532063663,,2.433504540627822,,3.445023788944348,,4.578097688339069,,3.948720571243204,,2.539231322371407
"IMAGE 3.4","Low-to-Negative - SSP1","Latin America (R10)","Capacity|Electricity|Fossil","GW",1,231.0407227290869,,240.0145472058058,230.1175803765059,204.9742273110151,203.8442705553174,176.2379727984481,82.29025931529766,,49.65963146784125,,53.91347294239966,,45.52741001399702,,31.91394283694504,,18.69125247022635
"IMAGE 3.4","Low-to-Negative - SSP1","Latin America (R10)","Capacity|Electricity|Gas","GW",1,105.5718028488159,,110.6077865738869,107.605601088047,109.3352507462502,117.8017085709572,94.16207724571228,50.99460402297974,,33.87802949570236,,37.23602815606411,,28.18674485767576,,19.87961127974857,,16.12035686616991
"IMAGE 3.4","Low-to-Negative - SSP1","Latin America (R10)","Capacity|Electricity|Geothermal","GW",1,0,,0,0,0,0,0,0,,0,,0,,0,,0,,0
"IMAGE 3.4","Low-to-Negative - SSP1","Latin America (R10)","Capacity|Electricity|Hydro","GW",1,265.6849975585938,,268.031326171875,267.0622734375,293.9452138671875,326.5914970703125,357.3493818359375,417.388017578125,,470.011412109375,,428.05573046875,,415.4099375,,421.01387109375,,443.884361328125
"IMAGE 3.4","Low-to-Negative - SSP1","Latin America (R10)","Capacity|Electricity|Hydrogen","GW",1,0,,0,0,1.440846755981445,7.023994018554687,25.39241491699219,49.11935693359375,,79.061580078125,,115.49901953125,,131.3944626114368,,122.065704638958,,117.6144503910746
"IMAGE 3.4","Low-to-Negative - SSP1","Latin America (R10)","Capacity|Electricity|Nuclear","GW",1,5.079333339929581,,5.078500007033348,5.106454552412033,6.371000521123409,5.258563971833093,4.62028507168661,12.26495020230184,,59.5177451171875,,75.6048623046875,,77.75339990234374,,83.26030322265626,,86.4886318359375
"IMAGE 3.4","Low-to-Negative - SSP1","Latin America (R10)","Capacity|Electricity|Oil","GW",1,101.390487946868,,98.42162193048,88.23704266774654,62.38475243794918,37.39791765338183,22.74680453167483,9.33730208595161,,13.34809743151107,,13.2324209973912,,12.76256746798221,,8.085610985953267,,0.031664281685036
"IMAGE 3.4","Low-to-Negative - SSP1","Latin America (R10)","Capacity|Electricity|Other","GW",1,1.928360012818128,,2.097736981201917,2.538888493347913,3.822615901745856,19.63825760721043,71.7677845847495,88.91552535318212,,115.8052450532392,,78.7312019677125,,66.00537846963479,,61.68111041849852,,61.40653447236494
"IMAGE 3.4","Low-to-Negative - SSP1","Latin America (R10)","Capacity|Electricity|Solar|CSP","GW",1,0.017,,0.136156997680664,0.145324996948242,0.145324996948242,0.14077954673767,0.133052270889282,0.146448888689279,,1.731252977281809,,1.970387987047434,,0.9154935778677461,,0.181929929643869,,0.128324998766184
"IMAGE 3.4","Low-to-Negative - SSP1","Latin America (R10)","Capacity|Electricity|Solar|PV","GW",1,23.38856116844714,,101.1921089172363,220.7441677246094,465.2196064453125,765.63718359375,1190.128,1846.4089296875,,2676.3366015625,,2989.79978125,,2969.76521875,,3420.41353515625,,3423.5242421875
"IMAGE 3.4","Low-to-Negative - SSP1","Latin America (R10)","Capacity|Electricity|Wind|Offshore","GW",1,0,,0,0.020888120651245,1.624840881347656,30.17279833984375,135.68575,179.136828125,,319.505455078125,,355.2614272460938,,416.353056640625,,370.713912109375,,350.5850541992187
"IMAGE 3.4","Low-to-Negative - SSP1","Latin America (R10)","Capacity|Electricity|Wind|Onshore","GW",1,31.62358813476563,,49.61077099609375,55.93666235351562,93.140271484375,178.5117744140625,269.82398828125,396.7584453125,,640.6083740234376,,633.101490234375,,491.5446513671875,,360.5533095703125,,409.5989755859375
"IMAGE 3.4","Low-to-Negative - SSP1","Middle East (R10)","Capacity|Electricity|Biomass","GW",1,37.17555078125,,36.52164847005904,36.52164847005904,35.88370706380904,33.32748831380903,29.30710932554305,21.37822618307173,,1.502977649889886,,0.152662583827972,,0.153106187343597,,0.050457711696624,,0.012000570774078
"IMAGE 3.4","Low-to-Negative - SSP1","Middle East (R10)","Capacity|Electricity|Coal","GW",1,6.416864794056862,,6.345587638139725,4.591756632328034,1.173598795413971,0.197645853519439,0.010770827233791,0.0007387286662124099,,12.16934126632002,,16.46510019551759,,16.46510019551759,,16.30567050801759,,6.089342383017589
"IMAGE 3.4","Low-to-Negative - SSP1","Middle East (R10)","Capacity|Electricity|Fossil","GW",1,280.2529660284929,,280.799707310915,264.69706564188,264.595005461216,246.7796005358696,205.7778776031733,85.52883708284376,,84.77453784026629,,113.8102357027659,,140.6399322607645,,121.2806498658934,,149.4282824342528
"IMAGE 3.4","Low-to-Negative - SSP1","Middle East (R10)","Capacity|Electricity|Gas","GW",1,170.0965020751953,,171.5097292480469,164.3434638671875,172.8334052734375,202.7906107177734,202.7368758544922,85.16694343566894,,58.74230691546202,,82.55334546818577,,109.3837519871219,,90.18389927975082,,105.5725416137352
"IMAGE 3.4","Low-to-Negative - SSP1","Middle East (R10)","Capacity|Electricity|Geothermal","GW",1,0,,0,0,0,0,0,0,,0,,0,,0,,0,,0
"IMAGE 3.4","Low-to-Negative - SSP1","Middle East (R10)","Capacity|Electricity|Hydro","GW",1,15.596919921875,,16.1328701171875,16.0656103515625,20.0182109375,49.985171875,57.5639609375,60.03941015625,,88.2633828125,,90.3259375,,88.42931250000001,,82.2554296875,,205.265296875
"IMAGE 3.4","Low-to-Negative - SSP1","Middle East (R10)","Capacity|Electricity|Hydrogen","GW",1,0,,0,0,0,8.017955078125,15.7373603515625,48.81275,,132.0355,,178.239203125,,180.92790625,,186.619296875,,237.7315
"IMAGE 3.4","Low-to-Negative - SSP1","Middle East (R10)","Capacity|Electricity|Nuclear","GW",1,2.26,,6.236,6.236,6.55810400390625,6.55810400390625,6.7372060546875,26.314990234375,,88.1268828125,,131.52740625,,134.542,,131.70990625,,236.029
"IMAGE 3.4","Low-to-Negative - SSP1","Middle East (R10)","Capacity|Electricity|Oil","GW",1,103.7395991592407,,102.9443904247284,95.7618451423645,90.5880013923645,43.79134396457673,3.030230921447277,0.361154918508604,,13.86288965848424,,14.7917900390625,,14.791080078125,,14.791080078125,,37.7663984375
"IMAGE 3.4","Low-to-Negative - SSP1","Middle East (R10)","Capacity|Electricity|Other","GW",1,0.005059999998658,,0.005197200831025,0.005853410780429001,0.006287758875638001,0.007039648123085,0.007913833208382001,0.009004931028932,,0.015303260374814,,0.021086590345948,,0.025062460478395,,0.025452690649777,,0.025228500898927
"IMAGE 3.4","Low-to-Negative - SSP1","Middle East (R10)","Capacity|Electricity|Solar|CSP","GW",1,0.4497099914550781,,0.9435,0.9435001220703121,0.91377392578125,1.389829956054688,1.504150024414062,1.515711059570312,,26.372349609375,,32.680740234375,,36.67996875,,14.619919921875,,190.703296875
"IMAGE 3.4","Low-to-Negative - SSP1","Middle East (R10)","Capacity|Electricity|Solar|PV","GW",1,7.662994873046875,,53.202681640625,244.1393046875,374.722296875,553.2788125,649.078296875,1444.6566875,,2191.885,,3065.0666875,,3488.0828125,,3587.85140625,,3058.2731875
"IMAGE 3.4","Low-to-Negative - SSP1","Middle East (R10)","Capacity|Electricity|Wind|Offshore","GW",1,0,,0,0,0.093520553588867,24.7224296875,47.930828125,59.82312890625,,131.608203125,,104.816203125,,111.555296875,,70.89384375,,276.6683125
"IMAGE 3.4","Low-to-Negative - SSP1","Middle East (R10)","Capacity|Electricity|Wind|Onshore","GW",1,0.9336151123046871,,1.928410034179687,1.9499599609375,2.035379028320313,90.1121875,176.893796875,289.99859375,,843.6203125000001,,752.709125,,887.743375,,1600.229,,1796.804
"IMAGE 3.4","Low-to-Negative - SSP1","North America (R10)","Capacity|Electricity|Biomass","GW",1,147.6485255126953,,142.4369333496094,130.1605679321289,113.3061418304443,88.87970329475404,62.79304354667664,82.23464413833618,,149.0023493694067,,200.0654467320446,,224.9760551953325,,230.323276577116,,242.1942796514041
"IMAGE 3.4","Low-to-Negative - SSP1","North America (R10)","Capacity|Electricity|Coal","GW",1,326.56390625,,336.162572265625,291.6588504054546,94.10865982055664,29.18923420715332,4.152637383401394,0.389520683491602,,17.58698564896267,,18.36619501776358,,18.39407208729302,,18.89881515980279,,7.51378131580865
"IMAGE 3.4","Low-to-Negative - SSP1","North America (R10)","Capacity|Electricity|Fossil","GW",1,914.9890026550293,,942.2450954589845,941.2819205202461,775.1684842710495,729.0853034849167,701.4772678351999,449.1653338253181,,809.617005280439,,823.4254397928918,,834.7150855584841,,689.8433339933512,,168.1672756284867
"IMAGE 3.4","Low-to-Negative - SSP1","North America (R10)","Capacity|Electricity|Gas","GW",1,495.9071298828125,,511.2423835449219,556.8862592773438,597.4926740722657,625.0318145599365,622.797862974167,359.671115024209,,685.2908563041686,,707.5694828507812,,718.8312521635247,,611.4954449350352,,159.9742936594004
"IMAGE 3.4","Low-to-Negative - SSP1","North America (R10)","Capacity|Electricity|Geothermal","GW",1,0,,0,0,0,0,0,0,,0,,0,,0,,0,,0
"IMAGE 3.4","Low-to-Negative - SSP1","North America (R10)","Capacity|Electricity|Hydro","GW",1,186.90959375,,203.159359375,200.91375,229.643,306.3310078125,300.7210078125,293.925703125,,284.2801328125,,254.949046875,,257.3990546875,,281.3313125,,287.2483359375
"IMAGE 3.4","Low-to-Negative - SSP1","North America (R10)","Capacity|Electricity|Hydrogen","GW",1,7.661000722691824e-10,,7.661000722691824e-10,7.661000722691824e-10,4.676898071289062,22.172240234375,36.06114477539062,112.1822627944946,,161.2751689194441,,222.8754913640521,,230.6269365346454,,197.2878037221454,,229.5913437612079
"IMAGE 3.4","Low-to-Negative - SSP1","North America (R10)","Capacity|Electricity|Nuclear","GW",1,107.3870234375,,109.6210234375,109.1088173828125,86.86154296875,56.781009765625,34.9606826171875,26.6010224609375,,72.05730053710938,,71.9478974609375,,70.02080541992187,,66.2472841796875,,66.00786608886719
"IMAGE 3.4","Low-to-Negative - SSP1","North America (R10)","Capacity|Electricity|Oil","GW",1,92.5179665222168,,94.8401396484375,92.73681083744765,83.56715037822723,74.86425471782685,74.52676747763157,89.10469811761752,,106.7391633273076,,97.48976192434702,,97.48976130766648,,59.44907389851326,,0.679200653277729
"IMAGE 3.4","Low-to-Negative - SSP1","North America (R10)","Capacity|Electricity|Other","GW",1,3.949082021474838,,4.306459939718247,3.873968546137214,7.137616410970688,25.85704615357518,40.53247218209504,45.31982319146394,,41.5828321544826,,28.97514120015502,,23.51284460231662,,19.75110197204351,,26.17144591584801
"IMAGE 3.4","Low-to-Negative - SSP1","North America (R10)","Capacity|Electricity|Solar|CSP","GW",1,1.747900024414063,,1.723031982421875,1.658364013671875,1.48,1.48,1.48,1.474776977539062,,1.147655029296875,,0.117561302185058,,1.544356055092067e-7,,1.544356055092067e-7,,1.544356055092067e-7
"IMAGE 3.4","Low-to-Negative - SSP1","North America (R10)","Capacity|Electricity|Solar|PV","GW",1,79.07219921875,,222.9435069580078,354.216935546875,585.6695546875001,1150.1972109375,1634.29398046875,2510.538484375,,2966.203095703125,,3471.5521953125,,3890.2605703125,,4545.16340234375,,3591.97764453125
"IMAGE 3.4","Low-to-Negative - SSP1","North America (R10)","Capacity|Electricity|Wind|Offshore","GW",1,0.02929999923706,,0.309416687011718,1,2.561301025390625,54.88258984375,158.25112109375,243.26096875,,277.31548046875,,205.72101171875,,191.8740234375,,213.97631640625,,248.0575546875
"IMAGE 3.4","Low-to-Negative - SSP1","North America (R10)","Capacity|Electricity|Wind|Onshore","GW",1,132.166203125,,202.988572265625,347.5789296875,369.6279140625,453.7236875,739.329953125,1076.793546875,,1128.24503125,,1138.006859375,,1122.3608828125,,1171.45859375,,1201.5506015625
"IMAGE 3.4","Low-to-Negative - SSP1","Pacific OECD (R10)","Capacity|Electricity|Biomass","GW",1,11.06327471923828,,11.24120833654702,11.0412564368248,10.39700323152542,9.056482804775237,6.38965140114259,13.45407610845566,,33.63718021345143,,42.52873613258456,,48.47710132050335,,44.50384703373731,,26.44143910841333
"IMAGE 3.4","Low-to-Negative - SSP1","Pacific OECD (R10)","Capacity|Electricity|Coal","GW",1,85.3942900390625,,92.72991718637942,80.52006259441374,63.32619755315781,57.25305530309678,45.67616786003113,19.18648111975193,,4.781841761348536,,6.423761894797772,,7.459939602683757,,6.233238350189918,,4.821316425598854
"IMAGE 3.4","Low-to-Negative - SSP1","Pacific OECD (R10)","Capacity|Electricity|Fossil","GW",1,238.1794283009768,,258.8656224823594,242.4662036459446,211.9335395135879,198.945104093492,160.5828040023372,89.65361077078555,,43.20344506647579,,33.7362630944509,,39.67452879661375,,35.82122604792786,,31.06233234393806
"IMAGE 3.4","Low-to-Negative - SSP1","Pacific OECD (R10)","Capacity|Electricity|Gas","GW",1,98.32781958007813,,107.5547226063013,102.8453096106052,94.39506616640092,91.7840473947525,67.13330486488343,27.5321731994152,,15.8355879352093,,19.75711239231019,,29.01850173097844,,27.79202385594458,,25.40117021824926
"IMAGE 3.4","Low-to-Negative - SSP1","Pacific OECD (R10)","Capacity|Electricity|Geothermal","GW",1,0,,0,0,0,0,0,0,,0,,0,,0,,0,,0
"IMAGE 3.4","Low-to-Negative - SSP1","Pacific OECD (R10)","Capacity|Electricity|Hydro","GW",1,60.89,,62.0066591796875,64.75374121093749,69.996498046875,74.054111328125,73.72516992187501,78.24086132812499,,94.447578125,,92.255,,87.80616015625,,87.38494921875,,84.91073046874999
"IMAGE 3.4","Low-to-Negative - SSP1","Pacific OECD (R10)","Capacity|Electricity|Hydrogen","GW",1,0,,0,0,2.085697998046875,9.049998046875,11.42936746147461,32.80718894787505,,49.75887200696737,,70.89670898541598,,96.16593945370553,,81.783941406309,,73.77479470957012
"IMAGE 3.4","Low-to-Negative - SSP1","Pacific OECD (R10)","Capacity|Electricity|Nuclear","GW",1,28.608419921875,,28.49816015625,27.94683984375,23.60405078125,15.147,15.147,15.7523603515625,,40.524599609375,,44.85466015625,,45.68098046875,,49.257970703125,,49.601119140625
"IMAGE 3.4","Low-to-Negative - SSP1","Pacific OECD (R10)","Capacity|Electricity|Oil","GW",1,54.45731868183613,,58.58098268967867,59.10083144092559,54.21227579402923,49.90800139564276,47.77333127742261,42.9349564516184,,22.58601536991795,,7.555388807342941,,3.196087462951548,,1.795963841793359,,0.8398457000899381
"IMAGE 3.4","Low-to-Negative - SSP1","Pacific OECD (R10)","Capacity|Electricity|Other","GW",1,1.7390299243927,,1.793166704177856,4.426568410634994,18.93891329169273,24.88918444657326,26.59058971023559,27.52657803463936,,28.94443599700928,,30.06575017547607,,31.60705656552315,,32.01192160248757,,32.93839316606522
"IMAGE 3.4","Low-to-Negative - SSP1","Pacific OECD (R10)","Capacity|Electricity|Solar|CSP","GW",1,0.003,,0.003,0.003,0.003,0.003,0.003,0.003,,0.003,,0.437413391113281,,0.436488494873046,,0.217043502807617,,0.003000022888183
"IMAGE 3.4","Low-to-Negative - SSP1","Pacific OECD (R10)","Capacity|Electricity|Solar|PV","GW",1,92.06393896484376,,153.60830859375,232.2266640625,256.6011171875,287.803953125,319.873859375,421.48812890625,,580.8805234375,,718.07525,,875.8038007812501,,1100.93138671875,,1257.828216796875
"IMAGE 3.4","Low-to-Negative - SSP1","Pacific OECD (R10)","Capacity|Electricity|Wind|Offshore","GW",1,0.066,,0.350576293945312,113.4186015625,115.9158984375,127.996568359375,145.04093359375,231.11278515625,,261.2318125,,279.8261171875,,201.69525390625,,191.4714765625,,186.56613671875
"IMAGE 3.4","Low-to-Negative - SSP1","Pacific OECD (R10)","Capacity|Electricity|Wind|Onshore","GW",1,15.01248046875,,25.00442529296875,29.2663125,30.131544921875,50.46269677734375,66.1582080078125,100.9715004882813,,195.3251567382813,,222.6790229492188,,224.4507514648438,,192.0972211914062,,179.5472319335937
"IMAGE 3.4","Low-to-Negative - SSP1","Reforming Economies (R10)","Capacity|Electricity|Biomass","GW",1,15.05335006713868,,18.58698954009986,29.29237786865234,39.55057513427735,41.4076784362793,41.32202245092392,42.20552166366577,,38.78270163249969,,30.33456239909533,,22.26578068560963,,26.48801365526296,,35.22404762268097
"IMAGE 3.4","Low-to-Negative - SSP1","Reforming Economies (R10)","Capacity|Electricity|Coal","GW",1,137.4824328804016,,138.9000810441971,128.7681446609497,144.7096069335938,161.5882651367187,157.821288778305,63.76689618682861,,15.91314334821701,,14.92671858748541,,14.71578456651493,,9.420308309991743,,3.620503877035939
"IMAGE 3.4","Low-to-Negative - SSP1","Reforming Economies (R10)","Capacity|Electricity|Fossil","GW",1,622.4855222358703,,565.0271420564651,430.0681724700929,356.7974414482117,403.924515018463,394.4014946393967,266.2279484625458,,224.3551136948294,,223.4486521726793,,235.0297311170605,,184.610775499828,,137.1386057004134
"IMAGE 3.4","Low-to-Negative - SSP1","Reforming Economies (R10)","Capacity|Electricity|Gas","GW",1,432.540040309906,,382.5366962661744,259.0497490005493,171.4167237319946,203.4703947143555,210.8257731628418,177.1443235397339,,200.9256451225504,,206.1582400587793,,217.9746727546758,,173.9453428805496,,132.4050109995033
"IMAGE 3.4","Low-to-Negative - SSP1","Reforming Economies (R10)","Capacity|Electricity|Geothermal","GW",1,0,,0,0,0,0,0,0,,0,,0,,0,,0,,0
"IMAGE 3.4","Low-to-Negative - SSP1","Reforming Economies (R10)","Capacity|Electricity|Hydro","GW",1,63.34964282226562,,69.26823974609374,79.92905517578124,80.99753100585937,80.14168115234375,84.24771728515626,116.294701171875,,140.567994140625,,120.3365595703125,,120.6327626953125,,121.279599609375,,116.5424306640625
"IMAGE 3.4","Low-to-Negative - SSP1","Reforming Economies (R10)","Capacity|Electricity|Hydrogen","GW",1,0,,0,0,0,1.265022678375244,4.219940633773804,21.80841803359985,,49.01095235228539,,75.51353223442729,,81.26847167968751,,96.00400504875184,,71.9207462158203
"IMAGE 3.4","Low-to-Negative - SSP1","Reforming Economies (R10)","Capacity|Electricity|Nuclear","GW",1,41.57,,43.935,46.49268824005127,37.55001401138306,22.4817998046875,15.20323291015625,22.48474047851563,,61.840515625,,80.1059501953125,,88.42125585937501,,88.11447265625,,89.147234375
"IMAGE 3.4","Low-to-Negative - SSP1","Reforming Economies (R10)","Capacity|Electricity|Oil","GW",1,52.46304904556275,,43.59036474609375,42.25027880859375,40.67111078262329,38.86585516738891,25.75443269824981,25.31672873598337,,7.516325224061962,,2.363693526414689,,2.339273795869711,,1.245124309286708,,1.113090823874106
"IMAGE 3.4","Low-to-Negative - SSP1","Reforming Economies (R10)","Capacity|Electricity|Other","GW",1,0.09710001373291001,,0.102016502380371,0.10157250213623,0.122060791015625,0.18957437133789,0.195754112243652,27.39958769989014,,52.5178914718628,,49.47300820159913,,10.25294457244873,,37.11647981262207,,43.07240756988524
"IMAGE 3.4","Low-to-Negative - SSP1","Reforming Economies (R10)","Capacity|Electricity|Solar|CSP","GW",1,0,,0,0,0,0,0.463676605224609,1.848368041992188,,1.848368041992188,,18.325759765625,,18.323130859375,,13.813599609375,,0.07903990936279201
"IMAGE 3.4","Low-to-Negative - SSP1","Reforming Economies (R10)","Capacity|Electricity|Solar|PV","GW",1,10.27538638305664,,12.82206262207031,39.91270642089845,91.619392578125,211.1953037109375,393.559130859375,798.93673046875,,2014.73574609375,,2388.0328359375,,2418.59272265625,,2780.63467578125,,2656.53919921875
"IMAGE 3.4","Low-to-Negative - SSP1","Reforming Economies (R10)","Capacity|Electricity|Wind|Offshore","GW",1,0,,0,0,0,6.225148071289062,19.18201725769043,80.58650732421876,,291.371919921875,,333.954890625,,152.412001953125,,64.01637841796875,,27.9097138671875
"IMAGE 3.4","Low-to-Negative - SSP1","Reforming Economies (R10)","Capacity|Electricity|Wind|Onshore","GW",1,3.172475036621093,,6.223486938476563,13.785833984375,19.08390026855469,41.4514150390625,78.56812548828125,180.25734765625,,455.28178125,,636.62812109375,,483.87953515625,,519.3754296875,,489.107671875
"IMAGE 3.4","Low-to-Negative - SSP1","Rest of Asia (R10)","Capacity|Electricity|Biomass","GW",1,24.01440223932266,,24.41183681488037,22.96197990798951,23.20597357559204,20.37744360542298,20.31857925605774,47.56218110084534,,131.8248112182617,,270.8942317924499,,339.8327676110268,,357.9007168750763,,320.2766630344391
"IMAGE 3.4","Low-to-Negative - SSP1","Rest of Asia (R10)","Capacity|Electricity|Coal","GW",1,121.4436997276265,,138.5167378786802,142.7063132982254,167.1819004001618,162.4601970787049,139.4234953141213,57.56556205892563,,4.073645500882995,,4.194826503309884,,6.321539700148032,,13.39226089212481,,15.71431368753497
"IMAGE 3.4","Low-to-Negative - SSP1","Rest of Asia (R10)","Capacity|Electricity|Fossil","GW",1,227.2359557192908,,251.5832160383133,265.2539421909117,310.3344797538083,344.0997608346939,332.7529459421785,272.8469883997162,,265.1814902783067,,259.5128422543076,,261.9412457572621,,162.5834466352363,,52.45089764353725
"IMAGE 3.4","Low-to-Negative - SSP1","Rest of Asia (R10)","Capacity|Electricity|Gas","GW",1,75.2337847885174,,79.73071789398615,82.49946984446049,106.4472817296982,161.7508891830444,181.242993920207,90.50927236890793,,24.1356014741268,,23.47856776482978,,25.77256849823024,,32.82469620228978,,36.66491910554143
"IMAGE 3.4","Low-to-Negative - SSP1","Rest of Asia (R10)","Capacity|Electricity|Geothermal","GW",1,0,,0,0,0,0,0,0,,0,,0,,0,,0,,0
"IMAGE 3.4","Low-to-Negative - SSP1","Rest of Asia (R10)","Capacity|Electricity|Hydro","GW",1,51.28244287109375,,63.19508984375,96.77436328125,129.9586328125,159.2224375,179.2639453125,240.7690859375,,274.37859375,,268.1663984375,,262.9143984375,,252.0311953125,,259.281796875
"IMAGE 3.4","Low-to-Negative - SSP1","Rest of Asia (R10)","Capacity|Electricity|Hydrogen","GW",1,0,,0,0,0.022162525653839,6.024110107421875,21.08558984375,88.15541015625,,149.67223828125,,162.24125,,168.78230859375,,125.951390625,,141.3113515625
"IMAGE 3.4","Low-to-Negative - SSP1","Rest of Asia (R10)","Capacity|Electricity|Nuclear","GW",1,0,,0,0,0,0,0,0,,94.4866875,,94.4866875,,98.31287890625,,150.9791875,,231.759796875
"IMAGE 3.4","Low-to-Negative - SSP1","Rest of Asia (R10)","Capacity|Electricity|Oil","GW",1,30.55847120314691,,33.33576026564691,40.04815904822585,36.70529762394843,19.88867457294473,12.08645670785018,124.7721539718826,,236.972243303297,,231.839447986168,,229.8471375588838,,116.3664895408217,,0.07166485046086
"IMAGE 3.4","Low-to-Negative - SSP1","Rest of Asia (R10)","Capacity|Electricity|Other","GW",1,5.08860888671875,,6.1896689453125,8.451962814331054,20.2816728515625,43.0755830078125,51.43884716796875,57.2255849609375,,68.45565185546874,,78.785095703125,,85.65539501953126,,88.08058740234375,,89.43229541015626
"IMAGE 3.4","Low-to-Negative - SSP1","Rest of Asia (R10)","Capacity|Electricity|Solar|CSP","GW",1,0.005,,0.005,0.09376290893554601,1.457022949218749,2.0857548828125,2.085300337791443,2.085300337791443,,0.8156051394939421,,0.00004132181033492089,,0,,0,,0
"IMAGE 3.4","Low-to-Negative - SSP1","Rest of Asia (R10)","Capacity|Electricity|Solar|PV","GW",1,23.17644090270996,,36.89459283447265,182.863580078125,389.83283984375,748.7481640625,1269.47721875,1574.175921875,,1395.57,,1136.944875,,1211.698609375,,1279.392796875,,1223.3887734375
"IMAGE 3.4","Low-to-Negative - SSP1","Rest of Asia (R10)","Capacity|Electricity|Wind|Offshore","GW",1,0.09919999694824201,,1.1035,4.819758911132812,56.05469140625,140.80577734375,326.818203125,733.3882812500001,,2088.394125,,2580.040875,,2259.170375,,2178.897875,,2224.674875
"IMAGE 3.4","Low-to-Negative - SSP1","Rest of Asia (R10)","Capacity|Electricity|Wind|Onshore","GW",1,2.523655944824219,,12.4343974609375,15.2462890625,39.806427734375,51.7674609375,54.60885888671875,56.90196533203125,,59.6772607421875,,62.85152343750001,,68.96407568359375,,71.47996728515626,,72.51937744140625
"IMAGE 3.4","Low-to-Negative - SSP1","World","Capacity|Electricity|Biomass","GW",1,496.3713203125,,506.524515625,509.293265625,514.6323598632813,491.3270458984375,440.02601953125,674.50836328125,,1213.136522460938,,1716.845966796875,,1926.783021362305,,1864.457243494034,,1628.72113389349
"IMAGE 3.4","Low-to-Negative - SSP1","World","Capacity|Electricity|Coal","GW",1,3240.038875,,3464.4806875,3611.969865478516,3481.122203125,3414.5865546875,2863.439810760498,1120.2028828125,,435.438856048584,,267.813591840893,,304.2270456725248,,322.7982839506287,,255.2313401029725
"IMAGE 3.4","Low-to-Negative - SSP1","World","Capacity|Electricity|Fossil","GW",1,5759.79944140625,,6110.1351640625,6145.471775634765,5764.8979453125,5760.70828125,5197.011070419311,2929.688142822265,,3051.053235095024,,3230.946060556322,,4135.289339308601,,3702.368096265906,,2761.825970174281
"IMAGE 3.4","Low-to-Negative - SSP1","World","Capacity|Electricity|Gas","GW",1,1905.3703125,,1990.2723125,1834.32921875,1693.42521875,1920.40840625,2015.159936523438,1398.153703125,,1932.976623046875,,2177.500243804932,,2536.03872472477,,2275.668456692919,,1701.482910099585
"IMAGE 3.4","Low-to-Negative - SSP1","World","Capacity|Electricity|Geothermal","GW",1,0,,0,0,0,0,0,0,,0,,0,,0,,0,,0
"IMAGE 3.4","Low-to-Negative - SSP1","World","Capacity|Electricity|Hydro","GW",1,1360.236,,1592.272,1937.48,2251.112,2480.815,2588.922,2992.571,,3437.563,,3463.059,,3725.754,,3609.789,,4072.087
"IMAGE 3.4","Low-to-Negative - SSP1","World","Capacity|Electricity|Hydrogen","GW",1,7.661000722691824e-10,,7.661000722691824e-10,7.661000722691824e-10,41.64744140625,166.566296875,300.3106411972046,1003.192859710693,,1895.638808280945,,2704.123473880768,,3240.241190238953,,3176.215392549515,,3520.085969970703
"IMAGE 3.4","Low-to-Negative - SSP1","World","Capacity|Electricity|Nuclear","GW",1,380.3728125,,410.938,457.2286875,478.6841875,407.48290625,368.4848125,741.202125,,1333.556,,1675.014,,1868.483,,2008.007,,2488.608
"IMAGE 3.4","Low-to-Negative - SSP1","World","Capacity|Electricity|Oil","GW",1,614.39025390625,,655.3821640625,699.17269140625,590.3505234375,425.7133203125,318.411323135376,411.3315568847656,,682.6377559995651,,785.6322249104977,,1295.023568911306,,1103.901355622359,,805.1117199717239
"IMAGE 3.4","Low-to-Negative - SSP1","World","Capacity|Electricity|Other","GW",1,17.78151223754883,,19.67107279205322,27.4300712890625,73.189609375,173.42390234375,280.98884765625,362.21090625,,442.3203359375,,399.690796875,,382.0611875,,436.418296875,,483.5333125
"IMAGE 3.4","Low-to-Negative - SSP1","World","Capacity|Electricity|Solar|CSP","GW",1,6.412133789062501,,7.120154785156251,8.90787890625,10.6676201171875,12.66083984375,14.499099609375,101.0421015625,,272.36809375,,376.3048125,,430.2451875,,565.913375,,982.273125
"IMAGE 3.4","Low-to-Negative - SSP1","World","Capacity|Electricity|Solar|PV","GW",1,717.23209375,,2254.015625,4528.831,8079.529,12391.31,17047.717,26278.465,,35690.53,,39054.987,,37348.575,,43514.416,,45206.468
"IMAGE 3.4","Low-to-Negative - SSP1","World","Capacity|Electricity|Wind|Offshore","GW",1,34.3473515625,,81.5623828125,252.35759375,624.4213125,1255.572,2452.046,4624.819,,8327.596,,8570.562,,6046.084,,5515.401,,6280.377
"IMAGE 3.4","Low-to-Negative - SSP1","World","Capacity|Electricity|Wind|Onshore","GW",1,697.6786875,,1136.948,1550.304,1961.936,2652.273,3776.039,5974.646,,8620.609,,9410.434,,9189.247,,9964.877,,10002.52
"IMAGE 3.4","Medium-to-Low - SSP1","Africa (R10)","Capacity|Electricity|Biomass","GW",1,23.88451997566224,,23.1478420715332,26.11589833450317,28.48770750808716,28.74839079093933,26.92053798675537,24.46337204360962,,11.86378790545464,,6.655895331859938,,22.35771943140065,,94.67088002347981,,232.6442823486332
"IMAGE 3.4","Medium-to-Low - SSP1","Africa (R10)","Capacity|Electricity|Coal","GW",1,64.06371631315862,,67.73660844132304,69.35744772547483,84.58758541275189,106.4183022136688,133.4637005529404,138.9965598410741,,130.642732052803,,112.1488402941451,,71.03952325821956,,45.51209326409474,,48.70051308366163
"IMAGE 3.4","Medium-to-Low - SSP1","Africa (R10)","Capacity|Electricity|Fossil","GW",1,198.5998990796399,,212.3727049114481,234.8548775853664,303.4695626453697,396.2590315526128,487.8824135365487,537.2968519423939,,590.5182429718809,,717.9771964224255,,790.9921768650943,,870.2563451071987,,938.7486008923602
"IMAGE 3.4","Medium-to-Low - SSP1","Africa (R10)","Capacity|Electricity|Gas","GW",1,98.93593858337402,,105.6588093032837,114.4651374435425,166.3307944211252,262.9943492231369,341.0562735300065,386.6370023550987,,446.4308713302613,,587.6429215087892,,699.3592078537941,,800.548295953989,,850.6070833800964
"IMAGE 3.4","Medium-to-Low - SSP1","Africa (R10)","Capacity|Electricity|Geothermal","GW",1,0,,0,0,0,0,0,0,,0,,0,,0,,0,,0
"IMAGE 3.4","Medium-to-Low - SSP1","Africa (R10)","Capacity|Electricity|Hydro","GW",1,35.97921606445313,,40.47226416015625,47.66837060546875,75.65834033203124,108.8731455078125,136.4251372070312,162.6833168945313,,232.4176721191406,,274.4957963867188,,295.9875922851563,,305.0933872070312,,307.4788796386719
"IMAGE 3.4","Medium-to-Low - SSP1","Africa (R10)","Capacity|Electricity|Hydrogen","GW",1,0,,0,0,1.617796064376831,16.62426627063751,27.05277479839325,55.93514034461975,,111.7207397651672,,173.2767485160828,,243.3697821922302,,278.0316402926811,,311.0426786673673
"IMAGE 3.4","Medium-to-Low - SSP1","Africa (R10)","Capacity|Electricity|Nuclear","GW",1,1.854,,1.854,6.654,6.654,6.654,6.654380004882813,6.653944946289062,,6.698946044921874,,6.814006958007812,,7.593528076171875,,6.171296142578125,,6.304255859375
"IMAGE 3.4","Medium-to-Low - SSP1","Africa (R10)","Capacity|Electricity|Oil","GW",1,35.60024418310728,,38.97728716684133,51.03229241634905,52.55118281149259,26.84638011580705,13.36243945360184,11.66328974622115,,13.44463958881671,,18.18543461949141,,20.59344575308061,,24.19595588911491,,39.44100442860206
"IMAGE 3.4","Medium-to-Low - SSP1","Africa (R10)","Capacity|Electricity|Other","GW",1,1.31386003112793,,1.40516746520996,3.183596221923827,5.87246740436554,26.25897783851624,51.81518422603607,72.23017238521577,,86.75808549189568,,86.92955736172199,,111.1941961100101,,133.1984843578339,,152.2016423971653
"IMAGE 3.4","Medium-to-Low - SSP1","Africa (R10)","Capacity|Electricity|Solar|CSP","GW",1,1.085,,1.085,2.939214248657226,4.425895141601562,5.318567077636718,5.365102007865905,6.598386131286622,,11.10189386749268,,22.35980973815918,,67.20517841339111,,99.77437870788575,,151.319364906311
"IMAGE 3.4","Medium-to-Low - SSP1","Africa (R10)","Capacity|Electricity|Solar|PV","GW",1,9.559069335937501,,18.93045758056641,68.49265637207031,248.3126513671875,550.6371005859376,959.409900390625,1578.901587890625,,3626.722078125,,5810.75005078125,,7430.2964375,,9091.416187499999,,11039.0812890625
"IMAGE 3.4","Medium-to-Low - SSP1","Africa (R10)","Capacity|Electricity|Wind|Offshore","GW",1,0,,0,2.888044616699218,8.259885147094726,37.35750906372071,91.3457879638672,169.3536674804687,,215.2538310546875,,208.6548452148437,,256.861181640625,,307.8392548828125,,350.22114453125
"IMAGE 3.4","Medium-to-Low - SSP1","Africa (R10)","Capacity|Electricity|Wind|Onshore","GW",1,6.51375308561325,,12.38581188392639,33.93753036499024,58.53655859375,147.5835078125,215.630732421875,359.18059765625,,715.43069921875,,1053.145953125,,1526.55625,,1637.313359375,,1578.23653125
"IMAGE 3.4","Medium-to-Low - SSP1","China+ (R10)","Capacity|Electricity|Biomass","GW",1,42.80202819824253,,43.21096765136753,44.04163952636752,44.15356622314486,41.82386767578159,31.01853738403321,27.22805627441406,,219.2268271484375,,221.3667176628113,,217.155455947876,,221.0191853370667,,84.20988279402258
"IMAGE 3.4","Medium-to-Low - SSP1","China+ (R10)","Capacity|Electricity|Coal","GW",1,1887.252979003906,,2011.603000244141,2215.687684448242,2182.694803161621,2108.779833152771,1961.436949699402,1620.211232563019,,600.3327910346985,,311.8635014584064,,217.3407669563056,,165.8017992396355,,124.5097429428101
"IMAGE 3.4","Medium-to-Low - SSP1","China+ (R10)","Capacity|Electricity|Fossil","GW",1,2050.464722991943,,2261.408404479027,2563.948914987564,2448.29878797245,2336.250591274143,2273.536945211411,2054.725465909959,,1295.809118221283,,1095.306760872063,,976.8345573122025,,643.8395665717125,,562.4295818538666
"IMAGE 3.4","Medium-to-Low - SSP1","China+ (R10)","Capacity|Electricity|Gas","GW",1,128.2985404052734,,196.3721983642578,233.7824645080566,163.9830097951889,136.6465231035948,222.1389991645813,336.3306353759766,,582.9765698242187,,694.9756328735352,,679.0421313934327,,405.1023791809081,,374.0375187683105
"IMAGE 3.4","Medium-to-Low - SSP1","China+ (R10)","Capacity|Electricity|Geothermal","GW",1,0,,0,0,0,0,0,0,,0,,0,,0,,0,,0
"IMAGE 3.4","Medium-to-Low - SSP1","China+ (R10)","Capacity|Electricity|Hydro","GW",1,373.61550390625,,527.1728974609375,717.737193359375,750.4851835937501,751.22138671875,755.7685624999999,755.3059843750001,,745.049890625,,723.422203125,,670.3977421875001,,642.1052734375,,744.4851015625001
"IMAGE 3.4","Medium-to-Low - SSP1","China+ (R10)","Capacity|Electricity|Hydrogen","GW",1,0,,0,0,3.37072705078125,7.680537109375,11.7155,17.5125390625,,18.064109375,,23.8670556640625,,85.49162109375001,,114.270712890625,,122.548357421875
"IMAGE 3.4","Medium-to-Low - SSP1","China+ (R10)","Capacity|Electricity|Nuclear","GW",1,70.599,,87.015,117.0700078125,124.48972265625,123.78305078125,126.3864921875,126.9069609375,,119.9215703125,,110.764986328125,,75.607802734375,,33.6244794921875,,29.047310546875
"IMAGE 3.4","Medium-to-Low - SSP1","China+ (R10)","Capacity|Electricity|Oil","GW",1,34.91320358276367,,53.43320587062836,114.4787660312653,101.6209750156403,90.82423501777649,89.96099634742737,98.18359797096252,,112.4997573623657,,88.46762654012069,,80.45165896246431,,72.93538815116882,,63.88232014274598
"IMAGE 3.4","Medium-to-Low - SSP1","China+ (R10)","Capacity|Electricity|Other","GW",1,0.300191000372171,,0.320866552740335,1.178125330358743,2.146762079626322,2.421222860723734,2.517961073309183,2.599139486700296,,1.123952230840921,,1.913462858587504,,2.44783962097764,,2.475348951727151,,2.466760534673929
"IMAGE 3.4","Medium-to-Low - SSP1","China+ (R10)","Capacity|Electricity|Solar|CSP","GW",1,0.45020000000298,,0.57020000000298,0.57020000000298,0.5670363914519541,0.462036363668739,0.205000106841325,0.010909159690141,,6.58333301526426e-8,,6.58333301526426e-8,,6.58333301526426e-8,,6.58333301526426e-8,,6.58333301526426e-8
"IMAGE 3.4","Medium-to-Low - SSP1","China+ (R10)","Capacity|Electricity|Solar|PV","GW",1,274.2601472167969,,1084.679710205078,1962.846282958984,2981.680845703125,4091.7970625,5050.979410156251,6172.16233984375,,8383.174748046875,,11050.0643203125,,11432.849859375,,10409.50415039062,,9443.95441015625
"IMAGE 3.4","Medium-to-Low - SSP1","China+ (R10)","Capacity|Electricity|Wind|Offshore","GW",1,9.254,,44.18984149169921,82.46418750000001,149.64544140625,147.62666015625,235.13309375,451.715609375,,620.13662109375,,678.505830078125,,469.71953125,,507.4855,,570.98078125
"IMAGE 3.4","Medium-to-Low - SSP1","China+ (R10)","Capacity|Electricity|Wind|Onshore","GW",1,275.479193725586,,526.7475847167968,604.4434550781251,594.954142578125,597.9286845703125,889.6663603515625,1574.051845703125,,2151.771650390625,,1830.875419921875,,1982.503509765625,,2047.358349609375,,1491.161610351562
"IMAGE 3.4","Medium-to-Low - SSP1","Europe (R10)","Capacity|Electricity|Biomass","GW",1,98.24678466796874,,103.6540317382812,106.52975,101.1709772949219,87.19119970703125,73.30763427734375,56.53110498046875,,25.83766558837891,,8.052998779296875,,4.647379225680208,,15.9437413165419,,43.18528793334961
"IMAGE 3.4","Medium-to-Low - SSP1","Europe (R10)","Capacity|Electricity|Coal","GW",1,291.9377433166504,,313.67893850708,190.7446266021728,140.6732537841797,112.9813391113281,98.16079652786256,98.6518187904358,,90.02250346374511,,72.84987512207032,,36.16666387176515,,20.4753970360756,,18.28353225700557
"IMAGE 3.4","Medium-to-Low - SSP1","Europe (R10)","Capacity|Electricity|Fossil","GW",1,634.4076201477051,,699.1750761413574,439.6675689697266,242.7474623413086,167.8710788116455,215.0042705616951,291.6037510150894,,317.7286431157589,,337.7922985834815,,338.0231381006241,,296.5815107288361,,336.0587945882547
"IMAGE 3.4","Medium-to-Low - SSP1","Europe (R10)","Capacity|Electricity|Gas","GW",1,255.3190269775391,,278.2723607177734,160.4243853759766,52.25022073364257,20.30368636608124,85.8980559887886,162.8647331584916,,192.9279404907227,,230.1407901306152,,272.2014246520996,,257.9193727850914,,303.2399116864205
"IMAGE 3.4","Medium-to-Low - SSP1","Europe (R10)","Capacity|Electricity|Geothermal","GW",1,0,,0,0,0,0,0,0,,0,,0,,0,,0,,0
"IMAGE 3.4","Medium-to-Low - SSP1","Europe (R10)","Capacity|Electricity|Hydro","GW",1,239.183525390625,,254.205205078125,278.82280859375,406.0853046875,402.4700859375,397.2878984375,389.603375,,354.76641015625,,316.1905,,321.3417421875,,314.189828125,,298.1043515625
"IMAGE 3.4","Medium-to-Low - SSP1","Europe (R10)","Capacity|Electricity|Hydrogen","GW",1,0,,0,0,20.07880633544922,62.420255859375,103.745599609375,149.088748046875,,183.336669921875,,195.525326171875,,188.093416015625,,137.398087890625,,144.762203125
"IMAGE 3.4","Medium-to-Low - SSP1","Europe (R10)","Capacity|Electricity|Nuclear","GW",1,116.037,,117.3236015625,118.9318984375,160.7995444335938,144.8017553710937,113.7147768554688,89.34890722656249,,81.8705498046875,,82.0642998046875,,82.28146582031249,,67.41863037109376,,12.54445666503906
"IMAGE 3.4","Medium-to-Low - SSP1","Europe (R10)","Capacity|Electricity|Oil","GW",1,87.15084985351562,,107.2237769165039,88.49855699157715,49.82398782348633,34.58605333423614,30.94541804504394,30.08719906616211,,34.77819916129111,,34.80163333079592,,29.65504957675935,,18.18674090766907,,14.53535064482875
"IMAGE 3.4","Medium-to-Low - SSP1","Europe (R10)","Capacity|Electricity|Other","GW",1,3.360221954345703,,3.450789571762085,3.669515615463257,4.357702350616456,5.340694404602051,6.021566623687744,6.486752361297608,,6.677546875000001,,7.112586774826049,,7.403331321716308,,7.125863140106202,,7.163935670852662
"IMAGE 3.4","Medium-to-Low - SSP1","Europe (R10)","Capacity|Electricity|Solar|CSP","GW",1,2.311823910154402,,2.311766048826277,2.212017025388777,1.294530941225588,0.276567977152764,0.0004562716446816922,0.0003687918968498706,,0.0001494991895160637,,7.391836843453348e-7,,7.391836843453348e-7,,7.391836843453348e-7,,7.391836843453348e-7
"IMAGE 3.4","Medium-to-Low - SSP1","Europe (R10)","Capacity|Electricity|Solar|PV","GW",1,156.6216728515625,,410.2941352539063,715.6386972656251,1587.964611328125,1887.67673828125,1965.25223828125,1993.932515625,,1852.65678125,,1989.65115625,,1894.95948046875,,1865.5204375,,1901.24572265625
"IMAGE 3.4","Medium-to-Low - SSP1","Europe (R10)","Capacity|Electricity|Wind|Offshore","GW",1,24.898849609375,,35.60905078125,39.81259156036376,218.99905078125,499.50344921875,744.837369140625,786.157853515625,,613.789525390625,,639.2763828125,,630.275765625,,820.528138671875,,736.6182890625
"IMAGE 3.4","Medium-to-Low - SSP1","Europe (R10)","Capacity|Electricity|Wind|Onshore","GW",1,190.2747412109375,,244.6067138671875,314.8497822265625,443.93769921875,621.104498046875,667.807234375,640.61452734375,,533.884353515625,,562.3776269531251,,584.6579433593749,,538.6887734375,,567.4608359375
"IMAGE 3.4","Medium-to-Low - SSP1","India+ (R10)","Capacity|Electricity|Biomass","GW",1,30.56822264480591,,31.11497665405273,30.376228515625,30.21943106079102,28.26559634399414,24.85563061523438,18.60231887817383,,10.68577896118164,,9.415340176349156,,7.040708359485142,,35.99388510513305,,84.66924011611938
"IMAGE 3.4","Medium-to-Low - SSP1","India+ (R10)","Capacity|Electricity|Coal","GW",1,295.4042236328125,,327.8219901192189,453.5503501205445,571.425505569458,633.4695483398438,676.1682051391602,766.8096384277344,,716.6763542785645,,583.9613491210938,,419.0144612419606,,317.6061075336943,,255.403802480638
"IMAGE 3.4","Medium-to-Low - SSP1","India+ (R10)","Capacity|Electricity|Fossil","GW",1,362.1431016845703,,398.643547614336,533.0295135734082,648.6368294019699,740.2997491483688,836.5083216753453,1102.873235780649,,1257.907010783319,,1470.304137752812,,1705.825921844333,,1714.967421778169,,1700.772770442128
"IMAGE 3.4","Medium-to-Low - SSP1","India+ (R10)","Capacity|Electricity|Gas","GW",1,45.13969836425781,,46.78689343261718,52.43092833399772,58.93667934799194,98.085481218338,150.2808974895478,315.1997484741212,,511.82052835083,,849.0624866943359,,1241.670402832031,,1345.364312927246,,1371.661470466614
"IMAGE 3.4","Medium-to-Low - SSP1","India+ (R10)","Capacity|Electricity|Geothermal","GW",1,0,,0,0,0,0,0,0,,0,,0,,0,,0,,0
"IMAGE 3.4","Medium-to-Low - SSP1","India+ (R10)","Capacity|Electricity|Hydro","GW",1,67.74448828125,,88.627783203125,166.293763671875,187.02397265625,214.56633984375,233.3565,243.9558828125,,240.3460859375,,260.929671875,,309.569796875,,312.494,,312.2781875
"IMAGE 3.4","Medium-to-Low - SSP1","India+ (R10)","Capacity|Electricity|Hydrogen","GW",1,0,,0,0,8.1179560546875,26.6425,34.5917099609375,59.4902109375,,107.731890625,,212.455,,294.940796875,,320.13390625,,330.1953046875
"IMAGE 3.4","Medium-to-Low - SSP1","India+ (R10)","Capacity|Electricity|Nuclear","GW",1,6.978,,11.3766650390625,19.682,25.7939599609375,26.1315595703125,26.2299697265625,30.893359375,,33.327349609375,,54.925568359375,,97.80668750000001,,157.16958984375,,211.9665546875
"IMAGE 3.4","Medium-to-Low - SSP1","India+ (R10)","Capacity|Electricity|Oil","GW",1,21.5991796875,,24.0346640625,27.04823511886597,18.27464448451996,8.744719590187072,10.05921904663742,20.86384887879342,,29.41012815392475,,37.28030193738311,,45.14105777034164,,51.99700131722915,,73.70749749487638
"IMAGE 3.4","Medium-to-Low - SSP1","India+ (R10)","Capacity|Electricity|Other","GW",1,0,,0,0,10.50501281738281,25.8053017578125,29.6036669921875,30.66626953125,,30.6607685546875,,31.09808203125,,31.5179130859375,,31.158515625,,31.4138857421875
"IMAGE 3.4","Medium-to-Low - SSP1","India+ (R10)","Capacity|Electricity|Solar|CSP","GW",1,0.3425,,0.3425,0.3425,0.381110412597656,1.494675659179687,2.711158477783203,2.833405609130859,,2.535503814697265,,0.301141693115234,,3.614425950217992e-7,,3.614425950217992e-7,,3.614425950217992e-7
"IMAGE 3.4","Medium-to-Low - SSP1","India+ (R10)","Capacity|Electricity|Solar|PV","GW",1,41.15171527099609,,159.44848046875,507.7516938476563,1097.89284375,2146.0510078125,3389.957234375,4142.883093750001,,5564.151,,6585.5381875,,6352.603625,,6399.201,,6050.007625
"IMAGE 3.4","Medium-to-Low - SSP1","India+ (R10)","Capacity|Electricity|Wind|Offshore","GW",1,0,,0,7.931171081542969,71.2118828125,186.43625,396.1375,736.3389843750001,,1051.4254765625,,1040.3206875,,1095.1654375,,1175.43578125,,1100.8383125
"IMAGE 3.4","Medium-to-Low - SSP1","India+ (R10)","Capacity|Electricity|Wind|Onshore","GW",1,39.97895080566406,,55.017255859375,133.310556640625,310.52825,419.48196875,545.93821875,618.1798125,,849.4332187499999,,1015.814125,,1056.692875,,1063.0245,,1070.56009375
"IMAGE 3.4","Medium-to-Low - SSP1","Latin America (R10)","Capacity|Electricity|Biomass","GW",1,65.91470220184327,,72.19808095169068,72.66810223007202,87.50081888580323,106.815263835907,103.2678253135681,93.68734547805786,,65.11631109857561,,51.66553396070049,,17.48247668588207,,13.82186169278668,,38.62248396337079
"IMAGE 3.4","Medium-to-Low - SSP1","Latin America (R10)","Capacity|Electricity|Coal","GW",1,24.07843193340302,,30.98513870143891,34.27499960899353,33.26552734947204,48.68374345207215,85.38207375240326,111.3680093488693,,110.8765321933031,,102.4373271884918,,80.65338614968954,,26.87509805712747,,15.72235813845641
"IMAGE 3.4","Medium-to-Low - SSP1","Latin America (R10)","Capacity|Electricity|Fossil","GW",1,231.0407227290869,,240.0145472058058,230.1178523491621,205.0036934975386,203.9534324510694,217.6630408044867,248.168666983471,,257.4291845225249,,273.1947919313155,,278.4351962167852,,263.515239458169,,249.3961753586743
"IMAGE 3.4","Medium-to-Low - SSP1","Latin America (R10)","Capacity|Electricity|Gas","GW",1,105.5718028488159,,110.6077865738869,107.605729994297,109.3527633194923,117.8662990860939,105.6352720808983,117.5862637945414,,133.0952727681261,,157.6899625053406,,183.3407157096863,,227.9810904827118,,219.2708694829347
"IMAGE 3.4","Medium-to-Low - SSP1","Latin America (R10)","Capacity|Electricity|Geothermal","GW",1,0,,0,0,0,0,0,0,,0,,0,,0,,0,,0
"IMAGE 3.4","Medium-to-Low - SSP1","Latin America (R10)","Capacity|Electricity|Hydro","GW",1,265.6849975585938,,268.031326171875,267.0623544921875,293.9545205078125,326.61513671875,363.9610791015625,420.5577294921875,,434.8613701171874,,468.1572529296875,,475.599283203125,,521.1882597656249,,560.36984375
"IMAGE 3.4","Medium-to-Low - SSP1","Latin America (R10)","Capacity|Electricity|Hydrogen","GW",1,0,,0,0,1.442881546020508,6.964734985351562,25.05868719482422,39.049705078125,,41.8848505859375,,63.83024322509765,,84.54446704101562,,93.14866162109375,,95.19316381835938
"IMAGE 3.4","Medium-to-Low - SSP1","Latin America (R10)","Capacity|Electricity|Nuclear","GW",1,5.079333339929581,,5.078500007033348,5.106454552412033,6.371011507451533,5.248840827301842,4.507045539215905,3.151580909088952,,2.468789000824792,,3.051864639282227,,6.178653983592987,,11.47648923492432,,15.43284323883057
"IMAGE 3.4","Medium-to-Low - SSP1","Latin America (R10)","Capacity|Electricity|Oil","GW",1,101.390487946868,,98.42162193048,88.23712274587155,62.38540282857419,37.40338991290331,26.64569497118518,19.21439384006028,,13.4573795610957,,13.06750223748313,,14.44109435740934,,8.659050918329719,,14.40294773728314
"IMAGE 3.4","Medium-to-Low - SSP1","Latin America (R10)","Capacity|Electricity|Other","GW",1,1.928360012818128,,2.097736981201917,2.538892323303968,3.822228252209723,19.6407281819582,73.47594386495277,93.67819742025063,,110.2561119455099,,115.2755377018489,,142.0380989198089,,160.3447310010977,,138.4365212991945
"IMAGE 3.4","Medium-to-Low - SSP1","Latin America (R10)","Capacity|Electricity|Solar|CSP","GW",1,0.017,,0.136156997680664,0.145324996948242,0.145324996948242,0.14077954673767,0.133052270889282,0.128324998766184,,0.128324998766184,,0.128324998766184,,0.128324998766184,,0.8698295306265351,,0.793521791368723
"IMAGE 3.4","Medium-to-Low - SSP1","Latin America (R10)","Capacity|Electricity|Solar|PV","GW",1,23.38856116844714,,101.1921089172363,220.7454122314453,465.255990234375,764.79821875,1137.82334375,1727.9545,,2904.8667421875,,3920.3442890625,,4312.982281250001,,4158.32550390625,,3678.4363125
"IMAGE 3.4","Medium-to-Low - SSP1","Latin America (R10)","Capacity|Electricity|Wind|Offshore","GW",1,0,,0,0.020890340805053,1.623797668457031,30.1960986328125,137.134498046875,188.98907421875,,351.80882421875,,389.73859765625,,437.793953125,,539.7148515625,,545.2022578125
"IMAGE 3.4","Medium-to-Low - SSP1","Latin America (R10)","Capacity|Electricity|Wind|Onshore","GW",1,31.62358813476563,,49.61077099609375,55.9371171875,93.152630859375,178.6518525390625,264.54233203125,403.6140888671875,,646.1961806640625,,674.1906376953125,,670.6567646484375,,737.0400966796875,,736.67738671875
"IMAGE 3.4","Medium-to-Low - SSP1","Middle East (R10)","Capacity|Electricity|Biomass","GW",1,37.17555078125,,36.52164847005904,36.52164847005904,35.88370706380904,33.32748831380903,29.28200784505904,21.25271878255904,,1.358988682232797,,0.003071977615356,,0.408064228057861,,1.905254547119141,,2.992631332397461
"IMAGE 3.4","Medium-to-Low - SSP1","Middle East (R10)","Capacity|Electricity|Coal","GW",1,6.416864794056862,,6.345587638139725,4.591756632328034,1.173598795413971,0.197645853519439,0.010770827233791,0.002524947070982,,0.200762304580007,,0.198702194213867,,0.8917111206054681,,0.876326110839843,,2.217498840332031
"IMAGE 3.4","Medium-to-Low - SSP1","Middle East (R10)","Capacity|Electricity|Fossil","GW",1,280.2529660284929,,280.799707310915,264.69706564188,264.594423429966,246.7785731921196,244.5688151031733,229.0323295848179,,227.5193671730252,,267.2196759490967,,248.8014563598633,,236.7539522399902,,220.2670633652806
"IMAGE 3.4","Medium-to-Low - SSP1","Middle East (R10)","Capacity|Electricity|Gas","GW",1,170.0965020751953,,171.5097292480469,164.3434638671875,172.8328935546875,202.7896614990235,240.3895833740234,225.6221302490235,,224.6058448486328,,265.1439916992188,,246.2936162109375,,234.1529221496582,,214.6108115952611
"IMAGE 3.4","Medium-to-Low - SSP1","Middle East (R10)","Capacity|Electricity|Geothermal","GW",1,0,,0,0,0,0,0,0,,0,,0,,0,,0,,0
"IMAGE 3.4","Medium-to-Low - SSP1","Middle East (R10)","Capacity|Electricity|Hydro","GW",1,15.596919921875,,16.1328701171875,16.0656103515625,20.018080078125,49.98366015625,56.1787109375,57.67123828125,,56.1148984375,,62.49776953125,,63.6637890625,,69.732046875,,70.4333828125
"IMAGE 3.4","Medium-to-Low - SSP1","Middle East (R10)","Capacity|Electricity|Hydrogen","GW",1,0,,0,0,0,8.01780810546875,15.7077998046875,19.0585,,22.30801953125,,60.69537109375,,68.4631484375,,85.61967187500001,,86.04363281250001
"IMAGE 3.4","Medium-to-Low - SSP1","Middle East (R10)","Capacity|Electricity|Nuclear","GW",1,2.26,,6.236,6.236,6.558083984375,6.558083984375,6.558083984375,6.558083984375,,6.558083984375,,6.3085390625,,3.32799609375,,1.481630981445313,,10.462990234375
"IMAGE 3.4","Medium-to-Low - SSP1","Middle East (R10)","Capacity|Electricity|Oil","GW",1,103.7395991592407,,102.9443904247284,95.7618451423645,90.5879310798645,43.79126583957672,4.168460901916027,3.407674388723448,,2.712760019812364,,1.876982055664063,,1.616129028320312,,1.724703979492187,,3.4387529296875
"IMAGE 3.4","Medium-to-Low - SSP1","Middle East (R10)","Capacity|Electricity|Other","GW",1,0.005059999998658,,0.005197200831025,0.005853409349918,0.006287748862057001,0.007039618082344001,0.007984739847481001,0.009140167769044001,,0.012153170157223,,0.01516991000995,,0.016588749464601,,0.017281580496579,,0.017931089933961
"IMAGE 3.4","Medium-to-Low - SSP1","Middle East (R10)","Capacity|Electricity|Solar|CSP","GW",1,0.4497099914550781,,0.9435,0.9435001220703121,0.91377392578125,1.389901977539063,1.320083984375,1.1462509765625,,0.8756555175781251,,0.182712005615234,,0.165407501220703,,5.2807919921875,,9.1574912109375
"IMAGE 3.4","Medium-to-Low - SSP1","Middle East (R10)","Capacity|Electricity|Solar|PV","GW",1,7.662994873046875,,53.202681640625,244.1391953125,374.720796875,553.277796875,651.0041875000001,1056.8973125,,1906.3558125,,2387.57990625,,2639.4838125,,2752.03340625,,2797.9581875
"IMAGE 3.4","Medium-to-Low - SSP1","Middle East (R10)","Capacity|Electricity|Wind|Offshore","GW",1,0,,0,0,0.093519119262695,24.721359375,44.7788203125,49.75283984375,,48.54371875,,32.17873046875,,37.83175,,79.19918750000001,,117.8756015625
"IMAGE 3.4","Medium-to-Low - SSP1","Middle East (R10)","Capacity|Electricity|Wind|Onshore","GW",1,0.9336151123046871,,1.928410034179687,1.9499599609375,2.035376953125,90.10990625000001,177.405,183.002796875,,325.52390625,,476.40140625,,568.0483125000001,,549.8616875,,538.174
"IMAGE 3.4","Medium-to-Low - SSP1","North America (R10)","Capacity|Electricity|Biomass","GW",1,147.6485255126953,,142.4369333496094,130.1605210571289,113.30606590271,88.87959512472153,60.92455563354492,46.88784663391112,,10.11857455444336,,1.247199916959507,,1.755530330777168,,6.904623203277588,,97.11276184082031
"IMAGE 3.4","Medium-to-Low - SSP1","North America (R10)","Capacity|Electricity|Coal","GW",1,326.56390625,,336.162572265625,291.6588826662302,94.10758087921143,29.23409941101074,4.416383514404297,4.246624542236328,,16.88203656402975,,15.8808881469965,,15.93403625724022,,13.52073763968644,,7.334576125404214
"IMAGE 3.4","Medium-to-Low - SSP1","North America (R10)","Capacity|Electricity|Fossil","GW",1,914.9890026550293,,942.2450954589845,941.2814362032414,775.1540182414055,729.2327908778191,774.2051905548872,758.7670174553264,,823.5077006383209,,700.7885899297718,,490.1234422630997,,339.5550277025908,,266.2829628403395
"IMAGE 3.4","Medium-to-Low - SSP1","North America (R10)","Capacity|Electricity|Gas","GW",1,495.9071298828125,,511.2423835449219,556.8857592773438,597.479369873047,625.1345196380615,693.8178407821655,686.9427263793946,,784.8839677734376,,672.3862119140625,,461.7217651367187,,317.436259185791,,247.2360208740234
"IMAGE 3.4","Medium-to-Low - SSP1","North America (R10)","Capacity|Electricity|Geothermal","GW",1,0,,0,0,0,0,0,0,,0,,0,,0,,0,,0
"IMAGE 3.4","Medium-to-Low - SSP1","North America (R10)","Capacity|Electricity|Hydro","GW",1,186.90959375,,203.159359375,200.91375,229.5905,306.202609375,300.6078984375,293.2241953125,,272.0028203125,,232.313421875,,261.4304453125,,292.83840625,,306.111
"IMAGE 3.4","Medium-to-Low - SSP1","North America (R10)","Capacity|Electricity|Hydrogen","GW",1,7.661000722691824e-10,,7.661000722691824e-10,7.661000722691824e-10,4.67577685546875,22.171880859375,32.2921796875,40.248951171875,,76.850208984375,,87.064912109375,,107.33800390625,,99.27652734375,,130.1769116210938
"IMAGE 3.4","Medium-to-Low - SSP1","North America (R10)","Capacity|Electricity|Nuclear","GW",1,107.3870234375,,109.6210234375,109.1088173828125,86.86100390625,56.7802666015625,34.96356103515625,18.5634169921875,,11.99859155273437,,10.40414819335937,,7.70027917480469,,2.690967041015625,,2.258898376464844
"IMAGE 3.4","Medium-to-Low - SSP1","North America (R10)","Capacity|Electricity|Oil","GW",1,92.5179665222168,,94.8401396484375,92.7367942596674,83.56706748914718,74.8641718287468,75.97096625831723,67.57766653369553,,21.74169630085373,,12.52148986871277,,12.46764086914063,,8.598030877113343,,11.71236584091186
"IMAGE 3.4","Medium-to-Low - SSP1","North America (R10)","Capacity|Electricity|Other","GW",1,3.949082021474838,,4.306459939718247,3.873968546137214,7.134780473470688,25.85201050904393,40.68606494408847,45.4087302158475,,40.33484307685494,,13.00294108483195,,18.23181847116351,,19.32477312460542,,22.27584963387251
"IMAGE 3.4","Medium-to-Low - SSP1","North America (R10)","Capacity|Electricity|Solar|CSP","GW",1,1.747900024414063,,1.723031982421875,1.658364013671875,1.48,1.48,1.48,1.474776977539062,,1.147655029296875,,0.117561302185058,,1.544356055092067e-7,,1.544356055092067e-7,,1.544356055092067e-7
"IMAGE 3.4","Medium-to-Low - SSP1","North America (R10)","Capacity|Electricity|Solar|PV","GW",1,79.07219921875,,222.9435069580078,354.216037109375,585.6290859375,1150.77490234375,1656.85777734375,2381.739484375,,3725.00863671875,,3983.5408671875,,4261.353142578125,,4216.700173828125,,3208.38403515625
"IMAGE 3.4","Medium-to-Low - SSP1","North America (R10)","Capacity|Electricity|Wind|Offshore","GW",1,0.02929999923706,,0.309416687011718,1,2.559454956054688,54.920009765625,166.72625,220.741890625,,219.50053515625,,77.421439453125,,107.8413046875,,188.431796875,,295.559703125
"IMAGE 3.4","Medium-to-Low - SSP1","North America (R10)","Capacity|Electricity|Wind|Onshore","GW",1,132.166203125,,202.988572265625,347.5789296875,369.616515625,453.903078125,739.3523124999999,913.4352734375001,,970.303078125,,840.3714179687499,,913.2051328125001,,1015.865234375,,942.997984375
"IMAGE 3.4","Medium-to-Low - SSP1","Pacific OECD (R10)","Capacity|Electricity|Biomass","GW",1,11.06327471923828,,11.24120833654702,11.04125057935715,10.39698896217346,9.056470086574555,6.32707238149643,3.899574157238006,,2.840521547317548,,2.736047781430188,,2.556460814476013,,3.764594923973082,,2.807670878112316
"IMAGE 3.4","Medium-to-Low - SSP1","Pacific OECD (R10)","Capacity|Electricity|Coal","GW",1,85.3942900390625,,92.72991718637942,80.52006259441374,63.32621389245987,57.27159470558167,55.49430180597305,52.8130597114563,,48.43494242858887,,35.73470508766175,,32.85603552055359,,27.6332380065918,,17.04587201552279
"IMAGE 3.4","Medium-to-Low - SSP1","Pacific OECD (R10)","Capacity|Electricity|Fossil","GW",1,238.1794283009768,,258.8656224823594,242.4662114593982,211.9360204410553,198.9923352767825,195.1471625368222,182.4526027252062,,164.5474458870343,,150.4178818553686,,146.2388929840475,,146.9689828308055,,107.8134297066262
"IMAGE 3.4","Medium-to-Low - SSP1","Pacific OECD (R10)","Capacity|Electricity|Gas","GW",1,98.32781958007813,,107.5547226063013,102.8453174231052,94.39818840122224,91.81569641065599,91.44309260177613,84.71501726150512,,89.42098110961916,,99.86029905331135,,101.8939259873629,,107.4655839310885,,82.25176332128048
"IMAGE 3.4","Medium-to-Low - SSP1","Pacific OECD (R10)","Capacity|Electricity|Geothermal","GW",1,0,,0,0,0,0,0,0,,0,,0,,0,,0,,0
"IMAGE 3.4","Medium-to-Low - SSP1","Pacific OECD (R10)","Capacity|Electricity|Hydro","GW",1,60.89,,62.0066591796875,64.75374121093749,70.008279296875,74.016841796875,73.865349609375,72.75366796875,,68.71939062499999,,66.3722890625,,65.94516015625,,74.20537890624999,,71.9101484375
"IMAGE 3.4","Medium-to-Low - SSP1","Pacific OECD (R10)","Capacity|Electricity|Hydrogen","GW",1,0,,0,0,2.087387939453125,9.055241210937501,11.2115,11.2719501953125,,12.82481323242188,,20.21547192382813,,21.9985009765625,,25.55797802734375,,25.9870341796875
"IMAGE 3.4","Medium-to-Low - SSP1","Pacific OECD (R10)","Capacity|Electricity|Nuclear","GW",1,28.608419921875,,28.49816015625,27.94683984375,23.60405078125,15.147,15.147,15.147,,16.460509765625,,18.3343203125,,18.3343203125,,18.18033984375,,15.62526953125
"IMAGE 3.4","Medium-to-Low - SSP1","Pacific OECD (R10)","Capacity|Electricity|Oil","GW",1,54.45731868183613,,58.58098268967867,59.10083144187927,54.21161814737321,49.90504416054488,48.20976812907308,44.92452575224482,,26.69152234882621,,14.82287771439552,,11.48893147613108,,11.87016089312524,,8.515794369822983
"IMAGE 3.4","Medium-to-Low - SSP1","Pacific OECD (R10)","Capacity|Electricity|Other","GW",1,1.7390299243927,,1.793166704177856,4.426597951650621,18.93905983710289,24.88931481766701,26.6915486946106,26.84202148556709,,28.12404824066163,,28.86464019012451,,29.77546006894111,,29.8958590414524,,30.46461594438553
"IMAGE 3.4","Medium-to-Low - SSP1","Pacific OECD (R10)","Capacity|Electricity|Solar|CSP","GW",1,0.003,,0.003,0.003,0.003,0.003,0.003,0.003,,0.003,,0.003,,0.003,,0.003,,0.003
"IMAGE 3.4","Medium-to-Low - SSP1","Pacific OECD (R10)","Capacity|Electricity|Solar|PV","GW",1,92.06393896484376,,153.60830859375,232.22661328125,256.621150390625,287.869642578125,316.801703125,330.67703515625,,464.11391796875,,724.3846093750001,,846.2184609374999,,865.37286328125,,840.301107421875
"IMAGE 3.4","Medium-to-Low - SSP1","Pacific OECD (R10)","Capacity|Electricity|Wind|Offshore","GW",1,0.066,,0.350576293945312,113.4186015625,115.911296875,127.9870654296875,144.337521484375,139.08550390625,,130.1858984375,,141.0515078125,,120.930328125,,94.03593359375,,144.84051171875
"IMAGE 3.4","Medium-to-Low - SSP1","Pacific OECD (R10)","Capacity|Electricity|Wind|Onshore","GW",1,15.01248046875,,25.00442529296875,29.2663125,30.132205078125,50.51979443359375,66.32650537109376,82.8826689453125,,130.117857421875,,115.9788452148437,,130.1093935546875,,139.2380327148438,,141.5506508789063
"IMAGE 3.4","Medium-to-Low - SSP1","Reforming Economies (R10)","Capacity|Electricity|Biomass","GW",1,15.05335006713868,,18.58698954009986,29.29239105224609,39.54644622802734,41.41712387084961,41.24673547363281,41.06332351684571,,29.78918733978271,,12.89926088142401,,8.23634597969061,,11.23024905967718,,17.89745291709906
"IMAGE 3.4","Medium-to-Low - SSP1","Reforming Economies (R10)","Capacity|Electricity|Coal","GW",1,137.4824328804016,,138.9000810441971,128.7681064758301,144.7222114257813,161.5920244140625,163.6064741210938,113.1630478515625,,74.79045686626434,,29.18042059326172,,12.88787438966334,,8.749124054660555,,5.901226285677636
"IMAGE 3.4","Medium-to-Low - SSP1","Reforming Economies (R10)","Capacity|Electricity|Fossil","GW",1,622.4855222358703,,565.0271420564651,430.068191017151,356.8261040458679,403.9506116065978,416.6557551631927,405.7182844852805,,381.8810550711835,,324.2042312499976,,277.8250060486516,,220.0730050122214,,165.8624219451519
"IMAGE 3.4","Medium-to-Low - SSP1","Reforming Economies (R10)","Capacity|Electricity|Gas","GW",1,432.540040309906,,382.5366962661744,259.0498075942993,171.4327814712525,203.4927240905762,227.3039146728515,269.3696213073731,,296.1635777587891,,289.7328913879394,,259.3458124389649,,206.1509634857178,,156.5386093768477
"IMAGE 3.4","Medium-to-Low - SSP1","Reforming Economies (R10)","Capacity|Electricity|Geothermal","GW",1,0,,0,0,0,0,0,0,,0,,0,,0,,0,,0
"IMAGE 3.4","Medium-to-Low - SSP1","Reforming Economies (R10)","Capacity|Electricity|Hydro","GW",1,63.34964282226562,,69.26823974609374,79.92911376953126,80.99785131835937,80.14304931640625,82.0654267578125,96.25461376953126,,82.53647973632812,,95.96200903320313,,105.5216030273437,,112.5165598144531,,111.0523887939453
"IMAGE 3.4","Medium-to-Low - SSP1","Reforming Economies (R10)","Capacity|Electricity|Hydrogen","GW",1,0,,0,0,0,1.265233160018921,2.304569633483886,3.91733438873291,,8.898177581787111,,14.78599633789062,,19.20508251953125,,31.99822998046875,,29.8979638671875
"IMAGE 3.4","Medium-to-Low - SSP1","Reforming Economies (R10)","Capacity|Electricity|Nuclear","GW",1,41.57,,43.935,46.49268824005127,37.55001401138306,22.4817998046875,12.80743701171875,5.822792114257814,,3.37901644992828,,5.172026154518123,,4.112481110572812,,3.282672387123104,,3.505364281654354
"IMAGE 3.4","Medium-to-Low - SSP1","Reforming Economies (R10)","Capacity|Electricity|Oil","GW",1,52.46304904556275,,43.59036474609375,42.25027694702148,40.67111114883423,38.86586310195923,25.74536636924744,23.18561532634497,,10.92702044613008,,5.290919268796452,,5.591319220023463,,5.172917471843072,,3.422586282626493
"IMAGE 3.4","Medium-to-Low - SSP1","Reforming Economies (R10)","Capacity|Electricity|Other","GW",1,0.09710001373291001,,0.102016502380371,0.10157250213623,0.122060791015625,0.18957437133789,0.196432067871093,9.563442283630371,,43.78627765655518,,47.24746808624268,,18.78325747680664,,18.55462996673584,,28.63395008087159
"IMAGE 3.4","Medium-to-Low - SSP1","Reforming Economies (R10)","Capacity|Electricity|Solar|CSP","GW",1,0,,0,0,0,0,0,0,,0,,0,,0,,0,,0
"IMAGE 3.4","Medium-to-Low - SSP1","Reforming Economies (R10)","Capacity|Electricity|Solar|PV","GW",1,10.27538638305664,,12.82206262207031,39.91289489746094,91.61713330078125,211.1918916015625,408.51015625,719.5047500000001,,1508.14825390625,,2245.1487578125,,2524.38301953125,,2603.1110703125,,2401.3630625
"IMAGE 3.4","Medium-to-Low - SSP1","Reforming Economies (R10)","Capacity|Electricity|Wind|Offshore","GW",1,0,,0,0,0,6.226633789062499,13.98256201171875,20.28414038085938,,33.20950146484375,,33.1300322265625,,16.26464599609375,,17.31948291015625,,14.63201916503906
"IMAGE 3.4","Medium-to-Low - SSP1","Reforming Economies (R10)","Capacity|Electricity|Wind|Onshore","GW",1,3.172475036621093,,6.223486938476563,13.785888671875,19.08439050292969,41.4571669921875,75.12868505859376,99.21622558593751,,251.81792578125,,392.26903125,,294.49608203125,,221.08442578125,,306.60141015625
"IMAGE 3.4","Medium-to-Low - SSP1","Rest of Asia (R10)","Capacity|Electricity|Biomass","GW",1,24.01440223932266,,24.41183686542511,22.96198302841186,23.20507373046875,20.36956922912598,19.08501943206787,15.45749254608154,,9.340192497253419,,8.036557615756989,,33.37011311292648,,85.75083096790314,,103.8211551179886
"IMAGE 3.4","Medium-to-Low - SSP1","Rest of Asia (R10)","Capacity|Electricity|Coal","GW",1,121.4436997276265,,138.5167378948927,142.7119578390121,167.1935773601532,162.3958763084412,165.2713734223842,190.8753623822928,,171.2941656049491,,151.2278256620168,,115.9340288630724,,88.25356670999527,,67.63435284147226
"IMAGE 3.4","Medium-to-Low - SSP1","Rest of Asia (R10)","Capacity|Electricity|Fossil","GW",1,227.2359557192908,,251.5832160545257,265.2734060471022,310.3657497232717,343.2516653332712,395.3314148646745,459.0528536100105,,447.4924915175064,,403.5488838868336,,312.6310077353845,,265.4107691490124,,228.5515349132403
"IMAGE 3.4","Medium-to-Low - SSP1","Rest of Asia (R10)","Capacity|Electricity|Gas","GW",1,75.2337847885174,,79.73071789398615,82.5099786182344,106.4622858781815,160.9684513702393,217.7562625486851,251.3606462426186,,257.6306213530376,,238.7431590208074,,179.4642314514071,,153.2737300915718,,138.3578194652498
"IMAGE 3.4","Medium-to-Low - SSP1","Rest of Asia (R10)","Capacity|Electricity|Geothermal","GW",1,0,,0,0,0,0,0,0,,0,,0,,0,,0,,0
"IMAGE 3.4","Medium-to-Low - SSP1","Rest of Asia (R10)","Capacity|Electricity|Hydro","GW",1,51.28244287109375,,63.19508984375,96.77743359375,129.966734375,159.1945625,179.3162421875,188.7363671875,,190.49638671875,,185.3752265625,,204.6354296875,,215.194640625,,194.0123828125
"IMAGE 3.4","Medium-to-Low - SSP1","Rest of Asia (R10)","Capacity|Electricity|Hydrogen","GW",1,0,,0,0,0.022329136371612,6.041677001953125,21.4817998046875,46.503330078125,,75.131830078125,,92.751037109375,,119.01390234375,,127.37570703125,,115.497359375
"IMAGE 3.4","Medium-to-Low - SSP1","Rest of Asia (R10)","Capacity|Electricity|Nuclear","GW",1,0,,0,0,0,0,0,0,,0,,0.04328557968139601,,2.712597946166992,,9.224659698486327,,9.915172760009765
"IMAGE 3.4","Medium-to-Low - SSP1","Rest of Asia (R10)","Capacity|Electricity|Oil","GW",1,30.55847120314691,,33.33576026564691,40.05146958985564,36.70988648493704,19.8873376545907,12.30377889360496,16.81684498509913,,18.5677045595198,,13.57789920400938,,17.23274742090502,,23.88347234744536,,22.55936260651824
"IMAGE 3.4","Medium-to-Low - SSP1","Rest of Asia (R10)","Capacity|Electricity|Other","GW",1,5.08860888671875,,6.1896689453125,8.452788848876954,20.28947680664063,43.07422265625,51.483015625,57.47023095703125,,64.97801513671875,,69.22734033203125,,73.5575771484375,,74.07367919921876,,76.32937109375
"IMAGE 3.4","Medium-to-Low - SSP1","Rest of Asia (R10)","Capacity|Electricity|Solar|CSP","GW",1,0.005,,0.005,0.094190948486328,1.459987060546875,2.088615966796875,2.088161421775817,2.088161421775817,,0.8161435306072231,,0.00004132181033492089,,0,,0,,0
"IMAGE 3.4","Medium-to-Low - SSP1","Rest of Asia (R10)","Capacity|Electricity|Solar|PV","GW",1,23.17644090270996,,36.89459283447265,182.875802734375,389.88786328125,748.7301796875,1275.927,1640.705421875,,1524.0146875,,1314.715484375,,1278.5041796875,,1315.171234375,,1256.6198125
"IMAGE 3.4","Medium-to-Low - SSP1","Rest of Asia (R10)","Capacity|Electricity|Wind|Offshore","GW",1,0.09919999694824201,,1.1035,4.82585302734375,56.09408984375,140.79529296875,314.01440625,588.5190937499999,,1239.469,,1721.5668125,,1869.497125,,1676.126875,,1760.9278125
"IMAGE 3.4","Medium-to-Low - SSP1","Rest of Asia (R10)","Capacity|Electricity|Wind|Onshore","GW",1,2.523655944824219,,12.4343974609375,15.2467587890625,39.808998046875,51.7674296875,54.33226171875,55.8497314453125,,59.5388232421875,,63.28616943359376,,67.86739111328126,,71.17234960937499,,72.298416015625
"IMAGE 3.4","Medium-to-Low - SSP1","World","Capacity|Electricity|Biomass","GW",1,496.3713203125,,506.524515625,509.70940625,513.8708208007813,485.89460546875,416.2355459403992,349.0731226959228,,386.1778698883057,,322.0785468902588,,315.0102663574219,,491.0050407714844,,707.96284375
"IMAGE 3.4","Medium-to-Low - SSP1","World","Capacity|Electricity|Coal","GW",1,3240.038875,,3464.4806875,3611.86580444336,3483.16960546875,3421.023453125,3343.410718118429,3097.138506036163,,1960.153576348662,,1415.483739459992,,1002.718550964355,,715.3034987792969,,562.7534622955322
"IMAGE 3.4","Medium-to-Low - SSP1","World","Capacity|Electricity|Fossil","GW",1,5759.79944140625,,6110.1351640625,6145.40528881836,5767.0322265625,5766.8399140625,6056.50356153208,6269.692016357541,,5764.340680384323,,5740.755043533651,,5565.731533630371,,4997.921912239075,,4776.183340065003
"IMAGE 3.4","Medium-to-Low - SSP1","World","Capacity|Electricity|Gas","GW",1,1905.3703125,,1990.2723125,1834.3433125,1693.4588125,1920.098,2375.720671633005,2836.628839540958,,3519.956312935151,,4085.378690055277,,4324.333873046875,,4055.39493359375,,3957.81187109375
"IMAGE 3.4","Medium-to-Low - SSP1","World","Capacity|Electricity|Geothermal","GW",1,0,,0,0,0,0,0,0,,0,,0,,0,,0,,0
"IMAGE 3.4","Medium-to-Low - SSP1","World","Capacity|Electricity|Hydro","GW",1,1360.236,,1592.272,1936.024,2243.789,2473.287,2578.833,2680.746,,2677.312,,2685.716,,2774.093,,2859.558,,2976.236
"IMAGE 3.4","Medium-to-Low - SSP1","World","Capacity|Electricity|Hydrogen","GW",1,7.661000722691824e-10,,7.661000722691824e-10,7.661000722691824e-10,41.41366015625,166.88409375,285.16209375,442.0763363103867,,658.7512336616517,,944.4671850395202,,1232.45873141098,,1312.811001620806,,1391.344547807992
"IMAGE 3.4","Medium-to-Low - SSP1","World","Capacity|Electricity|Nuclear","GW",1,380.3728125,,410.938,457.2286875,478.68140625,407.5863125,346.9688125,303.046,,282.68340625,,297.883,,305.6558125,,310.7208125,,317.06309375
"IMAGE 3.4","Medium-to-Low - SSP1","World","Capacity|Electricity|Oil","GW",1,614.39025390625,,655.3821640625,699.196171875,590.40380859375,425.7184609375,337.3721717806458,335.9246707804203,,284.230791100509,,239.8926140183817,,238.6791096191406,,227.2234798660278,,255.6180066757202
"IMAGE 3.4","Medium-to-Low - SSP1","World","Capacity|Electricity|Other","GW",1,17.78151223754883,,19.67107279205322,27.43091552734375,73.195849609375,173.4791015625,282.49935546875,344.95408984375,,412.711796875,,400.686765625,,434.9660859375,,476.16909375,,489.40440625
"IMAGE 3.4","Medium-to-Low - SSP1","World","Capacity|Electricity|Solar|CSP","GW",1,6.412133789062501,,7.120154785156251,8.908310546875,10.67066015625,12.654150390625,13.306009765625,14.283580078125,,16.608330078125,,23.09258984375,,67.50190625,,105.928,,161.27340625
"IMAGE 3.4","Medium-to-Low - SSP1","World","Capacity|Electricity|Solar|PV","GW",1,717.23209375,,2254.015625,4528.845,8079.583000000001,12392.806,16812.521,21745.355,,31459.216,,40011.716,,42973.631,,43676.356,,42617.354
"IMAGE 3.4","Medium-to-Low - SSP1","World","Capacity|Electricity|Wind|Offshore","GW",1,34.3473515625,,81.5623828125,252.361296875,624.398375,1255.77,2288.428,3350.939,,4523.323,,4961.845,,5042.181,,5406.117,,5637.697
"IMAGE 3.4","Medium-to-Low - SSP1","World","Capacity|Electricity|Wind|Onshore","GW",1,697.6786875,,1136.948,1550.306,1961.787,2652.508,3696.13,4930.028,,6634.017,,7024.711,,7794.794,,8020.647,,7445.719
"IMAGE 3.4","Medium - SSP1","Africa (R10)","Capacity|Electricity|Biomass","GW",1,23.88451997566224,,23.1478420715332,26.18087091445923,28.67078451919556,28.95086867141724,27.12282494163513,24.39935321807862,,10.35683023358881,,4.438813525319449,,1.646973077416798,,9.312779307365798,,11.31233929419555
"IMAGE 3.4","Medium - SSP1","Africa (R10)","Capacity|Electricity|Coal","GW",1,64.06371631315862,,67.73660844132304,69.31793148249388,84.49934285691008,106.3867867765426,130.0562615690231,146.2490326670781,,148.5227112808228,,155.1221676998138,,143.9891061782837,,166.7007407112121,,204.4035663986206
"IMAGE 3.4","Medium - SSP1","Africa (R10)","Capacity|Electricity|Fossil","GW",1,198.5998990796399,,212.3727039348855,234.79116077514,303.3154639808382,396.0757840704322,490.6560093271733,571.2096349863746,,694.8822785360445,,851.983436131336,,958.9659894727384,,1183.783703282057,,1377.065863306071
"IMAGE 3.4","Medium - SSP1","Africa (R10)","Capacity|Electricity|Gas","GW",1,98.93593858337402,,105.6588083267212,114.4613571281433,166.3145077654049,262.8510373697281,343.0266908302307,404.7166642031669,,526.3709700393676,,671.1201819076539,,785.7489610519408,,992.1828343734742,,1145.305993431091
"IMAGE 3.4","Medium - SSP1","Africa (R10)","Capacity|Electricity|Geothermal","GW",1,0,,0,0,0,0,0,0,,0,,0,,0,,0,,0
"IMAGE 3.4","Medium - SSP1","Africa (R10)","Capacity|Electricity|Hydro","GW",1,35.97921606445313,,40.47226416015625,47.66839404296875,75.65967041015625,108.8751787109375,136.3702749023437,162.7369907226562,,221.5819912109375,,268.2536020507813,,284.64439453125,,290.9332827148438,,293.814435546875
"IMAGE 3.4","Medium - SSP1","Africa (R10)","Capacity|Electricity|Hydrogen","GW",1,0,,0,0,1.621716461896896,16.61613787674904,27.27902055835724,39.92338655376435,,108.1376451759338,,169.1589710178375,,190.7228329916001,,191.5095303405561,,178.5605888671875
"IMAGE 3.4","Medium - SSP1","Africa (R10)","Capacity|Electricity|Nuclear","GW",1,1.854,,1.854,6.654,6.654,6.654,6.654,6.654,,6.654,,6.65414794921875,,6.654,,3.817636962890625,,1.85400030517581
"IMAGE 3.4","Medium - SSP1","Africa (R10)","Capacity|Electricity|Oil","GW",1,35.60024418310728,,38.97728716684133,51.01187216450273,52.50161335852324,26.83795992416144,17.57305692791939,20.24393811612948,,19.98859721585403,,25.74108652386831,,29.22792224251381,,24.90012819737098,,27.35630347635871
"IMAGE 3.4","Medium - SSP1","Africa (R10)","Capacity|Electricity|Other","GW",1,1.31386003112793,,1.40516746520996,3.183585021972655,5.872877346992492,26.24103423500061,51.23815126705169,70.52797402095794,,85.09690751338006,,88.66179979336262,,115.1063049967289,,143.1392138500213,,165.1526121237278
"IMAGE 3.4","Medium - SSP1","Africa (R10)","Capacity|Electricity|Solar|CSP","GW",1,1.085,,1.085,2.939214645385742,4.425863159179688,5.317937133789062,5.603325134277344,8.242468872070312,,5.900647979736329,,6.411895957946777,,8.967701156497002,,26.51771514892578,,40.84947736358643
"IMAGE 3.4","Medium - SSP1","Africa (R10)","Capacity|Electricity|Solar|PV","GW",1,9.559069335937501,,18.93045660400391,68.4926346435547,248.1607021484375,550.1156249999999,964.971818359375,1571.7245625,,3536.7843203125,,5753.87083984375,,7967.9688828125,,9901.8536953125,,11990.08711328125
"IMAGE 3.4","Medium - SSP1","Africa (R10)","Capacity|Electricity|Wind|Offshore","GW",1,0,,0,2.888045959472656,8.25988151550293,37.351396484375,93.91990942382813,155.3816025390625,,184.5910454101563,,197.4856215820313,,211.3311640625,,248.5711689453125,,267.5493251953125
"IMAGE 3.4","Medium - SSP1","Africa (R10)","Capacity|Electricity|Wind|Onshore","GW",1,6.51375308561325,,12.38581176376343,33.93750720214844,58.53382421875,147.5825498046875,211.991236328125,314.69128515625,,637.2304296875,,1054.2079453125,,1310.6836796875,,1412.6058515625,,1324.7720546875
"IMAGE 3.4","Medium - SSP1","China+ (R10)","Capacity|Electricity|Biomass","GW",1,42.80202819824253,,43.21096765136753,44.04147937011752,44.15146276855502,41.78188891601597,32.18038867187533,46.46597265625034,,59.94617138671909,,57.26977783203159,,50.7189452209476,,26.20441608428989,,10.40200956726108
"IMAGE 3.4","Medium - SSP1","China+ (R10)","Capacity|Electricity|Coal","GW",1,1887.252979003906,,2011.602000244141,2215.688056518555,2182.707178161621,2108.813713088989,1974.166008087397,1696.089115306653,,1076.981630286855,,790.6933386481833,,678.1515839410853,,433.9736799588204,,322.4959461102486
"IMAGE 3.4","Medium - SSP1","China+ (R10)","Capacity|Electricity|Fossil","GW",1,2050.464722991943,,2261.407451354027,2563.948552682876,2448.329505745888,2336.510267757297,2284.781655812368,2119.38837907783,,1667.14044378627,,1401.795887231649,,1292.967377436182,,860.1937166543007,,694.4687740235329
"IMAGE 3.4","Medium - SSP1","China+ (R10)","Capacity|Electricity|Gas","GW",1,128.2985404052734,,196.3721358642578,233.7811598205566,163.9811387014389,136.8881512774229,220.7061490729898,326.084176088497,,475.683989339793,,530.4406624895955,,537.2432992083457,,358.5497023925781,,310.0492479858398
"IMAGE 3.4","Medium - SSP1","China+ (R10)","Capacity|Electricity|Geothermal","GW",1,0,,0,0,0,0,0,0,,0,,0,,0,,0,,0
"IMAGE 3.4","Medium - SSP1","China+ (R10)","Capacity|Electricity|Hydro","GW",1,373.61550390625,,527.1728974609375,717.7405253906251,750.5002851562501,751.24712109375,755.8211328125001,755.1583437500001,,744.81728515625,,723.300390625,,663.41200390625,,541.68462109375,,620.6911367187499
"IMAGE 3.4","Medium - SSP1","China+ (R10)","Capacity|Electricity|Hydrogen","GW",1,0,,0,0,3.38809912109375,7.7265029296875,12.894240234375,21.232630859375,,23.154990234375,,26.18715209960937,,153.421779296875,,201.4529833984375,,205.9442841796875
"IMAGE 3.4","Medium - SSP1","China+ (R10)","Capacity|Electricity|Nuclear","GW",1,70.599,,87.015,117.0700078125,124.491453125,123.79626171875,126.5980234375,128.17572265625,,120.37727734375,,104.13120703125,,68.345521484375,,27.9584013671875,,14.21525
"IMAGE 3.4","Medium - SSP1","China+ (R10)","Capacity|Electricity|Oil","GW",1,34.91320358276367,,53.43331524562836,114.4793363437653,101.6411888828277,90.80840339088441,89.90949865198135,97.2150876826793,,114.4748241596222,,80.66188609387005,,77.57249428675122,,67.67033430290222,,61.92357992744446
"IMAGE 3.4","Medium - SSP1","China+ (R10)","Capacity|Electricity|Other","GW",1,0.300191000372171,,0.320866552740335,1.178169134527445,2.146767748266458,2.416246427923441,2.51650733795762,2.612809423834085,,2.536412725836038,,2.579277197271585,,2.573528295904398,,2.494821518331766,,2.506478243261575
"IMAGE 3.4","Medium - SSP1","China+ (R10)","Capacity|Electricity|Solar|CSP","GW",1,0.45020000000298,,0.57020000000298,0.57020000000298,0.5670363914519541,0.462036363668739,0.205000106841325,0.010909159690141,,6.58333301526426e-8,,6.58333301526426e-8,,6.58333301526426e-8,,6.58333301526426e-8,,6.58333301526426e-8
"IMAGE 3.4","Medium - SSP1","China+ (R10)","Capacity|Electricity|Solar|PV","GW",1,274.2601472167969,,1084.679710205078,1962.846282958984,2981.6963515625,4092.098861328125,5032.803310546875,5951.62983984375,,8001.232259765625,,10901.08888085938,,12063.55163867188,,10932.727140625,,9530.186451171876
"IMAGE 3.4","Medium - SSP1","China+ (R10)","Capacity|Electricity|Wind|Offshore","GW",1,9.254,,44.18984149169921,82.46933984374999,149.64733984375,147.63085546875,238.668796875,450.8091875,,611.523,,560.0549609375,,345.7395625,,297.430609375,,335.97440625
"IMAGE 3.4","Medium - SSP1","China+ (R10)","Capacity|Electricity|Wind|Onshore","GW",1,275.479193725586,,526.7475847167968,604.4434550781251,594.953955078125,598.0310595703124,867.3889326171875,1458.936049804687,,2121.563799804688,,1847.653400390625,,1931.621360351563,,1981.410940429688,,1499.657110351563
"IMAGE 3.4","Medium - SSP1","Europe (R10)","Capacity|Electricity|Biomass","GW",1,98.24678466796874,,103.6540346679687,106.5710107421875,101.2818874511719,87.30210986328125,73.70371875,62.83628193187714,,33.90616273307801,,17.75676087760926,,12.34746837139106,,6.640515200138092,,65.841501298666
"IMAGE 3.4","Medium - SSP1","Europe (R10)","Capacity|Electricity|Coal","GW",1,291.9377433166504,,313.6789336242676,190.7442260131836,140.4243073730469,111.8870067138672,99.4047183933258,100.8605587287545,,87.31630450682343,,74.34345580214867,,45.04117513336987,,30.06265391220898,,50.4418973083496
"IMAGE 3.4","Medium - SSP1","Europe (R10)","Capacity|Electricity|Fossil","GW",1,634.4076201477051,,699.1750683288574,439.5928632049561,241.8248667602539,165.537806137085,169.1878602767587,209.7257463939637,,262.1467923549861,,334.9358701812089,,307.8910560385213,,219.8376726080402,,248.5408410148621
"IMAGE 3.4","Medium - SSP1","Europe (R10)","Capacity|Electricity|Gas","GW",1,255.3190269775391,,278.2723607177734,160.4244451904297,52.26242788696289,20.17815822887421,47.92029589092731,93.55043443308026,,157.7463234710693,,242.885884552002,,249.6760919036865,,178.2646819152832,,143.0103286132812
"IMAGE 3.4","Medium - SSP1","Europe (R10)","Capacity|Electricity|Geothermal","GW",1,0,,0,0,0,0,0,0,,0,,0,,0,,0,,0
"IMAGE 3.4","Medium - SSP1","Europe (R10)","Capacity|Electricity|Hydro","GW",1,239.183525390625,,254.205162109375,278.8058046875,406.02173828125,402.385015625,397.1331249999999,389.31735546875,,354.355125,,322.1578359375,,314.1769296875,,338.40245703125,,314.081921875
"IMAGE 3.4","Medium - SSP1","Europe (R10)","Capacity|Electricity|Hydrogen","GW",1,0,,0,0,20.88535107421875,61.920599609375,96.2894619140625,145.263189453125,,165.182468378067,,183.8836157302856,,168.2641579393223,,190.6425411206658,,225.6958530059663
"IMAGE 3.4","Medium - SSP1","Europe (R10)","Capacity|Electricity|Nuclear","GW",1,116.037,,117.3236015625,118.9318984375,160.777654296875,144.4032788085937,130.3205278320312,129.2186196289063,,101.59405078125,,96.28286328125,,96.2279716796875,,83.23223754882812,,47.18991284179688
"IMAGE 3.4","Medium - SSP1","Europe (R10)","Capacity|Electricity|Oil","GW",1,87.15084985351562,,107.2237739868164,88.42419200134277,49.13813150024414,33.47264119434357,21.86284599250554,15.31475323212892,,17.08416437709331,,17.70652982705832,,13.17378900146485,,11.5103367805481,,55.0886150932312
"IMAGE 3.4","Medium - SSP1","Europe (R10)","Capacity|Electricity|Other","GW",1,3.360221954345703,,3.450789571762085,3.669418548583984,4.356720296859741,5.343522968292236,5.947753070831299,6.479575559616089,,6.716904214859009,,7.1873109664917,,7.439867870330811,,6.727161577224732,,7.276403581619262
"IMAGE 3.4","Medium - SSP1","Europe (R10)","Capacity|Electricity|Solar|CSP","GW",1,2.311823910154402,,2.311766048826277,2.212017025388777,1.294530941225588,0.276567977152764,0.0004562716446816922,0.0003687918968498706,,0.0001494991895160637,,7.391836843453348e-7,,7.391836843453348e-7,,7.391836843453348e-7,,7.391836843453348e-7
"IMAGE 3.4","Medium - SSP1","Europe (R10)","Capacity|Electricity|Solar|PV","GW",1,156.6216728515625,,410.294080078125,715.6801406249999,1588.662994140625,1885.557921875,1976.52055859375,2000.42028125,,1972.029640625,,2027.5553515625,,1944.72151171875,,1813.0934375,,1759.9405078125
"IMAGE 3.4","Medium - SSP1","Europe (R10)","Capacity|Electricity|Wind|Offshore","GW",1,24.898849609375,,35.60905078125,39.81104597473144,222.6397548828125,506.7686347656249,785.3756816406251,937.247908203125,,770.5843574218751,,707.03822265625,,825.1704375,,820.0539199218749,,551.607296875
"IMAGE 3.4","Medium - SSP1","Europe (R10)","Capacity|Electricity|Wind|Onshore","GW",1,190.2747412109375,,244.6067041015625,314.8343251953125,443.60994140625,620.3315683593751,663.519626953125,652.3126640625001,,527.10591796875,,567.060576171875,,587.334884765625,,552.11147265625,,478.581060546875
"IMAGE 3.4","Medium - SSP1","India+ (R10)","Capacity|Electricity|Biomass","GW",1,30.56822264480591,,31.1149766254425,30.37623007202149,30.2182373046875,28.26392602539062,24.85396029663086,18.60064758300781,,5.877718994140625,,2.895591953998082,,0.182020743136876,,0.182560507541173,,0.313457022433751
"IMAGE 3.4","Medium - SSP1","India+ (R10)","Capacity|Electricity|Coal","GW",1,295.4042236328125,,327.8220838673114,453.5488438568115,571.4019947509765,633.3984251098633,683.4282344970703,801.7228155517579,,857.8361524353028,,855.8081110839844,,859.3057271728517,,774.9669725952149,,783.4361301879883
"IMAGE 3.4","Medium - SSP1","India+ (R10)","Capacity|Electricity|Fossil","GW",1,362.1431016845703,,398.6436462452411,533.0280136594772,648.6072352352143,740.1941202774047,844.2230148558319,1112.389955932972,,1396.261275353977,,1704.010519785629,,2172.865422298787,,2105.007455566109,,2232.600781121254
"IMAGE 3.4","Medium - SSP1","India+ (R10)","Capacity|Electricity|Gas","GW",1,45.13969836425781,,46.78689440917968,52.43096527147294,58.93059858989716,98.05021301651001,151.1139573469162,292.8286787109375,,511.8279694366455,,812.3778347167969,,1257.963583618164,,1270.47929309082,,1374.450839782715
"IMAGE 3.4","Medium - SSP1","India+ (R10)","Capacity|Electricity|Geothermal","GW",1,0,,0,0,0,0,0,0,,0,,0,,0,,0,,0
"IMAGE 3.4","Medium - SSP1","India+ (R10)","Capacity|Electricity|Hydro","GW",1,67.74448828125,,88.627798828125,166.294013671875,187.01920703125,214.542421875,233.0365625,240.89175,,236.8936328125,,261.975515625,,274.2515,,300.6103046875,,304.936109375
"IMAGE 3.4","Medium - SSP1","India+ (R10)","Capacity|Electricity|Hydrogen","GW",1,0,,0,0,8.114591796875,26.62648046875,34.421099609375,54.158359375,,107.368921875,,209.2622734375,,282.815703125,,288.5665,,275.767
"IMAGE 3.4","Medium - SSP1","India+ (R10)","Capacity|Electricity|Nuclear","GW",1,6.978,,11.3766650390625,19.682,25.7940205078125,26.130740234375,25.8509599609375,25.3909599609375,,24.248560546875,,23.3971494140625,,20.826220703125,,8.833962158203125,,4.076684082031249
"IMAGE 3.4","Medium - SSP1","India+ (R10)","Capacity|Electricity|Oil","GW",1,21.5991796875,,24.03466796875,27.04820453119278,18.27464189434052,8.745482151031494,9.680823011845352,17.83846167027718,,26.5971534820289,,35.82457398484761,,55.59611150777047,,59.56118988007422,,74.71381115055084
"IMAGE 3.4","Medium - SSP1","India+ (R10)","Capacity|Electricity|Other","GW",1,0,,0,0,10.50125793457031,25.80147021484375,29.57709814453125,30.5472314453125,,30.681748046875,,31.03726171875,,31.3156142578125,,30.4267734375,,31.3526298828125
"IMAGE 3.4","Medium - SSP1","India+ (R10)","Capacity|Electricity|Solar|CSP","GW",1,0.3425,,0.3425,0.3425,0.3810257873535151,1.490848693847656,2.774997406005859,2.795746582031249,,2.49874868774414,,0.246047033309932,,3.623962038545869e-8,,3.623962038545869e-8,,3.623962038545869e-8
"IMAGE 3.4","Medium - SSP1","India+ (R10)","Capacity|Electricity|Solar|PV","GW",1,41.15171527099609,,159.448609375,507.7503833007812,1097.88340625,2146.09626171875,3387.543734375,4141.0665,,5632.1103125,,6734.0875,,6734.1913125,,6842.534,,6579.2546875
"IMAGE 3.4","Medium - SSP1","India+ (R10)","Capacity|Electricity|Wind|Offshore","GW",1,0,,0,7.931108825683593,71.206240234375,186.420853515625,401.74003125,772.488625,,1009.283703125,,963.15490625,,993.7346875000001,,1128.509515625,,980.0387812499999
"IMAGE 3.4","Medium - SSP1","India+ (R10)","Capacity|Electricity|Wind|Onshore","GW",1,39.97895080566406,,55.017263671875,133.30966796875,310.51736328125,419.4493671875,540.401890625,607.3185,,857.86328125,,1016.2395625,,1056.444,,1034.07046875,,1068.7145
"IMAGE 3.4","Medium - SSP1","Latin America (R10)","Capacity|Electricity|Biomass","GW",1,65.91470220184327,,72.19808095169068,72.66790301132203,87.63334818267822,109.480513835907,109.4593839073181,101.0766462593079,,82.55356634736061,,68.90779245963715,,29.34458359730265,,10.65152414071581,,1.050505865931725
"IMAGE 3.4","Medium - SSP1","Latin America (R10)","Capacity|Electricity|Coal","GW",1,24.07843193340302,,30.9851289358139,34.27491843223572,33.2623100643158,48.66666950798034,86.866963013649,120.0459914147556,,125.403476600277,,118.293355178833,,100.7406599427462,,48.50711630397161,,39.02770700293768
"IMAGE 3.4","Medium - SSP1","Latin America (R10)","Capacity|Electricity|Fossil","GW",1,231.0407227290869,,240.0145052136183,230.1176342095137,204.8752152260542,202.9798114793897,214.5133810015731,255.6676378789401,,273.0654051531836,,287.9539558961811,,296.5004376801543,,266.2822826903666,,254.0221256553373
"IMAGE 3.4","Medium - SSP1","Latin America (R10)","Capacity|Electricity|Gas","GW",1,105.5718028488159,,110.6077738785744,107.6057141251564,109.2281624894142,116.9143709244728,101.4277882552147,117.3636019814014,,135.2847860659494,,157.7287940626272,,183.8853489513398,,212.394415884018,,210.7758598747253
"IMAGE 3.4","Medium - SSP1","Latin America (R10)","Capacity|Electricity|Geothermal","GW",1,0,,0,0,0,0,0,0,,0,,0,,0,,0,,0
"IMAGE 3.4","Medium - SSP1","Latin America (R10)","Capacity|Electricity|Hydro","GW",1,265.6849975585938,,268.031326171875,267.06231640625,293.9263349609375,326.8497236328125,363.33847265625,419.18891015625,,439.518365234375,,460.2641005859375,,459.526109375,,490.220220703125,,499.946876953125
"IMAGE 3.4","Medium - SSP1","Latin America (R10)","Capacity|Electricity|Hydrogen","GW",1,0,,0,0,1.442282257080078,6.943632080078125,24.27616693115235,36.82422302246093,,43.82311700439453,,69.71794219970702,,115.6512975463867,,106.2125985107422,,106.6666708374024
"IMAGE 3.4","Medium - SSP1","Latin America (R10)","Capacity|Electricity|Nuclear","GW",1,5.079333339929581,,5.078500007033348,5.106454552412033,6.370460482060908,5.192797858551843,4.26868738491903,2.931978858307702,,2.228769912079675,,2.357700675324304,,3.019090865448816,,2.965046732262475,,2.079915450584842
"IMAGE 3.4","Medium - SSP1","Latin America (R10)","Capacity|Electricity|Oil","GW",1,101.390487946868,,98.42160239923001,88.23700165212155,62.38474267232417,37.39877104693651,26.21862973270938,18.25804448278312,,12.37714248695728,,11.93180665472077,,11.87442878606843,,5.380750502377022,,4.218558777674305
"IMAGE 3.4","Medium - SSP1","Latin America (R10)","Capacity|Electricity|Other","GW",1,1.928360012818128,,2.097736981201917,2.53889017181471,3.813747211255133,19.54671832810715,73.09496889269354,95.36830428087711,,108.1364674655125,,104.0096275060587,,109.3635880489573,,139.1958095694966,,126.2562587095089
"IMAGE 3.4","Medium - SSP1","Latin America (R10)","Capacity|Electricity|Solar|CSP","GW",1,0.017,,0.136156997680664,0.145324996948242,0.145324996948242,0.14077954673767,0.133052270889282,0.128324998766184,,0.128324998766184,,0.128324998766184,,0.128324998766184,,0.128324998766184,,0.128324998766184
"IMAGE 3.4","Medium - SSP1","Latin America (R10)","Capacity|Electricity|Solar|PV","GW",1,23.38856116844714,,101.1919678192139,220.7443570556641,465.1705927734375,758.2572734375,1131.9732890625,1714.3535234375,,2882.72290625,,4026.1707109375,,4520.0481328125,,4429.4063671875,,4062.01401953125
"IMAGE 3.4","Medium - SSP1","Latin America (R10)","Capacity|Electricity|Wind|Offshore","GW",1,0,,0,0.020889560699462,1.622361328125,30.15219873046875,135.859181640625,191.7513515625,,394.995109375,,429.9831640625,,447.61713671875,,568.867546875,,617.4560859375
"IMAGE 3.4","Medium - SSP1","Latin America (R10)","Capacity|Electricity|Wind|Onshore","GW",1,31.62358813476563,,49.61076904296875,55.93705224609375,93.16515917968749,178.4423291015625,262.90594921875,393.84778125,,668.8009189453126,,659.0076318359374,,635.838107421875,,667.5565400390625,,662.6495625
"IMAGE 3.4","Medium - SSP1","Middle East (R10)","Capacity|Electricity|Biomass","GW",1,37.17555078125,,36.52164847005904,36.52164847005904,35.88370706380904,33.32748831380903,29.28200784505904,21.25271878255904,,1.358988682232797,,0.00000307464599609375,,0.00000307464599609375,,0.00000307464599609375,,0.00000307464599609375
"IMAGE 3.4","Medium - SSP1","Middle East (R10)","Capacity|Electricity|Coal","GW",1,6.416864794056862,,6.345587638139725,4.591756632328034,1.173598795413971,0.197645853519439,0.010770827233791,0.002524947070982,,0.377004095351491,,0.666485717773437,,1.727473022460938,,3.533700927734375,,3.50543505859375
"IMAGE 3.4","Medium - SSP1","Middle East (R10)","Capacity|Electricity|Fossil","GW",1,280.2529660284929,,280.799707310915,264.69706564188,264.625442961216,246.7426981921196,245.7033072906733,231.6035810496616,,236.7129011390896,,298.9366787109375,,281.0259932861328,,273.1949248046875,,270.635396484375
"IMAGE 3.4","Medium - SSP1","Middle East (R10)","Capacity|Electricity|Gas","GW",1,170.0965020751953,,171.5097292480469,164.3434638671875,172.8562255859375,202.7449075927734,241.5206107177735,228.1431087646484,,233.7661760864258,,296.1971610107422,,277.5040603027344,,266.4447768554688,,263.3861174316406
"IMAGE 3.4","Medium - SSP1","Middle East (R10)","Capacity|Electricity|Geothermal","GW",1,0,,0,0,0,0,0,0,,0,,0,,0,,0,,0
"IMAGE 3.4","Medium - SSP1","Middle East (R10)","Capacity|Electricity|Hydro","GW",1,15.596919921875,,16.1328701171875,16.0656103515625,20.02398046875,50.0449296875,55.84376953125,57.06426953125,,56.69083984375,,58.4207109375,,57.07671875,,55.70271875,,61.4590390625
"IMAGE 3.4","Medium - SSP1","Middle East (R10)","Capacity|Electricity|Hydrogen","GW",1,0,,0,0,0,8.028211914062501,15.7597099609375,19.15741015625,,23.60601953125,,33.01673046875,,65.11226171875,,69.5131796875,,67.8567890625
"IMAGE 3.4","Medium - SSP1","Middle East (R10)","Capacity|Electricity|Nuclear","GW",1,2.26,,6.236,6.236,6.560380859375,6.560380859375,6.560380859375,6.560380859375,,6.560380859375,,6.3108359375,,3.271198974609375,,0.235913604736328,,2.6702880859375e-8
"IMAGE 3.4","Medium - SSP1","Middle East (R10)","Capacity|Electricity|Oil","GW",1,103.7395991592407,,102.9443904247284,95.7618451423645,90.5956185798645,43.80014474582672,4.171925745666027,3.457947337942198,,2.569720957312365,,2.073031982421875,,1.7944599609375,,3.216447021484375,,3.743843994140625
"IMAGE 3.4","Medium - SSP1","Middle East (R10)","Capacity|Electricity|Other","GW",1,0.005059999998658,,0.005197200831025,0.005853412687778,0.006288499880582001,0.007039728231728001,0.007991888113319,0.009213768538087001,,0.012361480284482,,0.015647160109132,,0.017371010359376,,0.018098759222775,,0.01837546974048
"IMAGE 3.4","Medium - SSP1","Middle East (R10)","Capacity|Electricity|Solar|CSP","GW",1,0.4497099914550781,,0.9435,0.9435001220703121,0.91377392578125,1.38998095703125,1.264281982421875,1.042911987304687,,0.772280578613281,,0.132921997070312,,0,,0,,0
"IMAGE 3.4","Medium - SSP1","Middle East (R10)","Capacity|Electricity|Solar|PV","GW",1,7.662994873046875,,53.202681640625,244.1395078125,374.59240625,552.99,651.06640625,1068.334109375,,1934.21190625,,2465.52690625,,2770.7748125,,2890.41240625,,2948.4521875
"IMAGE 3.4","Medium - SSP1","Middle East (R10)","Capacity|Electricity|Wind|Offshore","GW",1,0,,0,0,0.09351999664306601,24.77141015625,44.2116796875,48.59187890625,,45.5936796875,,22.75191015625,,27.772189453125,,43.44653125,,43.44255078125
"IMAGE 3.4","Medium - SSP1","Middle East (R10)","Capacity|Electricity|Wind|Onshore","GW",1,0.9336151123046871,,1.928410034179687,1.9499599609375,2.03539404296875,90.13021875,177.46809375,183.04240625,,358.0925,,449.2233125,,504.858,,559.434875,,576.4866875
"IMAGE 3.4","Medium - SSP1","North America (R10)","Capacity|Electricity|Biomass","GW",1,147.6485255126953,,142.4369333496094,130.1605503540039,113.30611277771,88.87965835571289,60.86870634078979,46.73987625122071,,10.04996591186523,,1.178566421509022,,0.400753707885975,,0.136735908508533,,0.053484716505277
"IMAGE 3.4","Medium - SSP1","North America (R10)","Capacity|Electricity|Coal","GW",1,326.56390625,,336.162572265625,291.6502582364082,92.29856179046631,26.1429072189331,1.825945313394069,0.071053533280268,,0.030399316728115,,0.573767178549073,,7.131952097956091,,7.522087439600378,,8.44651168352738
"IMAGE 3.4","Medium - SSP1","North America (R10)","Capacity|Electricity|Fossil","GW",1,914.9890026550293,,942.2450954589845,941.2007195892036,774.3726507804394,728.8101504600048,739.4374258386493,700.0214914205494,,613.9112701436485,,544.6203766574981,,432.0638765177084,,294.6480828394247,,309.7469995474173
"IMAGE 3.4","Medium - SSP1","North America (R10)","Capacity|Electricity|Gas","GW",1,495.9071298828125,,511.2423835449219,556.8136713867189,598.50704296875,627.803092880249,663.1115371875762,636.4259941818267,,604.6260951385156,,544.0465556187677,,424.9318705601738,,287.1161265416191,,301.2787593541191
"IMAGE 3.4","Medium - SSP1","North America (R10)","Capacity|Electricity|Geothermal","GW",1,0,,0,0,0,0,0,0,,0,,0,,0,,0,,0
"IMAGE 3.4","Medium - SSP1","North America (R10)","Capacity|Electricity|Hydro","GW",1,186.90959375,,203.159359375,200.91375,229.2295,305.408390625,299.823890625,292.5045,,274.3350078125,,250.068453125,,254.3425390625,,280.7371484375,,290.4339375
"IMAGE 3.4","Medium - SSP1","North America (R10)","Capacity|Electricity|Hydrogen","GW",1,7.661000722691824e-10,,7.661000722691824e-10,7.661000722691824e-10,4.67864697265625,22.3454306640625,29.63533984375,49.557228515625,,95.903837890625,,136.2153125,,183.1864765625,,153.17279296875,,151.8543745117188
"IMAGE 3.4","Medium - SSP1","North America (R10)","Capacity|Electricity|Nuclear","GW",1,107.3870234375,,109.6210234375,109.1088173828125,86.8609736328125,56.780900390625,34.9692138671875,18.57647680664062,,12.13052648925781,,10.53608312988281,,7.389374816894533,,2.114128662109374,,0.000273685485124588
"IMAGE 3.4","Medium - SSP1","North America (R10)","Capacity|Electricity|Oil","GW",1,92.5179665222168,,94.8401396484375,92.73678996607661,83.56704602122306,74.86415036082268,74.49994333767891,63.52444370544236,,9.254775688404868,,0.00005386018150363726,,0.00005385957844555379,,0.009868858205154001,,0.021728509770706
"IMAGE 3.4","Medium - SSP1","North America (R10)","Capacity|Electricity|Other","GW",1,3.949082021474838,,4.306459939718247,3.873964769586921,7.13101668715477,25.82774354889989,40.50425829201937,45.84433983498812,,40.68893798652292,,14.17813274285197,,12.07719874307513,,12.13074595251679,,18.30375601738692
"IMAGE 3.4","Medium - SSP1","North America (R10)","Capacity|Electricity|Solar|CSP","GW",1,1.747900024414063,,1.723031982421875,1.658364013671875,1.48,1.48,1.48,1.469036010742188,,1.141913940429687,,0.11390769958496,,1.643895957386121e-7,,1.643895957386121e-7,,1.643895957386121e-7
"IMAGE 3.4","Medium - SSP1","North America (R10)","Capacity|Electricity|Solar|PV","GW",1,79.07219921875,,222.9435811767578,354.313423828125,586.275857421875,1152.89789453125,1647.76029296875,2237.50259375,,3617.53480078125,,4639.6275625,,4488.613423828125,,3629.378392578125,,2920.23807421875
"IMAGE 3.4","Medium - SSP1","North America (R10)","Capacity|Electricity|Wind|Offshore","GW",1,0.02929999923706,,0.309416687011718,1,2.559933959960937,55.49700976562499,157.13708984375,229.24332421875,,238.7510546875,,106.48537109375,,100.2509609375,,125.51933203125,,163.1545625
"IMAGE 3.4","Medium - SSP1","North America (R10)","Capacity|Electricity|Wind|Onshore","GW",1,132.166203125,,202.98859375,347.5790390625,369.61504296875,454.8914921875,692.33028125,970.6988125,,953.6247968750001,,847.85767578125,,1103.965109375,,1230.4181328125,,926.87003125
"IMAGE 3.4","Medium - SSP1","Pacific OECD (R10)","Capacity|Electricity|Biomass","GW",1,11.06327471923828,,11.24120833654702,11.04125054121018,10.39699638938904,9.056483182907105,6.32708547782898,3.898550573348999,,3.619734186172529,,6.358638651333797,,6.079638285122859,,6.080997995816218,,3.761908670865046
"IMAGE 3.4","Medium - SSP1","Pacific OECD (R10)","Capacity|Electricity|Coal","GW",1,85.3942900390625,,92.72991718637942,80.52006259131431,63.3793153963089,57.5149160103798,56.82892398548126,56.90454593467712,,49.38866407775879,,36.53714589691162,,33.96481038665772,,27.96242364501953,,23.30041606140137
"IMAGE 3.4","Medium - SSP1","Pacific OECD (R10)","Capacity|Electricity|Fossil","GW",1,238.1794283009768,,258.8656224823594,242.4662114534378,211.661638840437,198.0447412478327,195.4222757739947,186.5642679652211,,165.3952279080501,,149.7917012174774,,148.2764963150072,,150.1074476848302,,127.3772541855025
"IMAGE 3.4","Medium - SSP1","Pacific OECD (R10)","Capacity|Electricity|Gas","GW",1,98.32781958007813,,107.5547226063013,102.8453174211979,94.10527394771576,90.82074461174011,90.59485602474213,85.00728116607667,,90.90220211029057,,100.8451986007691,,105.4424558029175,,113.362351764679,,96.45805083084105
"IMAGE 3.4","Medium - SSP1","Pacific OECD (R10)","Capacity|Electricity|Geothermal","GW",1,0,,0,0,0,0,0,0,,0,,0,,0,,0,,0
"IMAGE 3.4","Medium - SSP1","Pacific OECD (R10)","Capacity|Electricity|Hydro","GW",1,60.89,,62.0066591796875,64.75374121093749,70.10403124999999,74.17738867187501,73.9201015625,72.63769921875,,71.57007031250001,,67.781201171875,,61.89441015625,,71.68167968750001,,71.840919921875
"IMAGE 3.4","Medium - SSP1","Pacific OECD (R10)","Capacity|Electricity|Hydrogen","GW",1,0,,0,0,2.120906982421875,9.32079296875,11.6097099609375,11.6794501953125,,11.90387699890137,,17.30506970214844,,15.37834118652344,,18.25687683105469,,18.90341162109375
"IMAGE 3.4","Medium - SSP1","Pacific OECD (R10)","Capacity|Electricity|Nuclear","GW",1,28.608419921875,,28.49816015625,27.94683984375,23.63226953125,15.19458984375,15.147,15.147,,17.007080078125,,18.1017890625,,18.102,,17.948330078125,,15.33175
"IMAGE 3.4","Medium - SSP1","Pacific OECD (R10)","Capacity|Electricity|Oil","GW",1,54.45731868183613,,58.58098268967867,59.10083144092559,54.17704949641228,49.70908062571287,47.99849576377123,44.65244086446736,,25.10436172000078,,12.40935671979667,,8.869230125432022,,8.782672275131686,,7.618787293260104
"IMAGE 3.4","Medium - SSP1","Pacific OECD (R10)","Capacity|Electricity|Other","GW",1,1.7390299243927,,1.793166704177856,4.426599782705307,18.93910720038414,24.88945275712013,26.67918120193482,26.90989422726631,,27.62457204437256,,28.8939531173706,,28.38984343075752,,29.79425985932351,,30.38992563676835
"IMAGE 3.4","Medium - SSP1","Pacific OECD (R10)","Capacity|Electricity|Solar|CSP","GW",1,0.003,,0.003,0.003,0.003,0.003,0.003,0.003,,0.003,,0.003,,0.003,,0.003,,0.003
"IMAGE 3.4","Medium - SSP1","Pacific OECD (R10)","Capacity|Electricity|Solar|PV","GW",1,92.06393896484376,,153.60830859375,232.226625,256.728966796875,288.63758203125,311.71378125,319.36391015625,,459.73900390625,,732.10446875,,856.313453125,,914.77625390625,,939.856123046875
"IMAGE 3.4","Medium - SSP1","Pacific OECD (R10)","Capacity|Electricity|Wind|Offshore","GW",1,0.066,,0.350576293945312,113.4186015625,115.963296875,128.28685546875,144.11429296875,136.35029296875,,135.22375,,154.359287109375,,150.535302734375,,101.63755078125,,132.5747109375
"IMAGE 3.4","Medium - SSP1","Pacific OECD (R10)","Capacity|Electricity|Wind|Onshore","GW",1,15.01248046875,,25.00442529296875,29.2663125,30.132595703125,50.52614599609375,66.23393603515625,78.05117578125,,127.3557216796875,,113.8850009765625,,124.139212890625,,126.2351826171875,,113.2846240234375
"IMAGE 3.4","Medium - SSP1","Reforming Economies (R10)","Capacity|Electricity|Biomass","GW",1,15.05335006713868,,18.58699033355689,29.29201995849609,39.50912921142578,41.38391073608398,41.21278369140625,40.87743179321289,,29.5423024520874,,12.66807496833807,,0.347555631637631,,0.9999979724884611,,1.232817972183285
"IMAGE 3.4","Medium - SSP1","Reforming Economies (R10)","Capacity|Electricity|Coal","GW",1,137.4824328804016,,138.9001122941971,128.768124710083,143.2880053710938,161.35505078125,163.5873544921875,114.446650390625,,79.29911728858949,,38.27951904296875,,27.65507006835938,,19.44672747802734,,13.84881503361464
"IMAGE 3.4","Medium - SSP1","Reforming Economies (R10)","Capacity|Electricity|Fossil","GW",1,622.4855222358703,,565.0271918611527,430.0684641342164,354.1277251091003,403.4483409767152,415.7892392845154,409.8857575069666,,400.0511230557054,,325.8997814559947,,288.9563704055424,,233.9441744292851,,184.8583423622313
"IMAGE 3.4","Medium - SSP1","Reforming Economies (R10)","Capacity|Electricity|Gas","GW",1,432.540040309906,,382.5367138442992,259.0499365005494,170.1683914566041,203.2228422851562,226.4586564331055,272.207965713501,,309.3517927929461,,281.5609673681618,,255.1210774536133,,208.5549172973633,,167.9750255432129
"IMAGE 3.4","Medium - SSP1","Reforming Economies (R10)","Capacity|Electricity|Geothermal","GW",1,0,,0,0,0,0,0,0,,0,,0,,0,,0,,0
"IMAGE 3.4","Medium - SSP1","Reforming Economies (R10)","Capacity|Electricity|Hydro","GW",1,63.34964282226562,,69.26823974609374,79.92910791015625,80.99815014648438,81.7532705078125,83.3392880859375,96.49952880859375,,82.76195263671875,,75.81014160156249,,100.2200712890625,,108.8452705078125,,104.2449819335938
"IMAGE 3.4","Medium - SSP1","Reforming Economies (R10)","Capacity|Electricity|Hydrogen","GW",1,0,,0,0,0,1.268835952758789,2.323389972686768,4.614785659790039,,10.39898388671875,,13.28558374023437,,24.01627362060547,,28.83044580745697,,29.007125
"IMAGE 3.4","Medium - SSP1","Reforming Economies (R10)","Capacity|Electricity|Nuclear","GW",1,41.57,,43.935,46.49268824005127,37.55001401138306,22.4818095703125,12.80743701171875,5.821060180664062,,3.141557676315304,,2.263529770851132,,1.238591378211971,,0.088905414580945,,0.088905414580945
"IMAGE 3.4","Medium - SSP1","Reforming Economies (R10)","Capacity|Electricity|Oil","GW",1,52.46304904556275,,43.59036572265625,42.25040292358398,40.6713282814026,38.87044791030884,25.74322835922241,23.23114140284061,,11.40021297416976,,6.059295044864237,,6.180222883569717,,5.942529653894424,,3.034501785403757
"IMAGE 3.4","Medium - SSP1","Reforming Economies (R10)","Capacity|Electricity|Other","GW",1,0.09710001373291001,,0.102016502380371,0.10157250213623,0.122060791015625,0.189574386596679,0.196501373291015,7.90529655456543,,36.83365930175781,,39.16803980255126,,13.85491231536865,,5.476792320251465,,22.26827294158936
"IMAGE 3.4","Medium - SSP1","Reforming Economies (R10)","Capacity|Electricity|Solar|CSP","GW",1,0,,0,0,0,0,0,0,,0,,0,,0,,0,,0
"IMAGE 3.4","Medium - SSP1","Reforming Economies (R10)","Capacity|Electricity|Solar|PV","GW",1,10.27538638305664,,12.82206359863281,39.91283093261719,91.61213720703125,209.987357421875,405.15694140625,718.88606640625,,1540.76150390625,,2453.421484375,,2802.61697265625,,2487.55325,,2183.6323125
"IMAGE 3.4","Medium - SSP1","Reforming Economies (R10)","Capacity|Electricity|Wind|Offshore","GW",1,0,,0,0,0,6.01763525390625,13.4137607421875,17.25068359375,,38.48387109375,,39.0858896484375,,28.55825439453125,,33.86821533203125,,30.40366088867188
"IMAGE 3.4","Medium - SSP1","Reforming Economies (R10)","Capacity|Electricity|Wind|Onshore","GW",1,3.172475036621093,,6.223486938476563,13.7858828125,19.08515026855469,41.71331933593751,74.54077294921875,96.21125244140626,,249.15343359375,,398.5599140625,,382.88366796875,,342.6814609375,,354.55583203125
"IMAGE 3.4","Medium - SSP1","Rest of Asia (R10)","Capacity|Electricity|Biomass","GW",1,24.01440223932266,,24.41183738517762,22.9704683265686,23.9246367893219,21.54970403289795,20.76165798950196,17.21934914398194,,11.12157035064697,,8.80741217470169,,2.885238973617553,,6.645828997611999,,10.60895594787598
"IMAGE 3.4","Medium - SSP1","Rest of Asia (R10)","Capacity|Electricity|Coal","GW",1,121.4436997276265,,138.5167380558252,142.7094481611252,166.7986612167358,161.0972083625794,160.7337118673324,187.5910803725719,,162.7409235047805,,142.091400290668,,138.0248940673471,,193.8568065968423,,222.7543093314171
"IMAGE 3.4","Medium - SSP1","Rest of Asia (R10)","Capacity|Electricity|Fossil","GW",1,227.2359557192908,,251.5832162154583,265.2648453732395,309.6652272437376,342.278603545189,391.6857049708815,460.5890258139699,,441.5272257983942,,399.9892814874053,,368.9668810184301,,438.0556392102151,,465.9222785977126
"IMAGE 3.4","Medium - SSP1","Rest of Asia (R10)","Capacity|Electricity|Gas","GW",1,75.2337847885174,,79.73071789398615,82.50535428661108,106.2282949037552,161.3792282066345,218.6128816871643,256.9157588424683,,262.997340675354,,246.949418624878,,218.3816209030152,,223.1022875518799,,221.3550441513061
"IMAGE 3.4","Medium - SSP1","Rest of Asia (R10)","Capacity|Electricity|Geothermal","GW",1,0,,0,0,0,0,0,0,,0,,0,,0,,0,,0
"IMAGE 3.4","Medium - SSP1","Rest of Asia (R10)","Capacity|Electricity|Hydro","GW",1,51.28244287109375,,63.19508984375,96.777337890625,129.961646484375,159.215359375,179.14625,194.315671875,,199.4545078125,,195.15765625,,221.7426015625,,222.7807265625,,206.106203125
"IMAGE 3.4","Medium - SSP1","Rest of Asia (R10)","Capacity|Electricity|Hydrogen","GW",1,0,,0,0,0.023065953969955,6.005533935546875,21.62916015625,56.272228515625,,83.9324296875,,91.196171875,,102.79833984375,,105.911849609375,,126.545212890625
"IMAGE 3.4","Medium - SSP1","Rest of Asia (R10)","Capacity|Electricity|Nuclear","GW",1,0,,0,0,0,0,0,0,,5.7561298828125,,6.35893896484375,,14.36244858551025,,19.26316714477539,,19.92027651977539
"IMAGE 3.4","Medium - SSP1","Rest of Asia (R10)","Capacity|Electricity|Oil","GW",1,30.55847120314691,,33.33576026564691,40.05004292550322,36.63827112324653,19.80216697597513,12.33911141638467,16.08218659892967,,15.78896161825964,,10.94846257185945,,12.5603660480679,,21.09654506149299,,21.81292511498937
"IMAGE 3.4","Medium - SSP1","Rest of Asia (R10)","Capacity|Electricity|Other","GW",1,5.08860888671875,,6.1896689453125,8.452287200927735,20.18932690429688,42.972056640625,51.64810644531251,57.9457490234375,,65.82687353515625,,72.41873095703124,,76.218232421875,,77.88321484375,,78.068787109375
"IMAGE 3.4","Medium - SSP1","Rest of Asia (R10)","Capacity|Electricity|Solar|CSP","GW",1,0.005,,0.005,0.093932060241699,1.453756958007813,2.168173095703125,2.167718550682067,2.167718550682067,,0.8769535281658171,,0.00004144769533013459,,1.258849952137098e-7,,1.258849952137098e-7,,1.258849952137098e-7
"IMAGE 3.4","Medium - SSP1","Rest of Asia (R10)","Capacity|Electricity|Solar|PV","GW",1,23.17644090270996,,36.89460455322266,182.871126953125,389.77509375,747.965171875,1285.395984375,1680.02246875,,1600.486078125,,1434.817671875,,1389.30121875,,1390.332125,,1315.619265625
"IMAGE 3.4","Medium - SSP1","Rest of Asia (R10)","Capacity|Electricity|Wind|Offshore","GW",1,0.09919999694824201,,1.1035,4.822256103515625,55.851951171875,142.64968359375,315.21459375,525.2545,,1325.963625,,1784.938125,,1741.871875,,1383.2241875,,1323.91553125
"IMAGE 3.4","Medium - SSP1","Rest of Asia (R10)","Capacity|Electricity|Wind|Onshore","GW",1,2.523655944824219,,12.4343974609375,15.2460595703125,39.799087890625,51.76755078125,54.4244560546875,55.94670361328125,,59.53881640625001,,62.70911376953125,,67.87549267578125,,71.3285205078125,,72.46943994140625
"IMAGE 3.4","Medium - SSP1","World","Capacity|Electricity|Biomass","GW",1,496.3713203125,,506.5245078125,509.8234140625,514.9763339843751,489.976572265625,425.7724951171875,383.3668076171875,,248.33300390625,,180.2814697265625,,103.9531806640625,,66.85536645507813,,104.5769760742187
"IMAGE 3.4","Medium - SSP1","World","Capacity|Electricity|Coal","GW",1,3240.038875,,3464.480625,3611.813739013672,3479.23321484375,3415.46090625,3356.909296875,3223.983505859375,,2587.896693359375,,2212.4086171875,,2035.732203125,,1706.5333046875,,1671.6608515625
"IMAGE 3.4","Medium - SSP1","World","Capacity|Electricity|Fossil","GW",1,5759.79944140625,,6110.1351328125,6145.175567138672,5761.404625,5760.62263671875,5991.399944335938,6257.046083740234,,6151.094759887696,,6299.917020507813,,6548.479704864502,,6025.055427383423,,6165.238988525391
"IMAGE 3.4","Medium - SSP1","World","Capacity|Electricity|Gas","GW",1,1905.3703125,,1990.2723125,1834.2613125,1692.58178125,1920.852515625,2304.493125,2713.244125,,3308.558109375,,3884.15228125,,4295.89840625,,4110.45128125,,4234.045484375
"IMAGE 3.4","Medium - SSP1","World","Capacity|Electricity|Geothermal","GW",1,0,,0,0,0,0,0,0,,0,,0,,0,,0,,0
"IMAGE 3.4","Medium - SSP1","World","Capacity|Electricity|Hydro","GW",1,1360.236,,1592.272,1936.011,2243.445,2474.499,2577.773,2680.315,,2681.979,,2683.19,,2691.288,,2701.599,,2767.556
"IMAGE 3.4","Medium - SSP1","World","Capacity|Electricity|Hydrogen","GW",1,7.661000722691824e-10,,7.661000722691824e-10,7.661000722691824e-10,42.27466015625,166.802203125,276.1173125,438.6829028301239,,673.4122577514648,,949.2288568916321,,1301.366964807987,,1354.06902812626,,1386.801095199585
"IMAGE 3.4","Medium - SSP1","World","Capacity|Electricity|Nuclear","GW",1,380.3728125,,410.938,457.2286875,478.6911875,407.1948125,363.1761875,338.4761875,,299.6983125,,276.3943125,,239.43640625,,166.457703125,,104.757
"IMAGE 3.4","Medium - SSP1","World","Capacity|Electricity|Oil","GW",1,614.39025390625,,655.3821953125,699.1005156250001,589.58962890625,424.30921484375,329.9975224609375,319.8184528808594,,254.6399571533203,,203.3561220703125,,216.849095489502,,208.0708414459229,,259.5326525878907
"IMAGE 3.4","Medium - SSP1","World","Capacity|Electricity|Other","GW",1,17.78151223754883,,19.67107279205322,27.43033740234375,73.0791796875,173.2348125,281.41055078125,344.15037890625,,404.15484375,,388.1498046875,,396.3564921875,,447.28690625,,481.593484375
"IMAGE 3.4","Medium - SSP1","World","Capacity|Electricity|Solar|CSP","GW",1,6.412133789062501,,7.120154785156251,8.908052734375,10.6643095703125,12.7293203125,13.631830078125,15.86048046875,,11.32201953125,,7.03614111328125,,9.09902734375,,26.6490390625,,40.98080078125
"IMAGE 3.4","Medium - SSP1","World","Capacity|Electricity|Solar|PV","GW",1,717.23209375,,2254.016625,4528.978,8080.559,12384.604,16794.91,21403.306,,31177.61,,41168.269,,45538.099,,45232.064,,44229.281
"IMAGE 3.4","Medium - SSP1","World","Capacity|Electricity|Wind|Offshore","GW",1,34.3473515625,,81.5623828125,252.361296875,627.8443125,1265.547,2329.655,3464.369,,4754.993,,4965.338,,4872.582,,4751.129,,4446.117
"IMAGE 3.4","Medium - SSP1","World","Capacity|Electricity|Wind|Onshore","GW",1,697.6786875,,1136.948,1550.289,1961.448,2652.866,3611.205,4811.057,,6560.329,,7016.404,,7705.643,,7977.854,,7078.041
"IMAGE 3.4","Very Low - SSP1","Africa (R10)","Capacity|Electricity|Biomass","GW",1,23.8842500667572,,23.14754719924927,28.80125821304321,35.96953141593932,74.46090804481506,117.0354337152233,150.3794265616983,,167.439207273826,,176.0951597360223,,133.9567333728596,,235.0422876697034,,300.5096665680707
"IMAGE 3.4","Very Low - SSP1","Africa (R10)","Capacity|Electricity|Coal","GW",1,63.91429504268383,,67.47843851362168,60.4745288811475,32.5871268691156,7.396139418461128,19.21949547632421,20.49439492906205,,24.03483337786199,,29.32468817103523,,37.06420253147628,,33.36754043220789,,45.82715538107666
"IMAGE 3.4","Very Low - SSP1","Africa (R10)","Capacity|Electricity|Fossil","GW",1,198.6001241460335,,212.3714377750829,217.4860168614164,218.0271257296965,143.7030438477744,105.4926732127112,105.5087300640161,,181.6115175167767,,285.6762854453539,,336.0874626245895,,329.0954582752483,,370.6076576740639
"IMAGE 3.4","Very Low - SSP1","Africa (R10)","Capacity|Electricity|Gas","GW",1,98.75109170598537,,105.4739583823159,116.5094404449463,168.6050182514191,132.0069994362593,84.59307628580927,80.92647296451031,,150.4623772713411,,249.1894463293431,,291.8757543676761,,292.1117665746818,,323.6970593604897
"IMAGE 3.4","Very Low - SSP1","Africa (R10)","Capacity|Electricity|Geothermal","GW",1,0,,0,0,0,0,0,0,,0,,0,,0,,0,,0
"IMAGE 3.4","Very Low - SSP1","Africa (R10)","Capacity|Electricity|Hydro","GW",1,35.9792763671875,,40.58170825195312,50.6467529296875,87.388759765625,112.6840673828125,140.933455078125,173.892767578125,,262.42983203125,,340.570896484375,,352.46848828125,,349.3026640625,,346.9762744140625
"IMAGE 3.4","Very Low - SSP1","Africa (R10)","Capacity|Electricity|Hydrogen","GW",1,0,,0,0,14.28339789199829,55.08783647298813,81.184010972023,126.8961055674553,,269.0021663780212,,435.362395526886,,579.9296446628571,,732.8103670163155,,826.9617685890198
"IMAGE 3.4","Very Low - SSP1","Africa (R10)","Capacity|Electricity|Nuclear","GW",1,1.854,,1.854,6.654,8.631540771484374,24.38246923828125,33.9675341796875,41.52175292968749,,77.29254199218751,,101.155982421875,,101.585681640625,,104.29511328125,,90.3237734375
"IMAGE 3.4","Very Low - SSP1","Africa (R10)","Capacity|Electricity|Oil","GW",1,35.93473739736434,,39.41904087914526,40.50204753532262,16.83498060916178,4.299904993053992,1.680101450577698,4.087862170443751,,7.114306867573655,,7.162150944975516,,7.147505725437114,,3.616151268358646,,1.083442932497537
"IMAGE 3.4","Very Low - SSP1","Africa (R10)","Capacity|Electricity|Other","GW",1,1.31386003112793,,1.405164260864257,2.313738494873047,17.25329501056671,57.6451220035553,70.80569307613372,85.57312013912201,,91.95840531611444,,104.0260685921907,,130.6546375162602,,160.5258593578339,,172.4325457174778
"IMAGE 3.4","Very Low - SSP1","Africa (R10)","Capacity|Electricity|Solar|CSP","GW",1,1.085,,1.085,2.238016973495483,36.86875094604493,134.5617133789062,212.1513779296875,257.996435546875,,499.126361328125,,512.930572265625,,526.9796611328125,,542.5448349609376,,417.81378125
"IMAGE 3.4","Very Low - SSP1","Africa (R10)","Capacity|Electricity|Solar|PV","GW",1,9.559068847656249,,18.82418084716797,68.97053326416017,297.4374766845703,787.4670322265625,1457.249052734375,1914.54355859375,,3749.28062890625,,5385.10704296875,,7226.1934921875,,8825.960671875,,10986.87342578125
"IMAGE 3.4","Very Low - SSP1","Africa (R10)","Capacity|Electricity|Wind|Offshore","GW",1,0,,0,3.478496353149414,60.01131679534912,159.59408203125,232.0142138671875,285.3305771484375,,411.41606640625,,357.857806640625,,373.8515830078125,,399.6769697265625,,376.23200390625
"IMAGE 3.4","Very Low - SSP1","Africa (R10)","Capacity|Electricity|Wind|Onshore","GW",1,6.51375308561325,,12.37889793205261,33.526099609375,109.66230078125,239.127611328125,505.7780703125,722.23071875,,1082.876328125,,1469.4942109375,,2380.873640625,,3083.645109375,,2678.6082109375
"IMAGE 3.4","Very Low - SSP1","China+ (R10)","Capacity|Electricity|Biomass","GW",1,28.82788864135775,,29.32642868042026,32.60119821167026,42.09991175079379,51.13812289359151,116.8611952507689,175.8594769280151,,176.6724360809326,,174.6514733276367,,137.0825003166198,,31.35708317565918,,23.93169148254395
"IMAGE 3.4","Very Low - SSP1","China+ (R10)","Capacity|Electricity|Coal","GW",1,1885.970357910156,,1932.622968994141,1694.271239379883,463.7196914291382,68.54151975250244,47.73877384138108,58.33255347352102,,58.45448397731409,,69.63954316832778,,38.38141011967045,,19.98542045916896,,18.06047260608058
"IMAGE 3.4","Very Low - SSP1","China+ (R10)","Capacity|Electricity|Fossil","GW",1,2051.615669036865,,2197.937911803246,2137.505124063493,1375.570764781951,758.3440041999817,563.7301573252678,600.619923768092,,578.3083545337356,,487.1552036269302,,258.6083684296873,,245.8455765104488,,259.2675277343885
"IMAGE 3.4","Very Low - SSP1","China+ (R10)","Capacity|Electricity|Gas","GW",1,131.8127232666016,,177.4526353759766,212.2112680664063,623.3209796562195,379.75242710495,168.7820575866699,202.4376657848358,,186.973117876783,,273.3548490822017,,182.0114602899111,,215.7322384796143,,230.9281681365967
"IMAGE 3.4","Very Low - SSP1","China+ (R10)","Capacity|Electricity|Geothermal","GW",1,0,,0,0,0,0,0,0,,0,,0,,0,,0,,0
"IMAGE 3.4","Very Low - SSP1","China+ (R10)","Capacity|Electricity|Hydro","GW",1,386.3990224609375,,564.366912109375,699.335365234375,775.0796923828126,781.7531953125,781.7665449218749,780.9175595703125,,769.4204150390625,,746.063125,,689.5469453124999,,603.6471298828125,,557.1167578125
"IMAGE 3.4","Very Low - SSP1","China+ (R10)","Capacity|Electricity|Hydrogen","GW",1,0,,0,0,12.07745190429688,168.7080679931641,405.2269909667969,618.1317897949219,,672.5256123046876,,708.86419921875,,558.654919921875,,287.6917506103516,,400.3740358276368
"IMAGE 3.4","Very Low - SSP1","China+ (R10)","Capacity|Electricity|Nuclear","GW",1,70.599,,87.015,117.0700078125,119.838056640625,228.07448046875,348.42944921875,369.13597265625,,403.822966796875,,600.1645625,,567.4685957031251,,553.19297265625,,441.3119736328125
"IMAGE 3.4","Very Low - SSP1","China+ (R10)","Capacity|Electricity|Oil","GW",1,33.83258786010742,,87.86230743312836,231.0226166172027,288.5300936965942,310.0500573425293,347.2093258972168,339.8497045097352,,332.8807526796385,,144.1608113764007,,38.21549802010576,,10.12791757166561,,10.27888699171122
"IMAGE 3.4","Very Low - SSP1","China+ (R10)","Capacity|Electricity|Other","GW",1,0.300191000372171,,0.320085047155618,0.33485166016221,2.016335979372262,2.32893145275116,2.512851214319467,2.606157652288676,,2.671321423560381,,2.669494232922792,,2.687224361866713,,2.576829403907061,,2.550101647883654
"IMAGE 3.4","Very Low - SSP1","China+ (R10)","Capacity|Electricity|Solar|CSP","GW",1,0.45020000000298,,0.57020000000298,0.57020000000298,0.569127272695303,0.4641272755265231,0.207090896632522,0.013000040080398,,0.0006529531143605691,,6.568060052636326e-8,,6.568060052636326e-8,,6.568060052636326e-8,,6.568060052636326e-8
"IMAGE 3.4","Very Low - SSP1","China+ (R10)","Capacity|Electricity|Solar|PV","GW",1,274.2601402587891,,1060.580158447266,2175.227837158203,4516.904576171875,7733.190333984376,11011.331359375,11179.12755664063,,10641.437828125,,10487.497890625,,12275.87465039063,,10341.76831054688,,8866.005650390625
"IMAGE 3.4","Very Low - SSP1","China+ (R10)","Capacity|Electricity|Wind|Offshore","GW",1,9.254,,43.22396405029297,51.25841333007813,451.6707421875,1268.332453125,1835.1291015625,2113.240796875,,1684.31290625,,1366.08890625,,1095.82540625,,1108.82371875,,870.3602812500001
"IMAGE 3.4","Very Low - SSP1","China+ (R10)","Capacity|Electricity|Wind|Onshore","GW",1,275.479193725586,,498.5108186035156,751.0465849609375,1976.416860351562,2299.094440429688,2418.038049804687,2429.2874296875,,2173.4005703125,,2146.904280273438,,2109.2275,,1729.10875,,1934.690309570312
"IMAGE 3.4","Very Low - SSP1","Europe (R10)","Capacity|Electricity|Biomass","GW",1,98.24092578125001,,103.2478369140625,108.217060546875,102.4824427032471,95.80790901446343,105.1137943353653,165.061298371315,,153.8622546992297,,145.3584412325621,,130.6664542168378,,56.52569698137046,,40.91180543100834
"IMAGE 3.4","Very Low - SSP1","Europe (R10)","Capacity|Electricity|Coal","GW",1,290.3141398010254,,313.6367276611328,209.0275720322132,101.0107700843811,20.74689400158823,7.665522968697827,8.7911767055331,,44.40945565705514,,44.39391939295159,,43.52645202697948,,52.85019303192333,,20.80546981109812
"IMAGE 3.4","Very Low - SSP1","Europe (R10)","Capacity|Electricity|Fossil","GW",1,634.569574859619,,700.0576129760742,527.1274206345082,398.9472258214951,252.8424783645719,235.5642736783209,239.3725021258493,,240.5570015100728,,157.7864334563978,,152.0513920803931,,179.0707197066575,,132.3879682821565
"IMAGE 3.4","Very Low - SSP1","Europe (R10)","Capacity|Electricity|Gas","GW",1,255.9599440917969,,276.9768302001953,179.2863507080078,155.3656386756897,98.44058471012116,64.98909169349075,79.00547165252993,,88.12008934691622,,71.35512909013809,,80.6163270065173,,106.3576848976001,,99.44328933857754
"IMAGE 3.4","Very Low - SSP1","Europe (R10)","Capacity|Electricity|Geothermal","GW",1,0,,0,0,0,0,0,0,,0,,0,,0,,0,,0
"IMAGE 3.4","Very Low - SSP1","Europe (R10)","Capacity|Electricity|Hydro","GW",1,238.4844296875,,253.02213671875,263.84696875,366.15328515625,370.11140234375,367.9167421874999,369.44108203125,,345.84943359375,,340.389265625,,336.4946484375,,311.6349765625,,303.80363671875
"IMAGE 3.4","Very Low - SSP1","Europe (R10)","Capacity|Electricity|Hydrogen","GW",1,0,,0,0,11.28214724731445,63.0257802734375,104.033744140625,165.5210402832031,,205.269732421875,,275.1808916015625,,299.2604228515625,,237.7005997619628,,235.8681927223206
"IMAGE 3.4","Very Low - SSP1","Europe (R10)","Capacity|Electricity|Nuclear","GW",1,116.037,,117.3236015625,118.9318984375,107.810068359375,98.40216015625,114.65530078125,120.3941484375,,150.48584375,,168.702796875,,173.346828125,,168.46291015625,,154.0859765625
"IMAGE 3.4","Very Low - SSP1","Europe (R10)","Capacity|Electricity|Oil","GW",1,88.29549096679688,,109.4440551147461,138.8134978942871,142.5708170614242,133.6549996528626,162.9096590161323,151.5758537677862,,108.0274565061014,,42.03738497330808,,27.9086130468963,,19.8628417771341,,12.13920913248078
"IMAGE 3.4","Very Low - SSP1","Europe (R10)","Capacity|Electricity|Other","GW",1,3.360221954345703,,3.450399507522584,3.714778961181641,4.242279874801635,5.195272119522095,6.054709688186644,6.855476715087891,,7.470543420791627,,8.055758611679078,,8.252858751296998,,7.633798629760743,,7.607197668075562
"IMAGE 3.4","Very Low - SSP1","Europe (R10)","Capacity|Electricity|Solar|CSP","GW",1,2.311823910154402,,2.311766048826277,2.212017025388777,1.371691410459578,0.372973094843328,0.096861388709396,0.096773908961564,,0.03518110951449401,,7.391836843453348e-7,,7.391836843453348e-7,,7.391836843453348e-7,,7.391836843453348e-7
"IMAGE 3.4","Very Low - SSP1","Europe (R10)","Capacity|Electricity|Solar|PV","GW",1,156.621666015625,,409.5675068359375,679.1513847656249,1402.50259375,1692.69771875,1902.611046875,1868.799546875,,1951.69535546875,,1990.1664609375,,1961.47188671875,,1851.813296875,,1860.6628359375
"IMAGE 3.4","Very Low - SSP1","Europe (R10)","Capacity|Electricity|Wind|Offshore","GW",1,24.898849609375,,35.60905078125,40.58691402816773,97.84318359375001,320.28705078125,679.27241796875,848.15523046875,,945.736326171875,,906.5885605468751,,810.68826953125,,1005.06746484375,,970.58046875
"IMAGE 3.4","Very Low - SSP1","Europe (R10)","Capacity|Electricity|Wind|Onshore","GW",1,190.2747412109375,,244.5506337890625,277.096740234375,391.69937109375,571.296677734375,679.2412890625001,646.3668378906251,,590.714369140625,,600.52006640625,,588.081953125,,548.61522265625,,509.669158203125
"IMAGE 3.4","Very Low - SSP1","India+ (R10)","Capacity|Electricity|Biomass","GW",1,30.65612987136841,,31.20298913764954,36.49068298339844,152.6725538811683,210.8721817245483,280.3496439743042,358.1434446640014,,434.6348102431297,,442.0948441824913,,306.3093559470177,,171.5867647562027,,77.73791124677659
"IMAGE 3.4","Very Low - SSP1","India+ (R10)","Capacity|Electricity|Coal","GW",1,296.3172001953125,,328.007171766758,401.0697486877442,265.1439021453858,36.25627977514267,7.872746424257754,11.97285903981003,,25.21552393694487,,48.31835797605669,,65.4105866713862,,80.50854498437448,,57.01811538842722
"IMAGE 3.4","Very Low - SSP1","India+ (R10)","Capacity|Electricity|Fossil","GW",1,362.0256343994141,,398.5426585831643,492.5941480779647,332.5530402932168,91.91969220006466,117.3791863681972,141.2946361563306,,304.6241374110718,,408.3109086231838,,498.7963699256071,,538.3550654546896,,526.8020824179906
"IMAGE 3.4","Very Low - SSP1","India+ (R10)","Capacity|Electricity|Gas","GW",1,44.10248156738282,,46.52208642578125,68.05290935325623,62.82439118385315,42.09246776962281,30.60791507720947,42.97456523036957,,186.5816776572597,,267.1690887131816,,332.8473687773943,,414.1692105022236,,432.2704587827487
"IMAGE 3.4","Very Low - SSP1","India+ (R10)","Capacity|Electricity|Geothermal","GW",1,0,,0,0,0,0,0,0,,0,,0,,0,,0,,0
"IMAGE 3.4","Very Low - SSP1","India+ (R10)","Capacity|Electricity|Hydro","GW",1,67.7740390625,,90.608392578125,181.43126953125,212.12634375,234.7088671875,269.631734375,289.215546875,,282.327359375,,302.52809375,,290.40259375,,264.819,,363.00378125
"IMAGE 3.4","Very Low - SSP1","India+ (R10)","Capacity|Electricity|Hydrogen","GW",1,0,,0,0,40.8758829625845,116.5766504459381,157.0880118179321,246.6248997497559,,451.8793499145507,,758.2092036132813,,957.5836453857421,,1002.842359827042,,973.9518663349152
"IMAGE 3.4","Very Low - SSP1","India+ (R10)","Capacity|Electricity|Nuclear","GW",1,6.978,,11.3766650390625,19.682,33.58525097656251,108.171947265625,130.2037109375,231.40402734375,,397.6048359375,,631.104015625,,872.522125,,1116.13121875,,1185.490625
"IMAGE 3.4","Very Low - SSP1","India+ (R10)","Capacity|Electricity|Oil","GW",1,21.60595263671875,,24.013400390625,23.47149003696442,4.584746963977813,13.57094465529919,78.89852486672999,86.34721188615099,,92.82693581686728,,92.8234619339455,,100.5384144768266,,43.67730996809139,,37.51350824681468
"IMAGE 3.4","Very Low - SSP1","India+ (R10)","Capacity|Electricity|Other","GW",1,0,,0,0,10.65882177734375,26.03733984375,30.0057216796875,30.97116796875,,29.5451494140625,,30.939501953125,,31.6333994140625,,31.1574501953125,,31.3979755859375
"IMAGE 3.4","Very Low - SSP1","India+ (R10)","Capacity|Electricity|Solar|CSP","GW",1,0.3425,,0.3425,0.487578069686889,41.97585131835937,117.5879453125,177.961859375,211.702859375,,167.78157421875,,43.68119775390998,,0.632899841312319,,0.0000180664099752903,,0.0000180664099752903
"IMAGE 3.4","Very Low - SSP1","India+ (R10)","Capacity|Electricity|Solar|PV","GW",1,41.15172283935546,,159.9627900390625,541.2127778320312,1288.126130859375,2938.6408515625,3732.78671875,4068.0084375,,5230.136375,,5605.141625,,5659.810906250001,,5519.45371875,,5476.70146875
"IMAGE 3.4","Very Low - SSP1","India+ (R10)","Capacity|Electricity|Wind|Offshore","GW",1,0,,0,17.1227919921875,156.2131748046875,580.0649335937501,1026.96496875,1096.72540625,,1079.45871875,,1293.6888125,,1338.86540625,,1009.518125,,1156.7328125
"IMAGE 3.4","Very Low - SSP1","India+ (R10)","Capacity|Electricity|Wind|Onshore","GW",1,39.97896252441407,,55.12606030273437,209.00876953125,395.694953125,585.5192187499999,754.63290625,851.13640625,,942.3353125,,1002.574875,,1050.61978125,,1066.6194375,,1070.3416875
"IMAGE 3.4","Very Low - SSP1","Latin America (R10)","Capacity|Electricity|Biomass","GW",1,66.19002571868896,,71.76339359283448,71.00189934539794,83.51189583587646,113.8903095474243,143.3692654890008,160.3089121751189,,154.5509841439724,,143.0901238609553,,113.7853618036509,,106.5466748275757,,144.8207822775841
"IMAGE 3.4","Very Low - SSP1","Latin America (R10)","Capacity|Electricity|Coal","GW",1,24.77602484783716,,30.39024187569634,27.18641427612305,9.123577182769777,1.557048307299613,2.812571414643433,6.550387545392273,,9.843831329249774,,12.06074727210477,,12.49134691849425,,9.95065992278529,,7.107350378698841
"IMAGE 3.4","Very Low - SSP1","Latin America (R10)","Capacity|Electricity|Fossil","GW",1,233.3226700744775,,246.0381116193875,224.2974729040868,164.4320957391865,84.38090350947877,37.99610499185797,47.80861050446192,,59.93347463325429,,72.83748942893834,,68.44827850002946,,60.18159619550639,,42.29960913323517
"IMAGE 3.4","Very Low - SSP1","Latin America (R10)","Capacity|Electricity|Gas","GW",1,111.4900600364037,,117.9503229665619,118.3130596008308,136.0089888725288,82.17779405212472,35.16520867796311,41.25761134585806,,50.08819481754119,,60.7749507080087,,55.8067829743584,,47.18699434086935,,32.15050591564433
"IMAGE 3.4","Very Low - SSP1","Latin America (R10)","Capacity|Electricity|Geothermal","GW",1,0,,0,0,0,0,0,0,,0,,0,,0,,0,,0
"IMAGE 3.4","Very Low - SSP1","Latin America (R10)","Capacity|Electricity|Hydro","GW",1,271.2366420898438,,273.922162109375,277.1116015625,317.590044921875,332.61070703125,401.552546875,450.614931640625,,505.96713671875,,518.7355,,540.140693359375,,507.92092578125,,489.45876171875
"IMAGE 3.4","Very Low - SSP1","Latin America (R10)","Capacity|Electricity|Hydrogen","GW",1,0,,0,0,3.608351135253906,17.3765380859375,44.61408949947357,67.82952928924561,,100.136904463768,,132.0869635810852,,158.6517476654053,,153.6011130357981,,141.3424367295578
"IMAGE 3.4","Very Low - SSP1","Latin America (R10)","Capacity|Electricity|Nuclear","GW",1,5.079333339929581,,5.078500007033348,5.072818566083908,4.976476473271847,12.22781763394247,29.49223218472371,56.01918604214559,,114.5232314453125,,150.57257421875,,159.16490625,,179.213638671875,,167.712923828125
"IMAGE 3.4","Very Low - SSP1","Latin America (R10)","Capacity|Electricity|Oil","GW",1,97.05658519023658,,97.69754677712918,78.79799902713299,19.29952968388796,0.6460611500544471,0.018324899251427,0.0006116132115939763,,0.001448486463312,,0.001791448824867,,0.15014860717679,,3.043941931851735,,3.041752838891993
"IMAGE 3.4","Very Low - SSP1","Latin America (R10)","Capacity|Electricity|Other","GW",1,1.803814602661878,,2.056536335755139,2.320342671204358,4.797576785366982,46.10132219699398,93.55846028902383,110.3941742782816,,135.5992459717058,,97.14183195257932,,93.72890650232509,,79.61646053161472,,79.3367970578149
"IMAGE 3.4","Very Low - SSP1","Latin America (R10)","Capacity|Electricity|Solar|CSP","GW",1,0,,0.136156997680664,0.145324996948242,1.130954391479492,4.185446395874024,28.63920341491699,41.11736540222168,,47.58908508300782,,23.02426296615596,,2.907558055877642,,0.128327999114888,,0.145327342987016
"IMAGE 3.4","Very Low - SSP1","Latin America (R10)","Capacity|Electricity|Solar|PV","GW",1,18.20018146111071,,91.4081749420166,194.2895166015625,553.23744921875,920.9357734375001,1379.9311484375,2062.2603984375,,3108.9041796875,,4151.322546875001,,4609.2952734375,,4404.161550781249,,3746.091078125
"IMAGE 3.4","Very Low - SSP1","Latin America (R10)","Capacity|Electricity|Wind|Offshore","GW",1,0,,0,0.001067819952964,14.91824127006531,89.4547978515625,229.61551171875,366.3329140625,,594.91625,,582.77129296875,,656.4054453125,,614.7109140625,,534.61144921875
"IMAGE 3.4","Very Low - SSP1","Latin America (R10)","Capacity|Electricity|Wind|Onshore","GW",1,28.678583984375,,49.080755859375,60.4962353515625,157.9206298828125,226.45704296875,402.142689453125,602.57209375,,846.2500253906251,,804.0272021484375,,637.3363144531249,,611.842603515625,,637.1444140625
"IMAGE 3.4","Very Low - SSP1","Middle East (R10)","Capacity|Electricity|Biomass","GW",1,37.17176953125,,36.51785929372161,36.51785929372161,49.37658666493743,55.95528898122162,88.89355043792725,137.498701210022,,178.3211448516846,,194.539606590271,,174.5949058532715,,90.30460168457032,,32.20326229095459
"IMAGE 3.4","Very Low - SSP1","Middle East (R10)","Capacity|Electricity|Coal","GW",1,6.416842821411788,,6.345870861113071,2.954449762582779,0.7301366315633051,0.022198952350772,0.07501217247085801,0.07179517928445,,0.003031759742933,,0.002878759529907,,0.002708535232115,,0.0004863046235377624,,38.89385222311085
"IMAGE 3.4","Very Low - SSP1","Middle East (R10)","Capacity|Electricity|Fossil","GW",1,280.2564440558479,,280.7921467934251,255.4662275316715,183.8122095418721,86.9163192521669,23.32883141065674,17.53068869958566,,17.70024717195448,,26.78381234343696,,25.92831687377809,,63.52631130899579,,345.5638897977673
"IMAGE 3.4","Very Low - SSP1","Middle East (R10)","Capacity|Electricity|Gas","GW",1,170.0984005126953,,171.5150886230469,165.7125654296875,151.371572265625,86.00497622680665,23.22886827373505,17.45813987076282,,17.6972142373785,,26.78093240907401,,25.92560716371294,,63.52582382953921,,107.7665375746564
"IMAGE 3.4","Very Low - SSP1","Middle East (R10)","Capacity|Electricity|Geothermal","GW",1,0,,0,0,0,0,0,0,,0,,0,,0,,0,,0
"IMAGE 3.4","Very Low - SSP1","Middle East (R10)","Capacity|Electricity|Hydro","GW",1,15.5972001953125,,16.133169921875,16.06591015625,48.151171875,67.707453125,68.29809375,68.9741484375,,69.216203125,,67.3762734375,,65.631390625,,94.5411171875,,232.533203125
"IMAGE 3.4","Very Low - SSP1","Middle East (R10)","Capacity|Electricity|Hydrogen","GW",1,0,,0,0,10.1465498046875,33.62730309295655,44.15093594360351,48.0178745727539,,98.8852275390625,,146.8328527832031,,145.1425158691406,,211.219399810791,,279.1174479522705
"IMAGE 3.4","Very Low - SSP1","Middle East (R10)","Capacity|Electricity|Nuclear","GW",1,2.26,,6.236,6.236,7.98556005859375,33.41791015625,46.70726171875,53.244171875,,57.3073984375,,76.8132890625,,74.0134375,,118.456796875,,165.49940625
"IMAGE 3.4","Very Low - SSP1","Middle East (R10)","Capacity|Electricity|Oil","GW",1,103.7412007217407,,102.9311873092651,86.79921233940125,31.71050064468384,0.88914407300949,0.024950964450836,0.000753649538382888,,0.000001174833043478429,,0.000001174833043478429,,0.000001174833043478429,,0.000001174833043478429,,198.9035
"IMAGE 3.4","Very Low - SSP1","Middle East (R10)","Capacity|Electricity|Other","GW",1,0.005059999998658,,0.005197145041078001,0.005570933390408,0.006141140032559,0.007027581751346001,0.008861476004123,0.011612204611301,,0.016506525099277,,0.021289495982229,,0.021736948817968,,0.02035731986165,,0.020726572390645
"IMAGE 3.4","Very Low - SSP1","Middle East (R10)","Capacity|Electricity|Solar|CSP","GW",1,0.4497099914550781,,0.9435,0.9419074707031251,6.7867138671875,98.7536328125,120.1008984375,128.722,,122.5631015625,,61.8698203125,,60.26869140625,,63.8888203125,,142.800203125
"IMAGE 3.4","Very Low - SSP1","Middle East (R10)","Capacity|Electricity|Solar|PV","GW",1,7.662993896484375,,53.239880859375,182.447875,375.944703125,594.22559375,1176.121171875,1690.8813125,,2314.2156875,,3689.7458125,,2962.644296875,,2869.5061875,,2416.5471875
"IMAGE 3.4","Very Low - SSP1","Middle East (R10)","Capacity|Electricity|Wind|Offshore","GW",1,0,,0,0,19.7765390625,84.82697656250001,98.0037109375,106.089,,102.9858984375,,65.6538203125,,53.2524296875,,47.40773828125,,233.069
"IMAGE 3.4","Very Low - SSP1","Middle East (R10)","Capacity|Electricity|Wind|Onshore","GW",1,0.9336151123046871,,1.928410034179687,2.76675390625,103.0616015625,174.942,325.08359375,450.65940625,,854.8801875,,935.6453750000001,,1327.906,,1583.418,,1379.321
"IMAGE 3.4","Very Low - SSP1","North America (R10)","Capacity|Electricity|Biomass","GW",1,147.6660460205078,,142.3808522949219,145.9771314086914,143.1073582191467,175.855510925293,266.656723836422,281.1380544242859,,347.847207195282,,326.3785467948913,,240.7862749023437,,118.1831075592041,,45.82382475185394
"IMAGE 3.4","Very Low - SSP1","North America (R10)","Capacity|Electricity|Coal","GW",1,326.571333984375,,336.245384765625,207.6678271484375,59.53627478027344,3.51516817855835,2.685455699317157,9.441944225031882,,9.440149023940787,,9.562836790276226,,9.193939200332855,,2.340485190323088,,4.954410849502776
"IMAGE 3.4","Very Low - SSP1","North America (R10)","Capacity|Electricity|Fossil","GW",1,914.9725309753418,,942.3098059082031,798.4296467285155,593.1291842425317,313.3467816188187,162.8042313872352,160.0461470316238,,150.2267896058352,,147.7171474227286,,141.3177009829827,,103.9627265955126,,130.9990594125903
"IMAGE 3.4","Very Low - SSP1","North America (R10)","Capacity|Electricity|Gas","GW",1,495.915318359375,,511.2554660644531,538.4235104980469,515.8459626655579,297.5213150787354,144.339999458313,134.3482481243611,,129.6447958536129,,128.4073534879684,,125.9682205572128,,100.3659656662941,,124.6797817082405
"IMAGE 3.4","Very Low - SSP1","North America (R10)","Capacity|Electricity|Geothermal","GW",1,0,,0,0,0,0,0,0,,0,,0,,0,,0,,0
"IMAGE 3.4","Very Low - SSP1","North America (R10)","Capacity|Electricity|Hydro","GW",1,186.9084453125,,203.1576484375,201.16703125,267.19909375,299.3966015625,300.662796875,296.0408046875,,290.0068046875,,258.608203125,,277.4515,,315.019796875,,304.7435
"IMAGE 3.4","Very Low - SSP1","North America (R10)","Capacity|Electricity|Hydrogen","GW",1,7.661000722691824e-10,,7.661000722691824e-10,7.661000722691824e-10,10.79117417144775,66.93840966796876,201.3174997558594,249.4545234375,,349.1244291992188,,410.4038427734375,,442.8541384277344,,325.4142005615234,,368.3523136482239
"IMAGE 3.4","Very Low - SSP1","North America (R10)","Capacity|Electricity|Nuclear","GW",1,107.3870234375,,109.6210234375,109.6210078125,87.548853515625,57.7068447265625,47.41656640625,36.74533947753906,,32.707,,31.44046142578125,,29.33033862304688,,108.0357209472656,,76.95577319335938
"IMAGE 3.4","Very Low - SSP1","North America (R10)","Capacity|Electricity|Oil","GW",1,92.4858786315918,,94.808955078125,52.33830908203124,17.74694679670036,12.31029836152494,15.77877622960508,16.25595468223095,,11.1418447282815,,9.746957144483925,,6.155541225437075,,1.256275738895404,,1.364866854846943
"IMAGE 3.4","Very Low - SSP1","North America (R10)","Capacity|Electricity|Other","GW",1,3.949082021474838,,4.306502908468246,4.523342805624009,5.63008763334155,16.97089040330053,34.42665401726961,45.14048646712304,,44.60519765499235,,30.71642480218411,,35.75294616630674,,37.39818378522993,,29.9457713611424
"IMAGE 3.4","Very Low - SSP1","North America (R10)","Capacity|Electricity|Solar|CSP","GW",1,1.747900024414063,,1.723031982421875,1.658363037109375,1.48,1.48,0.9940841064453121,0.9662980957031251,,0.629246887207031,,7.724761962890625e-8,,7.724761962890625e-8,,7.724761962890625e-8,,7.724761962890625e-8
"IMAGE 3.4","Very Low - SSP1","North America (R10)","Capacity|Electricity|Solar|PV","GW",1,79.07220007324219,,223.2623266601562,375.2561733398438,870.132185546875,1631.5275625,2804.850640625,3518.2593515625,,3890.40208203125,,4365.31155078125,,4440.227033203125,,4003.869173828125,,3037.396138671875
"IMAGE 3.4","Very Low - SSP1","North America (R10)","Capacity|Electricity|Wind|Offshore","GW",1,0.02929999923706,,0.309416687011718,0.630297576904296,18.1718369140625,127.69709375,276.326171875,371.5321484375,,357.1901328125,,176.802296875,,178.97662890625,,292.83670703125,,268.07769140625
"IMAGE 3.4","Very Low - SSP1","North America (R10)","Capacity|Electricity|Wind|Onshore","GW",1,132.166203125,,202.633533203125,222.045416015625,270.865703125,759.9929453125,1338.311671875,1658.899,,1708.817203125,,1390.3405,,1579.96059375,,1339.836296875,,892.9130156250001
"IMAGE 3.4","Very Low - SSP1","Pacific OECD (R10)","Capacity|Electricity|Biomass","GW",1,11.05470660400391,,11.2480734205246,10.84320372986794,15.32062533168867,20.05628474786877,32.17619937446714,42.21103039863706,,41.40469402626156,,44.99866421985626,,37.14456503677368,,29.3486665687561,,42.52092760393025
"IMAGE 3.4","Very Low - SSP1","Pacific OECD (R10)","Capacity|Electricity|Coal","GW",1,85.31361035156249,,92.89419035089017,42.05902597427368,10.17708253288269,1.332804548271,1.276560859608231,1.610902091197276,,2.662159024009984,,3.901237900738684,,3.794863718266171,,4.096925302738827,,6.162731185908001
"IMAGE 3.4","Very Low - SSP1","Pacific OECD (R10)","Capacity|Electricity|Fossil","GW",1,238.1874475073814,,258.8433858392238,196.8309845843315,162.2110858927667,103.9382252583718,74.70431386840325,66.31696226125194,,61.49074943165411,,52.09932951045321,,39.12527453355877,,35.23906179141301,,27.44578050679316
"IMAGE 3.4","Very Low - SSP1","Pacific OECD (R10)","Capacity|Electricity|Gas","GW",1,98.471560546875,,107.7159749753475,99.55789056968689,96.17282833862305,51.0839220237732,22.43778987693787,16.46095457583666,,30.78861666648032,,36.04403620445292,,33.14063070147385,,30.39859132864634,,21.26144831087749
"IMAGE 3.4","Very Low - SSP1","Pacific OECD (R10)","Capacity|Electricity|Geothermal","GW",1,0,,0,0,0,0,0,0,,0,,0,,0,,0,,0
"IMAGE 3.4","Very Low - SSP1","Pacific OECD (R10)","Capacity|Electricity|Hydro","GW",1,60.890521484375,,62.065078125,63.736859375,82.54246875,83.32487890625,81.54896875,79.321,,77.543560546875,,74.474517578125,,79.727841796875,,78.982099609375,,79.352
"IMAGE 3.4","Very Low - SSP1","Pacific OECD (R10)","Capacity|Electricity|Hydrogen","GW",1,0,,0,0,4.338689152717591,20.43202606964111,32.07757581710815,41.81568657684326,,59.67161337280274,,76.67873068237306,,88.01485284423829,,75.89885440254211,,73.58371292901039
"IMAGE 3.4","Very Low - SSP1","Pacific OECD (R10)","Capacity|Electricity|Nuclear","GW",1,28.608419921875,,28.49816015625,27.94683984375,23.4787890625,18.3255390625,20.3219296875,17.124080078125,,31.77836199951172,,41.3043583984375,,42.56090283203125,,42.56355126953125,,37.08916729736328
"IMAGE 3.4","Very Low - SSP1","Pacific OECD (R10)","Capacity|Electricity|Oil","GW",1,54.40227660894394,,58.23322051298619,55.21406804037094,55.86117502126098,51.5214986863276,50.98996313185715,48.245105594218,,28.03997374116381,,12.15405540526161,,2.189780113818743,,0.7435451600278401,,0.021601010007675
"IMAGE 3.4","Very Low - SSP1","Pacific OECD (R10)","Capacity|Electricity|Other","GW",1,1.7390299243927,,1.793204179763793,1.88865966105461,14.75631679320336,23.80161157464982,26.68398210120201,27.82170660209656,,29.71040108394622,,29.8029580643177,,30.98368876290321,,31.67092416000366,,32.35464084076881
"IMAGE 3.4","Very Low - SSP1","Pacific OECD (R10)","Capacity|Electricity|Solar|CSP","GW",1,0.003,,0.003,0.003,0.101301498413085,3.231327880859375,10.8221103515625,13.8007001953125,,47.9970390625,,50.0393203125,,25.976150390625,,3.6373369140625,,0.15743440246582
"IMAGE 3.4","Very Low - SSP1","Pacific OECD (R10)","Capacity|Electricity|Solar|PV","GW",1,92.06394091796875,,153.866546875,218.7699765625,277.88276171875,339.803705078125,435.200609375,571.70739453125,,719.976775390625,,709.9659375000001,,718.8459531249999,,1050.22271484375,,1020.4745859375
"IMAGE 3.4","Very Low - SSP1","Pacific OECD (R10)","Capacity|Electricity|Wind|Offshore","GW",1,0.066,,0.351050811767578,6.30764501953125,76.634880859375,152.51169140625,226.91311328125,361.032203125,,511.3548906249999,,577.5455937500001,,385.20640625,,199.328595703125,,177.5935859375
"IMAGE 3.4","Very Low - SSP1","Pacific OECD (R10)","Capacity|Electricity|Wind|Onshore","GW",1,15.01248046875,,24.99170556640625,29.97110400390625,56.399568359375,91.61951904296875,136.7669331054688,200.7117587890625,,270.6965795898437,,222.0497998046875,,154.1420302734375,,213.6740600585938,,193.9214223632812
"IMAGE 3.4","Very Low - SSP1","Reforming Economies (R10)","Capacity|Electricity|Biomass","GW",1,15.05464291381836,,18.58863632965064,36.46500738525391,54.79790025866032,59.34864296483994,74.1230762076378,82.8996388926506,,76.47948327970505,,52.53338907194139,,26.81403895264864,,9.94610753011705,,9.65688943433763
"IMAGE 3.4","Very Low - SSP1","Reforming Economies (R10)","Capacity|Electricity|Coal","GW",1,137.4824016304016,,138.8998408098221,105.4619465589523,33.25872229385375,18.52876549911499,16.16248478746414,16.33014122522623,,12.92558430457403,,8.772664325235105,,4.953825572113375,,10.86893887601314,,10.97639382849155
"IMAGE 3.4","Very Low - SSP1","Reforming Economies (R10)","Capacity|Electricity|Fossil","GW",1,622.4838763618469,,565.0248246660233,409.5615378980638,251.073769657135,212.9261260337829,175.9041605153084,140.9630362416282,,78.67267689102485,,110.7352471621851,,91.65273648968902,,158.8619436074854,,176.2751864899755
"IMAGE 3.4","Very Low - SSP1","Reforming Economies (R10)","Capacity|Electricity|Gas","GW",1,432.5386025657654,,382.5348083801269,266.6650647277832,186.9199004821777,161.6622311401368,128.3823185405731,99.41656122046709,,48.35326375820674,,85.71791047642473,,82.4275422263164,,147.5334011263866,,165.1257437925358
"IMAGE 3.4","Very Low - SSP1","Reforming Economies (R10)","Capacity|Electricity|Geothermal","GW",1,0,,0,0,0,0,0,0,,0,,0,,0,,0,,0
"IMAGE 3.4","Very Low - SSP1","Reforming Economies (R10)","Capacity|Electricity|Hydro","GW",1,63.34977075195312,,69.26843212890626,80.37692626953125,111.245169921875,124.915966796875,129.945609375,139.482451171875,,124.24729296875,,136.6780703125,,147.693109375,,147.665908203125,,143.83176953125
"IMAGE 3.4","Very Low - SSP1","Reforming Economies (R10)","Capacity|Electricity|Hydrogen","GW",1,0,,0,0,8.44176934814453,44.12290600585937,75.34409814453124,125.713490234375,,213.5809379882812,,245.3295278320313,,215.580134765625,,109.7600963134766,,92.65933087158204
"IMAGE 3.4","Very Low - SSP1","Reforming Economies (R10)","Capacity|Electricity|Nuclear","GW",1,41.57,,43.935,46.78372730255127,44.92620385742187,49.502208984375,53.244630859375,68.3892236328125,,74.2875693359375,,103.4931669921875,,112.274056640625,,107.211740234375,,112.146087890625
"IMAGE 3.4","Very Low - SSP1","Reforming Economies (R10)","Capacity|Electricity|Oil","GW",1,52.46287216567993,,43.59017547607422,37.43452661132812,30.89514688110352,32.73512939453125,31.35935718727113,25.21633379593491,,17.3938288282441,,16.24467236052531,,4.271368691259239,,0.459603605085698,,0.173048868948249
"IMAGE 3.4","Very Low - SSP1","Reforming Economies (R10)","Capacity|Electricity|Other","GW",1,0.09710001373291001,,0.102016502380371,0.101572700500488,1.523661056518555,11.89444471740723,44.3123982772827,51.58400978851318,,50.74665126800537,,47.11100022125244,,50.52621339416504,,39.19329753875732,,45.74205568695069
"IMAGE 3.4","Very Low - SSP1","Reforming Economies (R10)","Capacity|Electricity|Solar|CSP","GW",1,0,,0,0.037167579650878,10.031830078125,51.70576171875,85.475296875,258.67090625,,241.03290625,,258.23590625,,128.103796875,,78.711296875,,0.000020538330078125
"IMAGE 3.4","Very Low - SSP1","Reforming Economies (R10)","Capacity|Electricity|Solar|PV","GW",1,10.27538604736328,,12.82232104492187,44.00983471679687,216.3270517578125,500.733779296875,1362.5162890625,2530.80152734375,,2816.26375,,2244.990994140625,,2138.19690234375,,2245.323546875,,2412.58062890625
"IMAGE 3.4","Very Low - SSP1","Reforming Economies (R10)","Capacity|Electricity|Wind|Offshore","GW",1,0,,0,1.289302001953125,23.36320989990234,120.882359375,390.621203125,553.7828359375,,534.49584375,,258.7503837890625,,162.6375390625,,117.122001953125,,90.490779296875
"IMAGE 3.4","Very Low - SSP1","Reforming Economies (R10)","Capacity|Electricity|Wind|Onshore","GW",1,3.172475036621093,,6.2234228515625,20.39588549804687,64.35154541015625,163.45498828125,636.75406640625,838.6312578125,,911.70508203125,,613.10956640625,,540.7106875,,426.785953125,,452.01352734375
"IMAGE 3.4","Very Low - SSP1","Rest of Asia (R10)","Capacity|Electricity|Biomass","GW",1,24.0147951207161,,24.40855285072326,23.13321167755127,32.13306505191326,120.705757319212,254.6353685359955,305.362558877945,,397.3721037883759,,394.5657880935669,,287.9014811444283,,174.5789583666324,,114.4230865366454
"IMAGE 3.4","Very Low - SSP1","Rest of Asia (R10)","Capacity|Electricity|Coal","GW",1,121.44426171875,,138.517432168901,127.2837992997169,28.59193644070625,5.275912156224249,4.754848681722768,15.513157602096,,16.07147551933583,,16.06538576360305,,18.90418988503088,,16.25953131950964,,17.8167947777616
"IMAGE 3.4","Very Low - SSP1","Rest of Asia (R10)","Capacity|Electricity|Fossil","GW",1,227.2330046386718,,251.5771130771041,258.2230447325707,225.528922806859,158.8986414963007,109.9532106808471,131.7769120857506,,135.2328896944405,,124.3480527327573,,123.1762846519117,,73.08424852100649,,76.72246431699656
"IMAGE 3.4","Very Low - SSP1","Rest of Asia (R10)","Capacity|Electricity|Gas","GW",1,75.23077319335937,,79.73011059570312,92.51244069671631,165.9268605341911,128.4664226856232,81.39834813308715,60.05624441528322,,64.26421140614059,,60.69438219087385,,65.03982368873884,,46.58740730594922,,58.90194082307149
"IMAGE 3.4","Very Low - SSP1","Rest of Asia (R10)","Capacity|Electricity|Geothermal","GW",1,0,,0,0,0,0,0,0,,0,,0,,0,,0,,0
"IMAGE 3.4","Very Low - SSP1","Rest of Asia (R10)","Capacity|Electricity|Hydro","GW",1,51.2852548828125,,63.2021708984375,96.65274218750001,127.5696171875,156.22996875,193.422484375,271.775390625,,278.73159375,,272.5193984375,,267.2675,,256.160296875,,237.66559375
"IMAGE 3.4","Very Low - SSP1","Rest of Asia (R10)","Capacity|Electricity|Hydrogen","GW",1,0,,0,0,3.461640319108962,20.71733676815033,44.77274775981904,111.9712107200623,,158.6518973731995,,169.7794445762634,,177.0961138258577,,151.6331490238905,,149.5768581816964
"IMAGE 3.4","Very Low - SSP1","Rest of Asia (R10)","Capacity|Electricity|Nuclear","GW",1,0,,0,0,0,0,0,0,,12.11612060546875,,16.1968408203125,,27.10947265625,,120.0638828125,,142.01751171875
"IMAGE 3.4","Very Low - SSP1","Rest of Asia (R10)","Capacity|Electricity|Oil","GW",1,30.5579697265625,,33.3295703125,38.42680473613739,31.01012583196163,25.15630665445328,23.80001386603713,56.20751006837143,,54.89720276896406,,47.58828477828036,,39.23227107814192,,10.23730989554762,,0.003728716163478
"IMAGE 3.4","Very Low - SSP1","Rest of Asia (R10)","Capacity|Electricity|Other","GW",1,5.08860888671875,,6.189658203125,8.286303955078125,29.69473364257813,44.2427568359375,52.91980615234375,60.87892285156251,,69.37190136718749,,78.25284814453124,,81.80892626953124,,82.59417041015625,,82.67493115234376
"IMAGE 3.4","Very Low - SSP1","Rest of Asia (R10)","Capacity|Electricity|Solar|CSP","GW",1,0.005,,0.005,0.005,9.483334716796875,15.46275268554688,15.46184350585938,15.46184350585938,,6.935773773193359,,0.000003295897971838713,,0.000003295897971838713,,0.000003295897971838713,,0.000003295897971838713
"IMAGE 3.4","Very Low - SSP1","Rest of Asia (R10)","Capacity|Electricity|Solar|PV","GW",1,23.17644091796875,,36.89562377929688,204.69240625,508.22705859375,901.6166953125,1488.687796875,1556.738203125,,1438.74671875,,1251.487875,,1249.4866875,,1303.770390625,,1264.318265625
"IMAGE 3.4","Very Low - SSP1","Rest of Asia (R10)","Capacity|Electricity|Wind|Offshore","GW",1,0.09919999694824201,,1.1035,9.462617187500001,159.0918046875,341.2529296875,592.909609375,1378.44746875,,2289.761875,,2731.6513125,,2476.431,,2479.951125,,2394.6853125
"IMAGE 3.4","Very Low - SSP1","Rest of Asia (R10)","Capacity|Electricity|Wind|Onshore","GW",1,2.523655944824219,,12.434041015625,27.6519599609375,49.97638818359376,53.54105322265625,55.585876953125,58.888595703125,,58.80219287109375,,62.93566162109375,,67.501486328125,,71.20872509765624,,72.37335986328125
"IMAGE 3.4","Very Low - SSP1","World","Capacity|Electricity|Biomass","GW",1,482.7611875,,491.8322421875,530.0484140625,711.471885635376,978.090912109375,1479.2148046875,1858.86240625,,2128.58430078125,,2094.306015625,,1589.04148828125,,1023.419841796875,,832.5397880859375
"IMAGE 3.4","Very Low - SSP1","World","Capacity|Electricity|Coal","GW",1,3238.5205,,3385.038,2877.456604492188,1003.879206298828,163.1727275390625,110.2634796142578,149.1093075218201,,203.0605337846503,,242.0422996994108,,233.7235362373665,,230.2287218749598,,227.6227929198816
"IMAGE 3.4","Very Low - SSP1","World","Capacity|Electricity|Fossil","GW",1,5763.26669140625,,6053.49503125,5517.522260742187,3905.284975036621,2207.2163125,1606.857249633789,1651.238235622406,,1808.357878266357,,1873.449869122259,,1735.192203066888,,1787.222670849623,,2088.370947825664
"IMAGE 3.4","Very Low - SSP1","World","Capacity|Electricity|Gas","GW",1,1914.370625,,1977.1275,1857.245,2262.36174609375,1459.2091875,783.9247421875,774.3419765625,,952.9736457519532,,1259.48803808552,,1275.659513285043,,1463.969052029395,,1596.22463405952
"IMAGE 3.4","Very Low - SSP1","World","Capacity|Electricity|Geothermal","GW",1,0,,0,0,0,0,0,0,,0,,0,,0,,0,,0
"IMAGE 3.4","Very Low - SSP1","World","Capacity|Electricity|Hydro","GW",1,1377.905,,1636.328,1930.372,2395.046,2563.443,2735.679,2919.676,,3005.74,,3057.944,,3046.825,,2929.694,,3058.485
"IMAGE 3.4","Very Low - SSP1","World","Capacity|Electricity|Hydrogen","GW",1,7.661000722691824e-10,,7.661000722691824e-10,7.661000722691824e-10,119.3070512695313,606.6128125,1189.80971875,1801.9761875,,2578.7278125,,3358.7278125,,3622.767625,,3288.57178125,,3541.78858984375
"IMAGE 3.4","Very Low - SSP1","World","Capacity|Electricity|Nuclear","GW",1,380.3728125,,410.938,457.9983125,438.7808125,630.211375,824.438625,993.9778125,,1351.926,,1920.948,,2159.376,,2617.628,,2572.633
"IMAGE 3.4","Very Low - SSP1","World","Capacity|Electricity|Oil","GW",1,610.37556640625,,691.3295312500001,782.8206562500001,639.044022644043,584.8343974609376,712.6690278320312,727.786951538086,,652.3236987297535,,371.9195313373282,,225.8091535444781,,93.02489694526791,,264.5235208462626
"IMAGE 3.4","Very Low - SSP1","World","Capacity|Electricity|Other","GW",1,17.65697122192383,,19.62876224517822,23.48916560363769,90.57925,234.22471875,361.289234375,421.83683984375,,461.6953203125,,428.737109375,,466.0505,,472.387296875,,484.062703125
"IMAGE 3.4","Very Low - SSP1","World","Capacity|Electricity|Solar|CSP","GW",1,6.3951337890625,,7.120154785156251,8.2985751953125,109.7996015625,427.8056875,651.9106875,928.548125,,1133.691,,949.781125,,744.8686875,,688.910625,,560.9166875
"IMAGE 3.4","Very Low - SSP1","World","Capacity|Electricity|Solar|PV","GW",1,712.04371875,,2220.429625,4684.028,10306.722,18040.835,26751.282,30961.127,,35861.055,,39880.735,,43242.045,,42415.85,,41087.647
"IMAGE 3.4","Very Low - SSP1","World","Capacity|Electricity|Wind|Offshore","GW",1,34.3473515625,,80.5969765625,130.1376015625,1077.695,3244.905,5587.77,7480.669,,8511.629,,8317.398000000001,,7532.14,,7274.443,,7072.434
"IMAGE 3.4","Very Low - SSP1","World","Capacity|Electricity|Wind|Onshore","GW",1,694.7336875,,1107.858,1634.005,3576.049,5165.046,7252.334,8459.383,,9440.478000000001,,9247.601,,10436.36,,10674.75,,9820.995
"IMAGE 3.4","Low - SSP2","Africa (R10)","Capacity|Electricity|Biomass","GW",1,23.88451997566224,,23.14755606079101,26.25738861465454,28.87591647005081,30.73745518505574,57.45145990973711,102.8435882773399,,174.5823048639298,,195.512183186531,,238.1348387013078,,273.7683030094207,,224.253647053808
"IMAGE 3.4","Low - SSP2","Africa (R10)","Capacity|Electricity|Coal","GW",1,64.06371631315862,,67.7360563172996,65.38605905646087,67.75106814169884,70.89490296706558,46.22744769926556,29.63116849986383,,38.39274227485416,,48.68452300713258,,79.51365838766,,75.26338187499023,,60.56386936424905
"IMAGE 3.4","Low - SSP2","Africa (R10)","Capacity|Electricity|Fossil","GW",1,198.5998990796399,,212.3709330456033,224.6217659711391,284.2535008822381,380.2954630048573,437.2502849319,405.72678877405,,426.7297066629863,,586.6266141752978,,720.6374668723399,,749.5477904279985,,979.2631546491036
"IMAGE 3.4","Low - SSP2","Africa (R10)","Capacity|Electricity|Gas","GW",1,98.93593858337402,,105.6586193466187,112.4428769683838,174.0927393660098,281.8189124462008,370.5306507928372,322.761796587944,,258.9418339042663,,393.4307584609986,,450.0763670753837,,520.2060868057517,,634.8909475809894
"IMAGE 3.4","Low - SSP2","Africa (R10)","Capacity|Electricity|Geothermal","GW",1,0,,0,0,0,0,0,0,,0,,0,,0,,0,,0
"IMAGE 3.4","Low - SSP2","Africa (R10)","Capacity|Electricity|Hydro","GW",1,35.97921606445313,,40.47219531250001,47.100294921875,77.6098193359375,105.89066796875,136.2753588867187,172.624943359375,,252.658234375,,371.9070556640625,,460.0943203125,,478.3198017578125,,488.1424853515625
"IMAGE 3.4","Low - SSP2","Africa (R10)","Capacity|Electricity|Hydrogen","GW",1,0,,0,0,1.967337741933763,8.243325888633727,21.87573410415649,44.87864647185803,,53.04148491215706,,79.52547730231285,,217.021677066803,,498.1020182342529,,1021.880375881292
"IMAGE 3.4","Low - SSP2","Africa (R10)","Capacity|Electricity|Nuclear","GW",1,1.854,,1.854,6.654,10.16270922851562,24.33617236328125,35.67933056640625,51.8697060546875,,69.0487109375,,86.706599609375,,125.572681640625,,139.240287109375,,164.50711328125
"IMAGE 3.4","Low - SSP2","Africa (R10)","Capacity|Electricity|Oil","GW",1,35.60024418310728,,38.97625738168508,46.79282994629443,42.40969337452948,27.58164759159088,20.49218643979728,53.33382368624211,,129.3951304838657,,144.5113327071667,,191.0474414092964,,154.0783217472564,,283.8083377038652
"IMAGE 3.4","Low - SSP2","Africa (R10)","Capacity|Electricity|Other","GW",1,1.31386003112793,,1.40516746520996,3.082320983886718,5.380683720588684,18.02339122962952,44.72486733150483,67.40458742427826,,80.50784330439568,,76.91902367031574,,104.8577883951664,,151.1416020336151,,208.2626990377903
"IMAGE 3.4","Low - SSP2","Africa (R10)","Capacity|Electricity|Solar|CSP","GW",1,1.085,,1.085,2.754426465034484,3.077679046630859,5.921120121955871,19.45231494140625,92.66447485351563,,207.0958505859375,,212.1355551757812,,181.6085909423828,,251.2997880859375,,594.6267578125
"IMAGE 3.4","Low - SSP2","Africa (R10)","Capacity|Electricity|Solar|PV","GW",1,9.559069335937501,,18.93030215454101,65.14728393554688,144.6198959960937,297.0490430908203,539.6414226074219,926.5632048339844,,2393.883357910157,,4387.801731445313,,6739.185234375002,,10907.75391503906,,15278.242875
"IMAGE 3.4","Low - SSP2","Africa (R10)","Capacity|Electricity|Wind|Offshore","GW",1,0,,0,2.596881395339966,5.707441192626953,28.502033203125,112.2594497070313,195.8337138671875,,274.19026171875,,241.138427734375,,232.820892578125,,279.88536328125,,503.251755859375
"IMAGE 3.4","Low - SSP2","Africa (R10)","Capacity|Electricity|Wind|Onshore","GW",1,6.51375308561325,,12.38654485702515,34.95902276611328,63.49240307617188,158.381955078125,265.18146875,439.48835546875,,731.11898046875,,1008.7808046875,,1467.5411875,,1797.32478125,,2938.166
"IMAGE 3.4","Low - SSP2","China+ (R10)","Capacity|Electricity|Biomass","GW",1,42.80202819824253,,43.21096765136753,43.64860925293002,42.82045272827181,51.14987350463867,74.09753140258789,93.30280480957032,,237.5420279846191,,260.0293935852051,,239.1862779273987,,178.7038544626236,,52.58276863098145
"IMAGE 3.4","Low - SSP2","China+ (R10)","Capacity|Electricity|Coal","GW",1,1887.252979003906,,2011.533000244141,2203.439182495117,2164.384497253418,1422.027489707947,867.5812828691005,511.5279129950386,,169.1152235832215,,136.3893786945343,,82.37983323526382,,5.223094468116819,,0.846124682458641
"IMAGE 3.4","Low - SSP2","China+ (R10)","Capacity|Electricity|Fossil","GW",1,2050.464722991943,,2261.447532408714,2562.17371821022,2488.613751229286,1781.026533803464,1544.938802205801,1254.347336625276,,907.9629582500459,,792.6986941576004,,631.7772408646978,,337.1160275380901,,250.8053853161026
"IMAGE 3.4","Low - SSP2","China+ (R10)","Capacity|Electricity|Gas","GW",1,128.2985404052734,,196.2719171142578,243.1742267150879,219.4608702688217,204.7423147559166,228.931713394165,291.8205076446534,,424.2095317077637,,413.7315281066894,,382.1378905029297,,312.8555960044861,,245.8931182041541
"IMAGE 3.4","Low - SSP2","China+ (R10)","Capacity|Electricity|Geothermal","GW",1,0,,0,0,0,0,0,0,,0,,0,,0,,0,,0
"IMAGE 3.4","Low - SSP2","China+ (R10)","Capacity|Electricity|Hydro","GW",1,373.61550390625,,527.0640224609375,709.656525390625,723.90017578125,786.38637890625,889.1761562500001,888.3272343750001,,878.05069921875,,855.7294453125,,795.865009765625,,809.48134375,,746.1159042968751
"IMAGE 3.4","Low - SSP2","China+ (R10)","Capacity|Electricity|Hydrogen","GW",1,0,,0,0,1.341427001953125,7.064540893554688,20.14464715576172,17.16905389404297,,7.492149765014648,,39.37118564224243,,101.7374762573242,,208.9718070068359,,259.6996939234734
"IMAGE 3.4","Low - SSP2","China+ (R10)","Capacity|Electricity|Nuclear","GW",1,70.599,,87.015,117.0700078125,124.08698046875,245.647125,337.76488671875,373.9266484375,,496.72057421875,,494.70524609375,,472.0072109375,,529.5787656250001,,569.026693359375
"IMAGE 3.4","Low - SSP2","China+ (R10)","Capacity|Electricity|Oil","GW",1,34.91320358276367,,53.64261505031585,115.5603090000153,104.7683837070465,154.2567293395996,448.4258059425354,450.9989159855842,,314.6382029590607,,242.5777873563767,,167.2595171265043,,19.03733706548714,,4.066142429489875
"IMAGE 3.4","Low - SSP2","China+ (R10)","Capacity|Electricity|Other","GW",1,0.300191000372171,,0.320866552740335,1.241734560400248,2.046672384649516,2.403376760870217,2.510007200628519,2.605355406194925,,2.551052725225687,,2.645292387396097,,2.629365751653909,,2.588420057684183,,2.60774920502305
"IMAGE 3.4","Low - SSP2","China+ (R10)","Capacity|Electricity|Solar|CSP","GW",1,0.45020000000298,,0.57020000000298,0.57020000000298,0.5670363914519541,0.462036363668739,0.205000106841325,0.010909159690141,,6.58333301526426e-8,,6.58333301526426e-8,,6.58333301526426e-8,,6.58333301526426e-8,,6.58333301526426e-8
"IMAGE 3.4","Low - SSP2","China+ (R10)","Capacity|Electricity|Solar|PV","GW",1,274.2601472167969,,1084.751272705078,1991.220232177734,2986.899384765625,4455.754892578125,6066.446103515625,7016.8557109375,,9943.152384765624,,10275.403171875,,10173.23257421875,,9850.64686328125,,9191.12641015625
"IMAGE 3.4","Low - SSP2","China+ (R10)","Capacity|Electricity|Wind|Offshore","GW",1,9.254,,44.18986083984375,84.97877734375001,140.67491796875,158.160421875,609.3775859375,898.7193281250001,,1060.0172109375,,1212.965296875,,1104.797421875,,1155.38940625,,1227.00240625
"IMAGE 3.4","Low - SSP2","China+ (R10)","Capacity|Electricity|Wind|Onshore","GW",1,275.479193725586,,526.7474807128906,604.404044921875,568.213517578125,1099.728559570312,2039.259860351563,2159.775216796875,,2369.366419921875,,2219.122900390625,,2142.61725,,1903.52,,1973.517259765625
"IMAGE 3.4","Low - SSP2","Europe (R10)","Capacity|Electricity|Biomass","GW",1,98.24678466796874,,103.6484252929688,106.8571206054688,102.2266564941406,88.27572847938538,75.91364257025718,70.32529485321045,,108.3268139533997,,113.3913325715065,,127.8515565042496,,137.5375119400024,,95.108770719558
"IMAGE 3.4","Low - SSP2","Europe (R10)","Capacity|Electricity|Coal","GW",1,291.9377433166504,,313.5997109680176,212.7830631713867,151.2732983398438,111.6906320724487,59.83729487609863,29.20039021682739,,28.52773805809021,,22.39055794209242,,17.28522042973057,,9.434787386068573,,8.499016944991737
"IMAGE 3.4","Low - SSP2","Europe (R10)","Capacity|Electricity|Fossil","GW",1,634.4076201477051,,699.2111947937012,484.100841217041,340.2218409423829,355.124044708252,317.5003575701713,335.0025873680115,,388.676437582016,,366.8239102370143,,243.9726007424713,,212.7316993243485,,232.0518587232806
"IMAGE 3.4","Low - SSP2","Europe (R10)","Capacity|Electricity|Gas","GW",1,255.3190269775391,,278.2723607177734,168.5253354492187,107.5448842163086,166.5587760581971,194.0018677368164,245.8547170715332,,298.3353732910156,,306.4603836669922,,207.8946145610809,,178.6606828014851,,196.1551972297821
"IMAGE 3.4","Low - SSP2","Europe (R10)","Capacity|Electricity|Geothermal","GW",1,0,,0,0,0,0,0,0,,0,,0,,0,,0,,0
"IMAGE 3.4","Low - SSP2","Europe (R10)","Capacity|Electricity|Hydro","GW",1,239.183525390625,,254.179970703125,274.6306875,406.71033203125,406.93452734375,405.5734296875,400.93546484375,,366.686265625,,321.614078125,,324.87562890625,,349.34497265625,,351.28756640625
"IMAGE 3.4","Low - SSP2","Europe (R10)","Capacity|Electricity|Hydrogen","GW",1,0,,0,0,9.432904905319214,21.82727535438537,29.55519162750245,36.1816748123169,,44.04049728393555,,61.48792856979371,,136.5052302093506,,179.2256052856445,,251.9101374694705
"IMAGE 3.4","Low - SSP2","Europe (R10)","Capacity|Electricity|Nuclear","GW",1,116.037,,117.3236015625,118.9318984375,172.8964462890625,154.4037177734375,124.386326171875,104.937078125,,115.8691630859375,,141.7263173828125,,152.583951171875,,161.6153125,,206.2845078125
"IMAGE 3.4","Low - SSP2","Europe (R10)","Capacity|Electricity|Oil","GW",1,87.15084985351562,,107.3391231079102,102.7924425964355,81.40365838623048,76.8746365776062,63.66119495725632,59.94748007965087,,61.81332623291016,,37.97296862792968,,18.79276575165987,,24.63622913679481,,27.39764454850679
"IMAGE 3.4","Low - SSP2","Europe (R10)","Capacity|Electricity|Other","GW",1,3.360221954345703,,3.450789571762085,3.675786724090576,4.116870079040527,4.80425602722168,5.901230939865114,6.474563163757324,,7.046889274597168,,7.428556257247925,,8.148760234832764,,8.461452859878541,,9.034285358428955
"IMAGE 3.4","Low - SSP2","Europe (R10)","Capacity|Electricity|Solar|CSP","GW",1,2.311823910154402,,2.311766048826277,2.212017025388777,1.294530941225588,0.276567977152764,0.0004562716446816922,0.0003687918968498706,,0.0001494991895160637,,7.391836843453348e-7,,7.391836843453348e-7,,7.391836843453348e-7,,7.391836843453348e-7
"IMAGE 3.4","Low - SSP2","Europe (R10)","Capacity|Electricity|Solar|PV","GW",1,156.6216728515625,,410.2721137695312,709.306048828125,1516.5029453125,1887.8716015625,2069.647392578125,2089.349482421875,,1886.54622265625,,1832.256125,,1859.93953125,,1822.2250390625,,1856.90587109375
"IMAGE 3.4","Low - SSP2","Europe (R10)","Capacity|Electricity|Wind|Offshore","GW",1,24.898849609375,,35.60905078125,39.64610545349122,108.506923828125,209.93367578125,426.6240625,698.8804023437499,,756.4567480468751,,824.36243359375,,1114.3989765625,,1281.316806640625,,962.6344296875
"IMAGE 3.4","Low - SSP2","Europe (R10)","Capacity|Electricity|Wind|Onshore","GW",1,190.2747412109375,,244.5955146484375,313.070103515625,425.026025390625,571.08284375,650.3961289062499,649.44569921875,,496.989169921875,,585.55569140625,,584.662423828125,,424.424435546875,,543.578876953125
"IMAGE 3.4","Low - SSP2","India+ (R10)","Capacity|Electricity|Biomass","GW",1,30.56822264480591,,31.11497512435913,30.79768295288086,36.13635099220276,46.26225242614746,76.87479354858398,161.6079476623535,,258.5069496383667,,308.8938726730347,,297.582251121521,,188.1866666564941,,70.71918939447403
"IMAGE 3.4","Low - SSP2","India+ (R10)","Capacity|Electricity|Coal","GW",1,295.4042236328125,,327.79740320158,433.2870634384155,469.6139587759972,402.247283821106,95.56054953479766,16.52645500183106,,17.71477838885784,,31.43818965720013,,122.0755456354715,,133.7912062418835,,131.860477679535
"IMAGE 3.4","Low - SSP2","India+ (R10)","Capacity|Electricity|Fossil","GW",1,362.1431016845703,,398.6040737338066,531.3401538167,597.9289347395897,631.0985077013969,624.8666305369139,627.7406090668441,,795.8615276373625,,1147.343046379078,,1477.91957580545,,1701.548362611907,,1441.715573798209
"IMAGE 3.4","Low - SSP2","India+ (R10)","Capacity|Electricity|Gas","GW",1,45.13969836425781,,46.78105041503906,70.79608348274232,111.207937953949,220.0402473754883,488.6032093276978,554.1305734767914,,715.0720229797364,,1032.809305877686,,1087.041949462891,,598.7503319872916,,305.7494564757779
"IMAGE 3.4","Low - SSP2","India+ (R10)","Capacity|Electricity|Geothermal","GW",1,0,,0,0,0,0,0,0,,0,,0,,0,,0,,0
"IMAGE 3.4","Low - SSP2","India+ (R10)","Capacity|Electricity|Hydro","GW",1,67.74448828125,,88.6225625,172.602103515625,186.57159765625,213.95578515625,264.3830859375,293.30584375,,290.69190625,,352.64590625,,379.54840625,,410.549609375,,491.9583125
"IMAGE 3.4","Low - SSP2","India+ (R10)","Capacity|Electricity|Hydrogen","GW",1,0,,0,0,0.145133909344673,0.5399430999755861,3.342464965820313,8.200973776817323,,10.72121140766144,,14.90727117942274,,218.0322384414673,,718.5779233398437,,1257.796539243519
"IMAGE 3.4","Low - SSP2","India+ (R10)","Capacity|Electricity|Nuclear","GW",1,6.978,,11.3766650390625,19.682,81.55468359375,116.634826171875,188.32640234375,230.90240234375,,364.2169921875,,581.3715,,867.5848906250001,,1206.363875,,1574.692375
"IMAGE 3.4","Low - SSP2","India+ (R10)","Capacity|Electricity|Oil","GW",1,21.5991796875,,24.0256201171875,27.25700689554214,17.10703800964355,8.810976504802705,40.70287167441845,57.08358058822155,,63.07472626876831,,83.0955508441925,,268.8020807070881,,969.0068243827318,,1004.105639642897
"IMAGE 3.4","Low - SSP2","India+ (R10)","Capacity|Electricity|Other","GW",1,0,,0,0,3.369078201293945,20.41705126953125,28.0026181640625,29.984080078125,,30.49880859375,,31.187458984375,,31.5323056640625,,31.41634765625,,31.3371904296875
"IMAGE 3.4","Low - SSP2","India+ (R10)","Capacity|Electricity|Solar|CSP","GW",1,0.3425,,0.3425,0.3425,0.268272705078125,0.125672039985656,1.380399849891663,4.00795703125,,7.226326171875,,5.8595009765625,,0.571734680175781,,0,,0
"IMAGE 3.4","Low - SSP2","India+ (R10)","Capacity|Electricity|Solar|PV","GW",1,41.15171527099609,,159.4188198242188,503.6631342773438,902.955814453125,1495.504505859375,2184.739296875,2951.9931484375,,3694.506171875,,4651.38903125,,5588.2185625,,5590.164624999999,,5509.247187499999
"IMAGE 3.4","Low - SSP2","India+ (R10)","Capacity|Electricity|Wind|Offshore","GW",1,0,,0,10.38888879394531,39.30352270507812,154.958419921875,342.7854765625,490.590326171875,,887.919,,1220.4053125,,1206.441,,1198.90290625,,1304.017375
"IMAGE 3.4","Low - SSP2","India+ (R10)","Capacity|Electricity|Wind|Onshore","GW",1,39.97895080566406,,55.0145830078125,156.8915634765625,319.814515625,430.4457265625,522.618890625,643.729484375,,859.83021875,,1020.5226875,,1051.61421875,,1065.6088125,,1071.77221875
"IMAGE 3.4","Low - SSP2","Latin America (R10)","Capacity|Electricity|Biomass","GW",1,65.91470220184327,,72.19808095169068,72.38359246444702,101.4542180709839,169.518806224823,221.3508366775513,217.7056242332458,,303.6938077573776,,304.1871170026064,,268.7963571414948,,259.6917649278641,,219.1600525655746
"IMAGE 3.4","Low - SSP2","Latin America (R10)","Capacity|Electricity|Coal","GW",1,24.07843193340302,,30.9828887014389,33.73537265586854,38.73622175264359,41.9149732618332,27.56855664685368,7.533474972534925,,8.931223206112335,,11.32398688210965,,14.94036150190698,,11.35511485461853,,8.163601529074061
"IMAGE 3.4","Low - SSP2","Latin America (R10)","Capacity|Electricity|Fossil","GW",1,231.0407227290869,,240.0048599499464,229.4898264702559,213.7130517803431,195.5978288648724,173.144095108482,155.5702849298575,,166.3074082856709,,194.0702550083516,,215.0433792731166,,192.2030000145153,,173.6159752769755
"IMAGE 3.4","Low - SSP2","Latin America (R10)","Capacity|Electricity|Gas","GW",1,105.5718028488159,,110.6067282242775,108.5762509903908,120.220724134922,123.6495628800392,121.0507924499512,120.8199150454402,,128.5096264717111,,151.6359852599284,,164.2035984163284,,158.940192241177,,141.6229919980049
"IMAGE 3.4","Low - SSP2","Latin America (R10)","Capacity|Electricity|Geothermal","GW",1,0,,0,0,0,0,0,0,,0,,0,,0,,0,,0
"IMAGE 3.4","Low - SSP2","Latin America (R10)","Capacity|Electricity|Hydro","GW",1,265.6849975585938,,268.031326171875,267.2794658203125,289.66505859375,321.477412109375,351.6442177734375,400.3123759765625,,461.6288500976563,,502.39554296875,,578.89890625,,662.74125,,709.23590625
"IMAGE 3.4","Low - SSP2","Latin America (R10)","Capacity|Electricity|Hydrogen","GW",1,0,,0,0,0.077219765186309,0.684334562301635,1.932555494308471,4.948381055831909,,7.084965459823609,,8.147039430618285,,30.30453190279007,,83.72193009638788,,115.6980857212218
"IMAGE 3.4","Low - SSP2","Latin America (R10)","Capacity|Electricity|Nuclear","GW",1,5.079333339929581,,5.078500007033348,5.106454552412033,9.669719393193722,16.89459180386434,35.18119654019247,48.8209194405831,,78.33554290771484,,107.8637104492188,,151.892849609375,,211.006828125,,304.943296875
"IMAGE 3.4","Low - SSP2","Latin America (R10)","Capacity|Electricity|Oil","GW",1,101.390487946868,,98.41524302423001,87.17820282399654,54.75610589277744,30.03329272300005,24.5247460116772,27.21689491188235,,28.86655860784743,,31.11028286631359,,35.89941935488117,,21.90769291871976,,23.82938174989651
"IMAGE 3.4","Low - SSP2","Latin America (R10)","Capacity|Electricity|Other","GW",1,1.928360012818128,,2.097736981201917,2.516598866272717,3.623319189157336,29.28047951119021,52.08657899848372,71.38592210761458,,77.38804394069314,,57.40626587244869,,69.86085663381219,,90.16766348213703,,122.4293398962468
"IMAGE 3.4","Low - SSP2","Latin America (R10)","Capacity|Electricity|Solar|CSP","GW",1,0.017,,0.136156997680664,0.145324996948242,0.167673847198486,0.6923710536956781,1.218490808486938,1.911962144762277,,1.854951951891184,,0.81061923399568,,0.128325044542555,,0.128325044542555,,0.256572160631422
"IMAGE 3.4","Low - SSP2","Latin America (R10)","Capacity|Electricity|Solar|PV","GW",1,23.38856116844714,,101.1728464508057,200.9886687011719,327.178759765625,483.812859375,808.81853125,1218.2489140625,,1866.52696875,,2956.6819375,,3774.638515625,,4224.938679687501,,4285.48660546875
"IMAGE 3.4","Low - SSP2","Latin America (R10)","Capacity|Electricity|Wind|Offshore","GW",1,0,,0,0.016552099227905,1.596554573059082,48.80028982543945,125.4829792785645,204.1450122070312,,370.2302626953125,,441.90349609375,,538.5138515625,,659.73425,,858.4769921875001
"IMAGE 3.4","Low - SSP2","Latin America (R10)","Capacity|Electricity|Wind|Onshore","GW",1,31.62358813476563,,49.61086962890624,56.1188154296875,101.8178193359375,170.6147978515625,231.217158203125,463.6760009765625,,657.7427988281249,,748.8337958984375,,719.129697265625,,856.9783447265625,,926.8303730468749
"IMAGE 3.4","Low - SSP2","Middle East (R10)","Capacity|Electricity|Biomass","GW",1,37.17555078125,,36.52164847005904,36.52164847005904,46.46218753255904,88.86646487630904,136.1814090449214,158.0742252388,,155.3159305267334,,179.1366061706543,,128.8234976806641,,79.63290759277344,,54.5816545484066
"IMAGE 3.4","Low - SSP2","Middle East (R10)","Capacity|Electricity|Coal","GW",1,6.416864794056862,,6.345587638139725,5.416088663578034,2.410967972695828,0.091256661057472,0.18520074789226,7.482353710141033,,5.252725011857518,,0.6242600813751921,,8.200425242616038,,7.740635981753759,,7.681227344137117
"IMAGE 3.4","Low - SSP2","Middle East (R10)","Capacity|Electricity|Fossil","GW",1,280.2529660284929,,280.770621373415,266.91615548563,266.8521285447478,236.6715786434412,183.4659994115084,60.55559809776769,,40.33555669406272,,78.27899813255593,,114.9758630951607,,147.900044490252,,199.5444698780112
"IMAGE 3.4","Low - SSP2","Middle East (R10)","Capacity|Electricity|Gas","GW",1,170.0965020751953,,171.5081433105469,165.8195107421875,183.1790576171875,227.2367083129883,183.0225665512085,53.06411502075196,,27.93613965415955,,77.38046964145173,,106.770333182646,,140.1593433314096,,191.8632337684631
"IMAGE 3.4","Low - SSP2","Middle East (R10)","Capacity|Electricity|Geothermal","GW",1,0,,0,0,0,0,0,0,,0,,0,,0,,0,,0
"IMAGE 3.4","Low - SSP2","Middle East (R10)","Capacity|Electricity|Hydro","GW",1,15.596919921875,,16.1328701171875,16.0656103515625,16.43326953125,25.0348203125,39.4691484375,63.62744921875,,63.27137890625,,61.3783515625,,62.324921875,,58.85983984375,,86.9835234375
"IMAGE 3.4","Low - SSP2","Middle East (R10)","Capacity|Electricity|Hydrogen","GW",1,0,,0,0,0,0.9716376953125,7.45451513671875,38.45584594726562,,46.63972888183594,,54.06460317993164,,98.81105798339844,,105.0470785522461,,212.7438894410134
"IMAGE 3.4","Low - SSP2","Middle East (R10)","Capacity|Electricity|Nuclear","GW",1,2.26,,6.236,6.236,10.0769404296875,15.3804697265625,21.856939453125,58.32673046875,,71.2943515625,,91.55384375,,172.081,,191.82640625,,210.53740625
"IMAGE 3.4","Low - SSP2","Middle East (R10)","Capacity|Electricity|Oil","GW",1,103.7395991592407,,102.9168904247284,95.6805560798645,81.2621029548645,9.343613669395447,0.258232112407684,0.009129366874694001,,7.146692028045655,,0.274268409729003,,0.005104669898748001,,0.00006517708860337735,,0.000008765410982050526
"IMAGE 3.4","Low - SSP2","Middle East (R10)","Capacity|Electricity|Other","GW",1,0.005059999998658,,0.005197199877351,0.005909558355808001,0.006406703997403,0.007391005106270001,0.008725601740181001,0.010095539625734,,0.013451690245419,,0.018126280356198,,0.023401550836861,,0.035190649557858,,0.03741192870214501
"IMAGE 3.4","Low - SSP2","Middle East (R10)","Capacity|Electricity|Solar|CSP","GW",1,0.4497099914550781,,0.9435,0.9435001220703121,0.9132338256835931,0.7986165161132811,1.298640014648438,30.805140625,,41.478609375,,34.3795390625,,1.0753759765625,,0.320282897949218,,0.058235248565673
"IMAGE 3.4","Low - SSP2","Middle East (R10)","Capacity|Electricity|Solar|PV","GW",1,7.662994873046875,,53.183611328125,249.168453125,344.437796875,482.663796875,658.2627734375,864.4333515625,,1558.048619140625,,2708.3331875,,3505.40959375,,5294.9923125,,6262.6445
"IMAGE 3.4","Low - SSP2","Middle East (R10)","Capacity|Electricity|Wind|Offshore","GW",1,0,,0,0,0.401104888916015,8.343153320312501,19.332380859375,77.776203125,,86.32590625,,57.69198828125,,15.129990234375,,133.90090625,,372.3998125
"IMAGE 3.4","Low - SSP2","Middle East (R10)","Capacity|Electricity|Wind|Onshore","GW",1,0.9336151123046871,,1.928410034179687,1.9499599609375,6.22352880859375,55.17883984375,158.613203125,271.1798125,,402.77440625,,368.92909375,,495.46040625,,1241.891,,1850.746
"IMAGE 3.4","Low - SSP2","North America (R10)","Capacity|Electricity|Biomass","GW",1,147.6485255126953,,142.4369333496094,141.5754214477539,142.8262993927002,141.1493585510254,150.3981799926758,153.5146634521484,,223.1911084136963,,263.1723335876465,,246.2454979400635,,218.588108291626,,142.5078510437012
"IMAGE 3.4","Low - SSP2","North America (R10)","Capacity|Electricity|Coal","GW",1,326.56390625,,336.163072265625,191.0524826860428,47.92504985141755,5.309638473510742,0.741209468841552,1.314691009521483,,1.523112836909946,,6.109170370049381,,6.00530090197688,,13.81195299777156,,20.63037964781886
"IMAGE 3.4","Low - SSP2","North America (R10)","Capacity|Electricity|Fossil","GW",1,914.9890026550293,,942.2456892089845,836.1074748239517,699.7877471494675,667.6023008003235,636.1433619673253,483.7049205782172,,417.4935217839009,,437.5150219630669,,249.452868625348,,199.3275618409292,,256.2455488488278
"IMAGE 3.4","Low - SSP2","North America (R10)","Capacity|Electricity|Gas","GW",1,495.9071298828125,,511.2424772949219,557.7956621093749,606.0873853092194,638.4036481285095,608.5651668395997,457.0768837890625,,402.8541970214844,,419.5134233398437,,236.0812305908203,,182.3887174901962,,234.1467611504719
"IMAGE 3.4","Low - SSP2","North America (R10)","Capacity|Electricity|Geothermal","GW",1,0,,0,0,0,0,0,0,,0,,0,,0,,0,,0
"IMAGE 3.4","Low - SSP2","North America (R10)","Capacity|Electricity|Hydro","GW",1,186.90959375,,203.159359375,200.91375,253.9863046875,305.0889921875,300.678703125,293.6358984375,,287.974296875,,291.25340625,,296.5088984375,,348.669296875,,356.14309375
"IMAGE 3.4","Low - SSP2","North America (R10)","Capacity|Electricity|Hydrogen","GW",1,7.661000722691824e-10,,7.661000722691824e-10,7.661000722691824e-10,1.216308980941773,3.646454116821289,3.80981485748291,24.73285724639893,,40.5026025390625,,87.2480927734375,,226.3571398925781,,287.4478697357177,,347.2168262021542
"IMAGE 3.4","Low - SSP2","North America (R10)","Capacity|Electricity|Nuclear","GW",1,107.3870234375,,109.6210234375,109.46602734375,97.52395898437501,66.98051953125,45.2256708984375,28.6407001953125,,21.84475,,26.9356298828125,,15.54547241210937,,36.6882724609375,,64.94822021484376
"IMAGE 3.4","Low - SSP2","North America (R10)","Capacity|Electricity|Oil","GW",1,92.5179665222168,,94.8401396484375,87.25933002853392,45.77531198883056,23.88901419830323,26.83698565888405,25.31334577963315,,13.11621192550659,,11.89242825317383,,7.366337132550775,,3.126891352961408,,1.468408050537109
"IMAGE 3.4","Low - SSP2","North America (R10)","Capacity|Electricity|Other","GW",1,3.949082021474838,,4.306428689718246,3.874438253626228,10.50188571423292,17.02434051468969,19.26946558648348,19.5789318073392,,16.46052222466469,,17.56434220153093,,18.87967357593775,,21.32354651135206,,31.41075397083163
"IMAGE 3.4","Low - SSP2","North America (R10)","Capacity|Electricity|Solar|CSP","GW",1,1.747900024414063,,1.723031982421875,1.658364013671875,1.48,1.48,1.133746948242188,1.103461059570312,,0.7677733154296871,,0.012696720123291,,1.316070993198082e-7,,1.316070993198082e-7,,1.316070993198082e-7
"IMAGE 3.4","Low - SSP2","North America (R10)","Capacity|Electricity|Solar|PV","GW",1,79.07219921875,,222.9280362548828,352.03958203125,936.3474140625001,1458.84764453125,1852.4105,2369.5797421875,,3125.03295703125,,3371.8939609375,,3489.76158203125,,3346.90889453125,,3200.85303125
"IMAGE 3.4","Low - SSP2","North America (R10)","Capacity|Electricity|Wind|Offshore","GW",1,0.02929999923706,,0.309416687011718,1.222703002929687,14.31654565429687,85.2608984375,172.02128515625,211.81811328125,,199.411703125,,181.9856953125,,186.5352265625,,271.5435625,,423.687046875
"IMAGE 3.4","Low - SSP2","North America (R10)","Capacity|Electricity|Wind|Onshore","GW",1,132.166203125,,202.983822265625,353.30491796875,419.2404375,678.9897968749999,1043.253953125,1237.79290625,,1054.2405,,1133.0762265625,,1440.4885,,1471.3011015625,,1383.52540625
"IMAGE 3.4","Low - SSP2","Pacific OECD (R10)","Capacity|Electricity|Biomass","GW",1,11.06327471923828,,11.24120662434399,11.27393177556992,13.61981635379791,17.00866461753845,20.6860389919281,22.97596307182312,,40.29830915478617,,52.00003668308258,,51.34068498945237,,52.12820734214782,,36.44779643964767
"IMAGE 3.4","Low - SSP2","Pacific OECD (R10)","Capacity|Electricity|Coal","GW",1,85.3942900390625,,92.72999464541674,50.77293301296234,26.07996877002716,21.86451434254646,10.36798427551985,2.51336035074736,,3.215237718880177,,6.21594773061946,,7.354202734384685,,8.179709501683222,,7.043004407979189
"IMAGE 3.4","Low - SSP2","Pacific OECD (R10)","Capacity|Electricity|Fossil","GW",1,238.1794283009768,,258.866144188881,211.5045384166241,183.9459159981757,172.1204575879202,160.6747581501915,143.9879710982893,,110.9240914012492,,101.4102079518624,,84.10951197074215,,63.27695421846788,,55.87092513880555
"IMAGE 3.4","Low - SSP2","Pacific OECD (R10)","Capacity|Electricity|Gas","GW",1,98.32781958007813,,107.5542718832493,102.0357317073345,103.1449133563191,100.8873528327942,101.1246948623657,94.4722968158722,,78.75367560100557,,77.21896908569336,,61.32299996757509,,36.77731250546128,,33.67121132824384
"IMAGE 3.4","Low - SSP2","Pacific OECD (R10)","Capacity|Electricity|Geothermal","GW",1,0,,0,0,0,0,0,0,,0,,0,,0,,0,,0
"IMAGE 3.4","Low - SSP2","Pacific OECD (R10)","Capacity|Electricity|Hydro","GW",1,60.89,,62.00704882812499,64.737009765625,71.091052734375,74.81933984375,74.922970703125,75.484849609375,,72.16101953124999,,68.079619140625,,72.53701953125,,72.568380859375,,71.66933203125
"IMAGE 3.4","Low - SSP2","Pacific OECD (R10)","Capacity|Electricity|Hydrogen","GW",1,0,,0,0,1.190827713012695,4.297544921875,5.640618041992187,6.646693004487314,,16.59236076366901,,27.86889645385742,,47.2863510093689,,79.48103114318847,,93.69089472448826
"IMAGE 3.4","Low - SSP2","Pacific OECD (R10)","Capacity|Electricity|Nuclear","GW",1,28.608419921875,,28.49816015625,27.94683984375,34.73744921875,29.275859375,21.1167890625,16.79730078125,,30.23047836303711,,46.27468078613281,,61.61089172363281,,68.58663000488282,,57.54162219238281
"IMAGE 3.4","Low - SSP2","Pacific OECD (R10)","Capacity|Electricity|Oil","GW",1,54.45731868183613,,58.5818776602149,58.69587369632722,54.72103387182952,49.36859041257948,49.18207901230594,47.00231393166977,,28.95517808136345,,17.97529113554954,,15.43230926878238,,18.31993221132339,,15.15670940258252
"IMAGE 3.4","Low - SSP2","Pacific OECD (R10)","Capacity|Electricity|Other","GW",1,1.7390299243927,,1.793166704177856,4.523605214834213,20.52313564276695,25.12763519120216,25.96165245437622,27.36770245480538,,28.16548165130616,,29.01982946014404,,30.06706157040596,,30.96710617280007,,32.74617508745193
"IMAGE 3.4","Low - SSP2","Pacific OECD (R10)","Capacity|Electricity|Solar|CSP","GW",1,0.003,,0.003,0.003,0.003,0.00969856929779,0.351012390136718,0.441823791503906,,0.6756369018554681,,0.7584310302734371,,0.524715087890625,,0.09157601928710901,,0.003000001907348
"IMAGE 3.4","Low - SSP2","Pacific OECD (R10)","Capacity|Electricity|Solar|PV","GW",1,92.06393896484376,,153.60748046875,232.34949609375,263.26285546875,300.309220703125,331.2324765625,343.648716796875,,379.2510234375,,461.20021875,,634.676041015625,,776.2217983398439,,958.9537871093751
"IMAGE 3.4","Low - SSP2","Pacific OECD (R10)","Capacity|Electricity|Wind|Offshore","GW",1,0.066,,0.350576293945312,112.9386802940369,116.0408197631836,126.9556015625,144.69744140625,144.926109375,,166.027703125,,169.04825390625,,123.994537109375,,168.1908984375,,226.014578125
"IMAGE 3.4","Low - SSP2","Pacific OECD (R10)","Capacity|Electricity|Wind|Onshore","GW",1,15.01248046875,,25.00434521484375,29.88861328125,39.1147392578125,65.98332568359375,73.51075048828125,95.83676025390626,,144.3064838867188,,172.8936186523437,,155.2154321289063,,214.2691997070312,,265.5979853515625
"IMAGE 3.4","Low - SSP2","Reforming Economies (R10)","Capacity|Electricity|Biomass","GW",1,15.05335006713868,,18.58602765655494,32.22760614013671,45.4750971069336,47.83960293579101,50.95464706420898,58.03133215332032,,54.71808691191674,,37.55770591330533,,23.48118548870087,,21.15965714073181,,12.98205573308465
"IMAGE 3.4","Low - SSP2","Reforming Economies (R10)","Capacity|Electricity|Coal","GW",1,137.4824328804016,,138.8702802629471,122.760987449646,109.8098310546875,114.7938885993958,85.13205303001403,64.42978317546846,,35.35358899003267,,19.42700717413099,,29.6399530412875,,29.39685955987533,,20.78225574191043
"IMAGE 3.4","Low - SSP2","Reforming Economies (R10)","Capacity|Electricity|Fossil","GW",1,622.4855222358703,,564.9876155672074,436.79396749115,372.849370344162,403.46986951828,412.1220627002716,364.553234402895,,348.1265058631673,,337.623049902339,,379.5181702055479,,357.5351484812415,,321.3340125004253
"IMAGE 3.4","Low - SSP2","Reforming Economies (R10)","Capacity|Electricity|Gas","GW",1,432.540040309906,,382.5281171646118,274.6713771667481,227.0508576507569,254.865648147583,301.394792427063,271.1941709899903,,289.2811566162109,,301.2116409912109,,333.2151717529297,,316.6909093923568,,296.9009652017961
"IMAGE 3.4","Low - SSP2","Reforming Economies (R10)","Capacity|Electricity|Geothermal","GW",1,0,,0,0,0,0,0,0,,0,,0,,0,,0,,0
"IMAGE 3.4","Low - SSP2","Reforming Economies (R10)","Capacity|Electricity|Hydro","GW",1,63.34964282226562,,69.26114208984374,79.52762060546875,79.96114697265625,80.7425458984375,81.88564453125,101.921455078125,,120.84686328125,,120.9028037109375,,124.4394052734375,,126.4168159179687,,124.9236572265625
"IMAGE 3.4","Low - SSP2","Reforming Economies (R10)","Capacity|Electricity|Hydrogen","GW",1,0,,0,0,0.001471067372709,0.441981554031372,1.278260681152343,4.124113216400146,,11.46496881103516,,18.84609742736816,,33.55028259277343,,55.810623046875,,56.26822514629364
"IMAGE 3.4","Low - SSP2","Reforming Economies (R10)","Capacity|Electricity|Nuclear","GW",1,41.57,,43.935,46.49268824005127,48.73782080078125,43.0749716796875,38.57250341796875,38.623654296875,,70.81041503906249,,89.72155859375,,96.292650390625,,101.8674921875,,102.188197265625
"IMAGE 3.4","Low - SSP2","Reforming Economies (R10)","Capacity|Electricity|Oil","GW",1,52.46304904556275,,43.58921813964844,39.36160287475586,35.98868163871765,33.81033277130128,25.59521724319458,28.9292802374363,,23.49176025692374,,16.98440173699706,,16.66304541133065,,11.44737952900934,,3.650791556718847
"IMAGE 3.4","Low - SSP2","Reforming Economies (R10)","Capacity|Electricity|Other","GW",1,0.09710001373291001,,0.102016502380371,0.10157209777832,0.122060394287109,0.194274803161621,0.155520259857177,4.158208023071289,,51.41883496856688,,52.01405071258544,,21.95746523284912,,43.10355741119385,,48.40455981445313
"IMAGE 3.4","Low - SSP2","Reforming Economies (R10)","Capacity|Electricity|Solar|CSP","GW",1,0,,0,0,0,0.033496700286865,0.167483505249023,0.167483505249023,,0.167483505249023,,0.030451559066772,,1.33514404296875e-8,,1.33514404296875e-8,,13.874849609375
"IMAGE 3.4","Low - SSP2","Reforming Economies (R10)","Capacity|Electricity|Solar|PV","GW",1,10.27538638305664,,12.82204467773438,37.14387377929688,75.0393984375,163.3593530273438,258.4324826660156,528.7431530761719,,1051.229764648438,,1454.344354980469,,1805.694958984375,,3078.749671875,,3117.256509765625
"IMAGE 3.4","Low - SSP2","Reforming Economies (R10)","Capacity|Electricity|Wind|Offshore","GW",1,0,,0,0.05676129150390601,0.5444605102539061,6.587605741500855,26.12333374023437,51.17597216796875,,106.590072265625,,91.95137011718751,,49.21504296875,,217.59538671875,,356.3153828125
"IMAGE 3.4","Low - SSP2","Reforming Economies (R10)","Capacity|Electricity|Wind|Onshore","GW",1,3.172475036621093,,6.223486938476563,14.39697607421875,24.02042236328125,61.82122607421876,96.34759692382812,154.500126953125,,397.232296875,,511.52764453125,,567.76484765625,,904.4471249999999,,914.103375
"IMAGE 3.4","Low - SSP2","Rest of Asia (R10)","Capacity|Electricity|Biomass","GW",1,24.01440223932266,,24.41183846473694,23.10616938018799,50.36006286716461,83.52920627498627,123.019573217392,179.9009563388825,,273.3774768676758,,389.6867970428467,,409.8399784240723,,429.5506922836303,,342.7342512588501
"IMAGE 3.4","Low - SSP2","Rest of Asia (R10)","Capacity|Electricity|Coal","GW",1,121.4436997276265,,138.5181994320452,135.8435818305016,107.6382971624136,76.95178970813751,34.3464028453827,7.131672785520553,,16.67594289684295,,31.38566260385514,,59.84787348856498,,67.21336774138517,,50.55323345259708
"IMAGE 3.4","Low - SSP2","Rest of Asia (R10)","Capacity|Electricity|Fossil","GW",1,227.2359557192908,,251.5885877479282,256.5593032163714,280.1378023189381,300.1105524172783,312.2722548119724,327.0008334680237,,366.4360589735508,,406.3266744875908,,328.0570747519307,,207.3649404246507,,216.5912970981135
"IMAGE 3.4","Low - SSP2","Rest of Asia (R10)","Capacity|Electricity|Gas","GW",1,75.2337847885174,,79.73103820648615,81.24548147130714,133.9125086373091,191.5954995326996,235.9784555072784,269.7806166477204,,295.629324092865,,318.6307719154358,,183.7316233786494,,61.16958941364287,,96.50133811266255
"IMAGE 3.4","Low - SSP2","Rest of Asia (R10)","Capacity|Electricity|Geothermal","GW",1,0,,0,0,0,0,0,0,,0,,0,,0,,0,,0
"IMAGE 3.4","Low - SSP2","Rest of Asia (R10)","Capacity|Electricity|Hydro","GW",1,51.28244287109375,,63.20358984375,95.01751953125,128.576578125,163.474984375,206.5631640625,225.286,,252.13128125,,249.6013046875,,333.56459375,,363.87109375,,364.45759375
"IMAGE 3.4","Low - SSP2","Rest of Asia (R10)","Capacity|Electricity|Hydrogen","GW",1,0,,0,0,0.088482070922851,1.679557720065117,6.453332885742188,12.46423856002092,,21.93937154018879,,30.79417113364675,,63.00961465644837,,155.3242775535584,,211.0875338630416
"IMAGE 3.4","Low - SSP2","Rest of Asia (R10)","Capacity|Electricity|Nuclear","GW",1,0,,0,0,0,0,0,0,,21.8647021484375,,100.018453125,,235.83753125,,395.7775,,545.594109375
"IMAGE 3.4","Low - SSP2","Rest of Asia (R10)","Capacity|Electricity|Oil","GW",1,30.55847120314691,,33.33935010939691,39.47023991456267,38.58699651921541,31.56326317644119,41.94739645931124,50.0885440347828,,54.13079198384285,,56.31023996829987,,84.47757788471645,,78.98198326962256,,69.53672553285386
"IMAGE 3.4","Low - SSP2","Rest of Asia (R10)","Capacity|Electricity|Other","GW",1,5.08860888671875,,6.1896689453125,8.25910934829712,15.277119140625,29.26947021484375,47.945994140625,55.18796484375,,66.5610380859375,,75.5575546875,,88.9373828125,,99.3657001953125,,109.0161840820312
"IMAGE 3.4","Low - SSP2","Rest of Asia (R10)","Capacity|Electricity|Solar|CSP","GW",1,0.005,,0.005,0.005,0.339749542236328,1.245725017547608,1.370693035125733,1.370693035125733,,0.901098424911498,,0,,0,,0,,0
"IMAGE 3.4","Low - SSP2","Rest of Asia (R10)","Capacity|Electricity|Solar|PV","GW",1,23.17644090270996,,36.90735797119141,169.075873046875,342.831822265625,597.77143359375,861.70690234375,1171.040296875,,1242.7129140625,,1339.7695,,1357.42840625,,1277.8986875,,1269.75178125
"IMAGE 3.4","Low - SSP2","Rest of Asia (R10)","Capacity|Electricity|Wind|Offshore","GW",1,0.09919999694824201,,1.1035,3.450856079101563,38.113,103.923828125,270.7318046875,397.951203125,,925.2664374999999,,1254.42271875,,1758.9468125,,2202.6623125,,2709.7358125
"IMAGE 3.4","Low - SSP2","Rest of Asia (R10)","Capacity|Electricity|Wind|Onshore","GW",1,2.523655944824219,,12.43439599609375,20.515939453125,49.928888671875,52.72246875,54.57037109375,56.5630244140625,,59.25012451171875,,63.44251806640625,,68.00220654296875,,72.1432333984375,,72.5600693359375
"IMAGE 3.4","Low - SSP2","World","Capacity|Electricity|Biomass","GW",1,496.3713203125,,506.5176015625,524.6491953125,610.2571287841797,764.3373353271485,986.9280954589844,1218.282422851563,,1829.552939453125,,2103.567365234375,,2031.2821640625,,1838.9476484375,,1251.07799609375
"IMAGE 3.4","Low - SSP2","World","Capacity|Electricity|Coal","GW",1,3240.038875,,3464.277,3454.476659423828,3185.622872375488,2267.786162597656,1227.547998046875,677.29116015625,,324.7022990722656,,313.9886312866211,,427.2424143576622,,361.4101145584769,,316.6231303675356
"IMAGE 3.4","Low - SSP2","World","Capacity|Electricity|Fossil","GW",1,5759.79944140625,,6110.0983671875,6039.607745361328,5728.304171682358,5123.117280090332,4802.378724914551,4158.190209106446,,3968.8535234375,,4448.716589294434,,4445.464105771542,,4168.551436924715,,4127.038542624477
"IMAGE 3.4","Low - SSP2","World","Capacity|Electricity|Gas","GW",1,1905.3703125,,1990.155,1885.0826875,1985.902338867188,2409.798986328125,2833.204,2680.97559375,,2919.522609375,,3492.0235,,3212.47625,,2506.598415039063,,2377.395330665589
"IMAGE 3.4","Low - SSP2","World","Capacity|Electricity|Geothermal","GW",1,0,,0,0,0,0,0,0,,0,,0,,0,,0,,0
"IMAGE 3.4","Low - SSP2","World","Capacity|Electricity|Hydro","GW",1,1360.236,,1592.134,1927.531,2234.505,2483.806,2750.572,2915.462,,3046.101,,3195.508,,3428.657,,3680.823,,3790.917
"IMAGE 3.4","Low - SSP2","World","Capacity|Electricity|Hydrogen","GW",1,7.661000722691824e-10,,7.661000722691824e-10,7.661000722691824e-10,15.4611103515625,49.39659741210938,101.487140625,197.8024404296875,,259.5193520507813,,422.26072265625,,1172.61551171875,,2371.7105,,3827.992967193604
"IMAGE 3.4","Low - SSP2","World","Capacity|Electricity|Nuclear","GW",1,380.3728125,,410.938,457.58590625,589.4466875,712.6281875,848.110125,952.8451875000001,,1340.236,,1766.878,,2351.009,,3042.551,,3800.264
"IMAGE 3.4","Low - SSP2","World","Capacity|Electricity|Oil","GW",1,614.39025390625,,655.6663671875,700.0483984375,556.778960439682,445.5321311645508,741.6267268676758,799.9234552001953,,724.6286149902344,,642.7044580078125,,805.7454414138795,,1300.542907327175,,1433.020081591353
"IMAGE 3.4","Low - SSP2","World","Capacity|Electricity|Other","GW",1,17.78151223754883,,19.67104154205322,27.2810771484375,64.96723046875,146.55166015625,226.56668359375,284.1573828125,,360.611984375,,349.7605078125,,376.89409375,,478.5705,,595.28640625
"IMAGE 3.4","Low - SSP2","World","Capacity|Electricity|Solar|CSP","GW",1,6.412133789062501,,7.120154785156251,8.63433203125,8.1111767578125,11.0452998046875,26.578240234375,132.484296875,,260.16790625,,253.986796875,,183.908796875,,251.84,,608.819375
"IMAGE 3.4","Low - SSP2","World","Capacity|Electricity|Solar|PV","GW",1,717.23209375,,2253.993625,4510.102,7840.076,11622.945,15631.34,19480.456,,27140.886,,33439.07,,38928.188,,46170.498,,50930.469
"IMAGE 3.4","Low - SSP2","World","Capacity|Electricity|Wind|Offshore","GW",1,34.3473515625,,81.56239843750001,255.296203125,465.2053125,931.425875,2249.436,3371.817,,4832.435,,5695.875,,6330.794,,7569.121,,8943.535
"IMAGE 3.4","Low - SSP2","World","Capacity|Electricity|Wind|Onshore","GW",1,697.6786875,,1136.93,1585.5,2016.892,3344.949,5134.97,6171.988,,7172.851000000001,,7832.685,,8692.496000000001,,9951.907000000001,,11940.4
"IMAGE 3.4","Low-to-Negative - SSP2","Africa (R10)","Capacity|Electricity|Biomass","GW",1,23.88451997566224,,23.14755606079101,26.10742381668091,28.53182989883423,28.95120521736145,32.01513092207909,75.10573593091965,,166.7835494332314,,290.7014405760771,,352.7048500423437,,360.5978551359179,,307.8785400464538
"IMAGE 3.4","Low-to-Negative - SSP2","Africa (R10)","Capacity|Electricity|Coal","GW",1,64.06371631315862,,67.7360348329246,68.19152746027707,85.19303990364075,138.1822304778099,169.7567734637558,68.50819746637345,,8.052920311756433,,10.0840507194157,,20.50793652416916,,50.84265702511811,,69.90334812487811
"IMAGE 3.4","Low-to-Negative - SSP2","Africa (R10)","Capacity|Electricity|Fossil","GW",1,198.5998990796399,,212.3708920299783,230.851475113824,303.1319679358304,447.8623760390282,533.4623184523043,309.3968853408433,,237.6170507842189,,312.7532139521771,,390.1019748608642,,473.6581343809016,,634.9066382526403
"IMAGE 3.4","Low-to-Negative - SSP2","Africa (R10)","Capacity|Electricity|Gas","GW",1,98.93593858337402,,105.6586120223999,112.6877274055481,167.8712815461159,284.8847696876526,354.058621925123,238.2517882626057,,94.08340127800824,,135.8344681873243,,196.4625818465146,,261.5550911712456,,434.5558553091547
"IMAGE 3.4","Low-to-Negative - SSP2","Africa (R10)","Capacity|Electricity|Geothermal","GW",1,0,,0,0,0,0,0,0,,0,,0,,0,,0,,0
"IMAGE 3.4","Low-to-Negative - SSP2","Africa (R10)","Capacity|Electricity|Hydro","GW",1,35.97921606445313,,40.472185546875,47.29426123046875,76.4056806640625,99.83070751953124,123.6973696289062,161.1589609375,,474.06021875,,623.120755859375,,686.5155566406249,,703.75250390625,,715.7044375
"IMAGE 3.4","Low-to-Negative - SSP2","Africa (R10)","Capacity|Electricity|Hydrogen","GW",1,0,,0,0,2.314996217608452,8.851526921272278,15.12674386917055,93.00942845392228,,226.0659145623371,,398.995729488972,,589.0700781301493,,757.745853516005,,1196.940531250207
"IMAGE 3.4","Low-to-Negative - SSP2","Africa (R10)","Capacity|Electricity|Nuclear","GW",1,1.854,,1.854,6.654,7.32421923828125,8.977972167968751,12.48138403320312,41.2962158203125,,93.487037109375,,136.012890625,,186.52974609375,,189.807234375,,215.068296875
"IMAGE 3.4","Low-to-Negative - SSP2","Africa (R10)","Capacity|Electricity|Oil","GW",1,35.60024418310728,,38.97624517465383,49.97222024799883,50.06764648607373,24.79537587356567,9.646923063425348,2.636899611864239,,135.4807291944542,,166.8346950454372,,173.1314564901805,,161.2603861845379,,130.4474348186075
"IMAGE 3.4","Low-to-Negative - SSP2","Africa (R10)","Capacity|Electricity|Other","GW",1,1.31386003112793,,1.40516746520996,3.123931640625,5.153669293403626,9.096783197402955,18.29200488948822,67.15724843502043,,98.15348466181756,,107.3847502328157,,105.1875857584476,,143.995173617363,,209.5515349752903
"IMAGE 3.4","Low-to-Negative - SSP2","Africa (R10)","Capacity|Electricity|Solar|CSP","GW",1,1.085,,1.085,2.8291259765625,2.810943969726562,2.638217041015625,2.420035156249999,182.421203125,,511.136830078125,,747.66990234375,,548.4019560546875,,541.7827348632812,,713.3638574218751
"IMAGE 3.4","Low-to-Negative - SSP2","Africa (R10)","Capacity|Electricity|Solar|PV","GW",1,9.559069335937501,,18.93027267456055,64.60159210205077,142.1492229614258,257.2738856201172,410.5744108886719,1040.700240234375,,2967.709677734375,,4304.921623046876,,6541.57043359375,,10711.07265380859,,15274.33517578125
"IMAGE 3.4","Low-to-Negative - SSP2","Africa (R10)","Capacity|Electricity|Wind|Offshore","GW",1,0,,0,2.295012199401855,2.746682991027832,5.207511901855469,12.32455752563477,282.3334599609375,,567.36636328125,,600.05341015625,,334.345658203125,,431.1173413085937,,731.2439921875
"IMAGE 3.4","Low-to-Negative - SSP2","Africa (R10)","Capacity|Electricity|Wind|Onshore","GW",1,6.51375308561325,,12.38654152870178,32.62951354980469,44.25277862548828,80.20754827880859,160.1037451171875,449.3686328125,,1215.31559375,,1805.56140625,,2019.5458203125,,2516.49909765625,,2901.0958203125
"IMAGE 3.4","Low-to-Negative - SSP2","China+ (R10)","Capacity|Electricity|Biomass","GW",1,42.80202819824253,,43.21096765136753,43.74193933105502,44.14072436523471,43.39001922607456,37.77342147827181,27.85125318145786,,23.55191317558323,,26.81691244316136,,18.2907647132877,,9.58837967681919,,7.766112655639992
"IMAGE 3.4","Low-to-Negative - SSP2","China+ (R10)","Capacity|Electricity|Coal","GW",1,1887.252979003906,,2011.533000244141,2240.344175415039,2283.520502380371,2218.836663040161,1767.137209656954,647.7270087465347,,142.7143877059613,,107.2276618772308,,110.962622241796,,100.9930288386554,,50.80101934143388
"IMAGE 3.4","Low-to-Negative - SSP2","China+ (R10)","Capacity|Electricity|Fossil","GW",1,2050.464722991943,,2261.447420104027,2599.099469430923,2565.329853157997,2458.468402156711,2034.047259004116,1026.790544262089,,911.684212184954,,966.9662236558199,,1006.918048579104,,872.0977716164552,,408.0743340918353
"IMAGE 3.4","Low-to-Negative - SSP2","China+ (R10)","Capacity|Electricity|Gas","GW",1,128.2985404052734,,196.2719639892578,243.1958629455567,179.0578247365952,147.8843221758604,178.0613379194737,287.9504035785273,,626.9271150382399,,719.2494552420229,,755.2189067746904,,634.865664199262,,336.922040938764
"IMAGE 3.4","Low-to-Negative - SSP2","China+ (R10)","Capacity|Electricity|Geothermal","GW",1,0,,0,0,0,0,0,0,,0,,0,,0,,0,,0
"IMAGE 3.4","Low-to-Negative - SSP2","China+ (R10)","Capacity|Electricity|Hydro","GW",1,373.61550390625,,527.0643037109376,724.5050234375,753.6664257812499,754.51225390625,780.3807148437501,933.92260546875,,960.65728515625,,937.93421484375,,878.93018359375,,748.30157421875,,637.013640625
"IMAGE 3.4","Low-to-Negative - SSP2","China+ (R10)","Capacity|Electricity|Hydrogen","GW",1,0,,0,0,1.553822021484375,5.071598222851753,8.127032422065735,230.329775390625,,343.858078125,,355.421037109375,,366.2706953125,,240.7923359375,,278.2980050048828
"IMAGE 3.4","Low-to-Negative - SSP2","China+ (R10)","Capacity|Electricity|Nuclear","GW",1,70.599,,87.015,117.0700078125,124.8336015625,125.99853515625,146.472,345.50616796875,,418.8767265625,,481.83580859375,,473.79444140625,,474.73158203125,,481.47026171875
"IMAGE 3.4","Low-to-Negative - SSP2","China+ (R10)","Capacity|Electricity|Oil","GW",1,34.91320358276367,,53.64245587062836,115.5594310703278,102.7515260410309,91.74741694068908,88.8487114276886,91.11313193702698,,142.0427094407528,,140.4891065365663,,140.7365195626174,,136.2390785785377,,20.35127381163748
"IMAGE 3.4","Low-to-Negative - SSP2","China+ (R10)","Capacity|Electricity|Other","GW",1,0.300191000372171,,0.320866552740335,1.248649282842874,2.155938749700785,2.443223638921976,2.531819624334573,2.597198034673929,,2.419039190679788,,2.655286810308695,,2.692275854498147,,2.656826948553323,,2.642416433721781
"IMAGE 3.4","Low-to-Negative - SSP2","China+ (R10)","Capacity|Electricity|Solar|CSP","GW",1,0.45020000000298,,0.57020000000298,0.57020000000298,0.5670363914519541,0.462036363668739,0.205000106841325,0.010909159690141,,6.58333301526426e-8,,6.58333301526426e-8,,6.58333301526426e-8,,6.58333301526426e-8,,6.58333301526426e-8
"IMAGE 3.4","Low-to-Negative - SSP2","China+ (R10)","Capacity|Electricity|Solar|PV","GW",1,274.2601472167969,,1084.751210205078,1946.865146972656,2999.630595703125,4347.576603515625,5248.959093750001,7215.324367187501,,11453.527609375,,11771.6859296875,,10510.74402148437,,10544.4527890625,,9470.3324296875
"IMAGE 3.4","Low-to-Negative - SSP2","China+ (R10)","Capacity|Electricity|Wind|Offshore","GW",1,9.254,,44.18984973144531,85.8045390625,143.52317578125,144.463125,192.256609375,1203.21146875,,2437.5518125,,2298.26059375,,519.19921875,,1180.713421875,,1700.860796875
"IMAGE 3.4","Low-to-Negative - SSP2","China+ (R10)","Capacity|Electricity|Wind|Onshore","GW",1,275.479193725586,,526.7474367675782,604.4041650390625,566.907205078125,494.8069658203125,867.8210849609375,1946.233780273437,,2301.7071796875,,2000.954469726562,,1482.236889648437,,2000.85408984375,,2009.342509765625
"IMAGE 3.4","Low-to-Negative - SSP2","Europe (R10)","Capacity|Electricity|Biomass","GW",1,98.24678466796874,,103.6483090820312,107.1519946289062,103.137761797905,98.30060894775391,85.8518822631836,87.59485783958435,,117.6555500488281,,148.0681552734375,,169.0221199035648,,167.0117827493682,,146.2904196536543
"IMAGE 3.4","Low-to-Negative - SSP2","Europe (R10)","Capacity|Electricity|Coal","GW",1,291.9377433166504,,313.5988574523926,198.476223236084,160.86296875,136.3877209472656,105.3152051467896,56.2342449733615,,57.8377160196677,,59.86691747857072,,46.56745629870612,,39.843007462424,,33.89869109503623
"IMAGE 3.4","Low-to-Negative - SSP2","Europe (R10)","Capacity|Electricity|Fossil","GW",1,634.4076201477051,,699.2102279968262,459.8127986450195,273.0315308380127,199.6166533665657,190.934968413651,170.8882194288448,,296.3709130181223,,306.5936177418209,,291.5487033912617,,217.4570440414711,,180.9279360138891
"IMAGE 3.4","Low-to-Negative - SSP2","Europe (R10)","Capacity|Electricity|Gas","GW",1,255.3190269775391,,278.2723607177734,167.0171302490234,54.41591506958008,20.74308920669556,54.52863608825206,84.76229002080112,,157.0899118578806,,171.6921653208625,,176.2450646730044,,133.3152502658305,,135.8643323323664
"IMAGE 3.4","Low-to-Negative - SSP2","Europe (R10)","Capacity|Electricity|Geothermal","GW",1,0,,0,0,0,0,0,0,,0,,0,,0,,0,,0
"IMAGE 3.4","Low-to-Negative - SSP2","Europe (R10)","Capacity|Electricity|Hydro","GW",1,239.183525390625,,254.179599609375,283.53170703125,407.496390625,402.1966015625,397.01961328125,412.3286015625,,390.394171875,,374.33630859375,,343.1846171875,,356.59752734375,,325.19923046875
"IMAGE 3.4","Low-to-Negative - SSP2","Europe (R10)","Capacity|Electricity|Hydrogen","GW",1,0,,0,0,24.07828359794617,64.38617944335937,83.69570556640625,117.675810546875,,137.306275390625,,202.49499609375,,179.5829677734375,,160.77430859375,,184.3179833984375
"IMAGE 3.4","Low-to-Negative - SSP2","Europe (R10)","Capacity|Electricity|Nuclear","GW",1,116.037,,117.3236015625,118.9318984375,177.0073876953125,153.7149326171875,133.5999716796875,153.600376953125,,198.831173828125,,292.2158671875,,326.44467578125,,343.1583671875,,325.22407421875
"IMAGE 3.4","Low-to-Negative - SSP2","Europe (R10)","Capacity|Electricity|Oil","GW",1,87.15084985351562,,107.3390098266601,94.3194451599121,57.75264701843262,42.48584321260452,31.09112717860936,29.89168443468213,,81.44328514057398,,75.03453494238772,,68.73618241955116,,44.29878631321664,,11.1649125864864
"IMAGE 3.4","Low-to-Negative - SSP2","Europe (R10)","Capacity|Electricity|Other","GW",1,3.360221954345703,,3.450789571762085,3.712531473159789,4.481657878875731,5.547513370513915,6.138642826080323,6.311230831146241,,6.944977121353149,,8.311595788955689,,9.005443628311157,,8.612895751953126,,9.282656387329103
"IMAGE 3.4","Low-to-Negative - SSP2","Europe (R10)","Capacity|Electricity|Solar|CSP","GW",1,2.311823910154402,,2.311766048826277,2.212017025388777,1.294530941225588,0.276567977152764,0.0004562716446816922,0.0003687918968498706,,0.0001494991895160637,,7.391836843453348e-7,,7.391836843453348e-7,,7.391836843453348e-7,,7.391836843453348e-7
"IMAGE 3.4","Low-to-Negative - SSP2","Europe (R10)","Capacity|Electricity|Solar|PV","GW",1,156.6216728515625,,410.2727978515625,711.1922929687499,1667.550521484375,1945.893919921875,2071.780341796875,2035.4527109375,,1987.201896484375,,1962.45049609375,,1900.08509765625,,1899.62165234375,,2000.2429140625
"IMAGE 3.4","Low-to-Negative - SSP2","Europe (R10)","Capacity|Electricity|Wind|Offshore","GW",1,24.898849609375,,35.60905078125,39.71112333297729,178.0342036132812,535.0158984375,821.7706679687501,954.768630859375,,802.409212890625,,792.7123867187499,,1151.17662109375,,1071.40519140625,,990.148681640625
"IMAGE 3.4","Low-to-Negative - SSP2","Europe (R10)","Capacity|Electricity|Wind|Onshore","GW",1,190.2747412109375,,244.59550390625,314.988900390625,486.876158203125,649.686552734375,679.819921875,642.528009765625,,541.380427734375,,580.0390468749999,,557.487173828125,,486.548951171875,,553.084880859375
"IMAGE 3.4","Low-to-Negative - SSP2","India+ (R10)","Capacity|Electricity|Biomass","GW",1,30.56822264480591,,31.11497626495361,30.5713381652832,33.11925555419922,31.83697848510742,29.55030459594727,33.31150969409943,,26.45431411743164,,22.59462243533693,,17.04087369418517,,6.820142983889906,,0.000003285175189830625
"IMAGE 3.4","Low-to-Negative - SSP2","India+ (R10)","Capacity|Electricity|Coal","GW",1,295.4042236328125,,327.7979033164978,472.79220236969,641.7177831268311,753.5778615112305,734.3185185608864,234.9010958938598,,425.481903186202,,64.68654769683768,,89.62557787911221,,110.3944803483635,,72.61527478027344
"IMAGE 3.4","Low-to-Negative - SSP2","India+ (R10)","Capacity|Electricity|Fossil","GW",1,362.1431016845703,,398.6046149864198,552.313605704546,719.8599377346038,864.997583278656,893.1794170561135,367.4702599980719,,686.8526960496156,,507.8263646985134,,834.5034885300383,,1334.450725752272,,1476.951264426383
"IMAGE 3.4","Low-to-Negative - SSP2","India+ (R10)","Capacity|Electricity|Gas","GW",1,45.13969836425781,,46.78106323242187,52.41222527861596,61.49375283908844,105.6960026035309,154.7169620304108,131.504100043416,,182.3920343768613,,310.5283968275357,,456.7250158246418,,524.0857452613438,,634.4909751197424
"IMAGE 3.4","Low-to-Negative - SSP2","India+ (R10)","Capacity|Electricity|Geothermal","GW",1,0,,0,0,0,0,0,0,,0,,0,,0,,0,,0
"IMAGE 3.4","Low-to-Negative - SSP2","India+ (R10)","Capacity|Electricity|Hydro","GW",1,67.74448828125,,88.6226171875,166.019224609375,178.23562890625,197.0552578125,222.40840625,446.839609375,,520.101015625,,948.2442812500001,,1435.708796875,,1476.6935,,1492.530296875
"IMAGE 3.4","Low-to-Negative - SSP2","India+ (R10)","Capacity|Electricity|Hydrogen","GW",1,0,,0,0,0,0,3.3870029296875,169.480869140625,,389.243140625,,725.1288906249999,,1165.69753125,,1518.3464375,,1676.7998125
"IMAGE 3.4","Low-to-Negative - SSP2","India+ (R10)","Capacity|Electricity|Nuclear","GW",1,6.978,,11.3766650390625,19.682,48.63437109375,56.88669921875,88.076259765625,194.00225390625,,387.840109375,,643.7933125,,969.58553125,,1302.338125,,1717.2141875
"IMAGE 3.4","Low-to-Negative - SSP2","India+ (R10)","Capacity|Electricity|Oil","GW",1,21.5991796875,,24.0256484375,27.10917805624008,16.64840176868439,5.723719163894653,4.143936464816332,1.065064060796052,,78.9787584865522,,132.61142017414,,288.1528948262842,,699.9705001425643,,769.8450145263673
"IMAGE 3.4","Low-to-Negative - SSP2","India+ (R10)","Capacity|Electricity|Other","GW",1,0,,0,0,0.180450500488281,3.361100486755371,20.05539343261719,28.02942333984375,,31.0726025390625,,31.4906201171875,,31.2438740234375,,31.2401455078125,,30.6542509765625
"IMAGE 3.4","Low-to-Negative - SSP2","India+ (R10)","Capacity|Electricity|Solar|CSP","GW",1,0.3425,,0.3425,0.3425,0.268272705078125,0.116409103393554,0.005090889930725,43.623640625,,165.10559375,,164.897,,24.47283984375,,0.000005815554875880479,,0.000005775935016572476
"IMAGE 3.4","Low-to-Negative - SSP2","India+ (R10)","Capacity|Electricity|Solar|PV","GW",1,41.15171527099609,,159.4194516601563,487.941662109375,913.4159482421875,1496.4427265625,2327.338876953125,3168.737177734375,,4071.589515625,,4968.054968750001,,5513.64009375,,5453.2175625,,5534.029093749999
"IMAGE 3.4","Low-to-Negative - SSP2","India+ (R10)","Capacity|Electricity|Wind|Offshore","GW",1,0,,0,5.613053466796876,9.410156860351563,14.34510083007812,106.2533298339844,784.2427343749999,,1399.4718125,,1364.3428125,,1349.09590625,,1295.91,,1075.98309375
"IMAGE 3.4","Low-to-Negative - SSP2","India+ (R10)","Capacity|Electricity|Wind|Onshore","GW",1,39.97895080566406,,55.014603515625,126.3018095703125,264.89140625,396.5598203125,492.462109375,726.589875,,979.8994375,,1037.38990625,,1042.2594375,,1067.8156875,,1058.0991875
"IMAGE 3.4","Low-to-Negative - SSP2","Latin America (R10)","Capacity|Electricity|Biomass","GW",1,65.91470220184327,,72.19808095169068,73.91686297225952,110.0156575050354,184.7916727676392,237.5902179743498,269.8757955253125,,408.4721510531903,,599.7626140173005,,643.088490778737,,669.9160634712634,,660.4084137951791
"IMAGE 3.4","Low-to-Negative - SSP2","Latin America (R10)","Capacity|Electricity|Coal","GW",1,24.07843193340302,,30.98285501003265,34.67726389122009,51.32489111900329,105.9443610363007,161.6686607353091,93.18239470312,,1.548118799196207,,4.718720370725845,,5.802887489436776,,7.473041771592514,,6.451707635166065
"IMAGE 3.4","Low-to-Negative - SSP2","Latin America (R10)","Capacity|Electricity|Fossil","GW",1,231.0407227290869,,240.004737147212,232.2360199517012,230.220245621562,258.2879050768018,270.5747256417685,148.0492917940921,,42.78260029918099,,79.95585097241657,,85.21150160971585,,86.58639744445973,,84.23123163960955
"IMAGE 3.4","Low-to-Negative - SSP2","Latin America (R10)","Capacity|Electricity|Gas","GW",1,105.5718028488159,,110.6067094254494,108.3883930802345,110.9898213028908,104.1941243424416,76.59383500123023,45.21943953466416,,40.64717716897,,58.7211636335436,,62.90098755899882,,62.64668180869561,,61.61654602590431
"IMAGE 3.4","Low-to-Negative - SSP2","Latin America (R10)","Capacity|Electricity|Geothermal","GW",1,0,,0,0,0,0,0,0,,0,,0,,0,,0,,0
"IMAGE 3.4","Low-to-Negative - SSP2","Latin America (R10)","Capacity|Electricity|Hydro","GW",1,265.6849975585938,,268.031326171875,267.1038037109375,282.6732841796875,287.2037197265625,309.6942607421875,379.8795751953125,,468.3247841796875,,536.64481640625,,584.08819921875,,590.43236328125,,626.1850234374999
"IMAGE 3.4","Low-to-Negative - SSP2","Latin America (R10)","Capacity|Electricity|Hydrogen","GW",1,0,,0,0,0.054261848449707,1.366484008789063,8.645414508484304,50.20739364254474,,108.1556563075203,,138.3941992264275,,149.5658300787304,,135.1286357422646,,125.068310546875
"IMAGE 3.4","Low-to-Negative - SSP2","Latin America (R10)","Capacity|Electricity|Nuclear","GW",1,5.079333339929581,,5.078500007033348,5.106454552412033,8.124870516240597,8.174646979645594,15.53346778042684,43.73351807339559,,100.2953247070312,,152.4835788574219,,222.4783154296875,,265.182802734375,,296.53242578125
"IMAGE 3.4","Low-to-Negative - SSP2","Latin America (R10)","Capacity|Electricity|Oil","GW",1,101.390487946868,,98.41517271173001,89.17036298024654,67.90553319966793,48.14941969805955,32.31222990522906,9.647457556307957,,0.5873043310147801,,16.51596696814712,,16.50762656128025,,16.4666738641716,,16.16297797853916
"IMAGE 3.4","Low-to-Negative - SSP2","Latin America (R10)","Capacity|Electricity|Other","GW",1,1.928360012818128,,2.097736981201917,2.552696240235121,3.198542064551264,8.672043499235063,18.88275970863551,50.78248256324977,,107.8954382259697,,124.0805685110614,,109.2161547204219,,76.11945031343028,,89.39452555126326
"IMAGE 3.4","Low-to-Negative - SSP2","Latin America (R10)","Capacity|Electricity|Solar|CSP","GW",1,0.017,,0.136156997680664,0.145324996948242,0.145324996948242,0.14077954673767,0.133052270889282,0.463612810045481,,66.72675262632966,,71.75274407958985,,48.91981811523437,,5.282895050048828,,3.181143020629883
"IMAGE 3.4","Low-to-Negative - SSP2","Latin America (R10)","Capacity|Electricity|Solar|PV","GW",1,23.38856116844714,,101.1722147521973,204.3350227050781,311.7429443359375,433.1159140625,651.5318085937499,998.680625,,2046.25462109375,,2971.77548046875,,3479.39678515625,,4048.4813125,,4197.83903125
"IMAGE 3.4","Low-to-Negative - SSP2","Latin America (R10)","Capacity|Electricity|Wind|Offshore","GW",1,0,,0,0.01863549041748,0.296597625732421,13.35645147705078,61.86166058349609,138.6469327392578,,526.5725683593749,,565.2258359374999,,632.3522421875,,586.9905468750001,,759.2390468750001
"IMAGE 3.4","Low-to-Negative - SSP2","Latin America (R10)","Capacity|Electricity|Wind|Onshore","GW",1,31.62358813476563,,49.61085693359375,55.81280932617187,86.9278154296875,134.0876787109375,166.1693115234375,390.707169921875,,812.7345937499999,,907.1957177734375,,793.185734375,,724.3936845703125,,832.07402734375
"IMAGE 3.4","Low-to-Negative - SSP2","Middle East (R10)","Capacity|Electricity|Biomass","GW",1,37.17555078125,,36.52164847005904,36.52164847005904,43.91528909505904,72.05080862630903,92.6039253808409,84.70100177206099,,64.81007909766585,,62.00344327911735,,25.30128150543571,,0.040017432242631,,0.008353984072804
"IMAGE 3.4","Low-to-Negative - SSP2","Middle East (R10)","Capacity|Electricity|Coal","GW",1,6.416864794056862,,6.345587638139725,5.416088663578034,2.427401895999909,0.197645853519439,0.0105189666152,0.0002508668928385305,,20.68749102284409,,30.94005135954887,,30.94005135954887,,30.75775057829888,,12.21911092986137
"IMAGE 3.4","Low-to-Negative - SSP2","Middle East (R10)","Capacity|Electricity|Fossil","GW",1,280.2529660284929,,280.770621373415,267.06250704813,278.3113984055519,287.5874520983696,237.3629912821054,125.7753318184215,,63.36891921021961,,112.8634572317573,,156.1024927352296,,187.6076385182497,,196.0118142994997
"IMAGE 3.4","Low-to-Negative - SSP2","Middle East (R10)","Capacity|Electricity|Gas","GW",1,170.0965020751953,,171.5081433105469,165.5811669921875,183.7768466796875,237.9894505615235,235.3907074584961,125.7198096923828,,42.68140072613954,,81.92339856401824,,125.1624348304308,,156.849881394701,,183.7926968243885
"IMAGE 3.4","Low-to-Negative - SSP2","Middle East (R10)","Capacity|Electricity|Geothermal","GW",1,0,,0,0,0,0,0,0,,0,,0,,0,,0,,0
"IMAGE 3.4","Low-to-Negative - SSP2","Middle East (R10)","Capacity|Electricity|Hydro","GW",1,15.596919921875,,16.1328701171875,16.0656103515625,16.1545703125,18.442189453125,31.349720703125,52.94680078125,,76.76834375,,74.7007734375,,72.8041484375,,66.6302734375,,113.881296875
"IMAGE 3.4","Low-to-Negative - SSP2","Middle East (R10)","Capacity|Electricity|Hydrogen","GW",1,0,,0,0,0,2.102672119140625,16.0491103515625,53.17255078125,,128.761796875,,149.728203125,,180.99009375,,195.81,,198.852
"IMAGE 3.4","Low-to-Negative - SSP2","Middle East (R10)","Capacity|Electricity|Nuclear","GW",1,2.26,,6.236,6.236,9.094076171875,9.5806552734375,10.3133798828125,44.85601171875,,114.408203125,,173.385296875,,207.454,,227.15859375,,257.552
"IMAGE 3.4","Low-to-Negative - SSP2","Middle East (R10)","Capacity|Electricity|Oil","GW",1,103.7395991592407,,102.9168904247284,96.0652513923645,92.1071498298645,49.40035568332672,1.961764856994152,0.05527125914581101,,0.00002746123597444239,,0.000007308190222829581,,0.000006545249838382005,,0.000006545249838382005,,0.000006545249838382005
"IMAGE 3.4","Low-to-Negative - SSP2","Middle East (R10)","Capacity|Electricity|Other","GW",1,0.005059999998658,,0.005197199877351,0.005909938395023,0.006560222197324,0.007612686224281,0.008811594553291,0.009918476637452002,,0.016669319678097,,0.025754070807248,,0.030210550852119,,0.030381809759885,,0.031089060362428
"IMAGE 3.4","Low-to-Negative - SSP2","Middle East (R10)","Capacity|Electricity|Solar|CSP","GW",1,0.4497099914550781,,0.9435,0.9435001220703121,0.9132338256835931,0.7986165161132811,0.4629342041015621,62.35296875,,183.975703125,,200.360796875,,76.7786328125,,38.280859375,,5.6194521484375
"IMAGE 3.4","Low-to-Negative - SSP2","Middle East (R10)","Capacity|Electricity|Solar|PV","GW",1,7.662994873046875,,53.183611328125,249.263,337.7353046875,484.639609375,649.1319453125,982.4612812500001,,2176.207259765625,,3434.955703125,,4613.336203125,,4781.1284296875,,4932.543703125
"IMAGE 3.4","Low-to-Negative - SSP2","Middle East (R10)","Capacity|Electricity|Wind|Offshore","GW",1,0,,0,0,0.07607908630371,1.616628051757812,13.1042197265625,86.90640625,,169.7865,,153.227,,83.479453125,,132.611703125,,394.43109375
"IMAGE 3.4","Low-to-Negative - SSP2","Middle East (R10)","Capacity|Electricity|Wind|Onshore","GW",1,0.9336151123046871,,1.928410034179687,1.9499599609375,4.94043994140625,27.7742109375,115.734,273.272,,709.5755,,903.602,,1258.884,,1694.274,,1942.987
"IMAGE 3.4","Low-to-Negative - SSP2","North America (R10)","Capacity|Electricity|Biomass","GW",1,147.6485255126953,,142.4369333496094,130.1828394165039,113.3432607269287,88.9124637451172,60.96774132156372,70.7619047935009,,131.1373950195313,,169.292242718101,,197.6979823076725,,245.3799818191529,,220.4240982131958
"IMAGE 3.4","Low-to-Negative - SSP2","North America (R10)","Capacity|Electricity|Coal","GW",1,326.56390625,,336.163072265625,343.9530613284111,252.0183124160767,108.4876720504761,23.04369488233328,1.316517367566004,,63.26524919028464,,65.06157611962607,,66.41965998752278,,66.36477941234271,,10.76263647190576
"IMAGE 3.4","Low-to-Negative - SSP2","North America (R10)","Capacity|Electricity|Fossil","GW",1,914.9890026550293,,942.2456892089845,996.1214635648727,967.0657952766419,889.3173249397278,790.1438200321197,440.2995991659286,,1105.246913752189,,1153.443937299482,,1176.472428931199,,1049.434684033825,,278.0187472620433
"IMAGE 3.4","Low-to-Negative - SSP2","North America (R10)","Capacity|Electricity|Gas","GW",1,495.9071298828125,,511.2424772949219,559.0544916992188,631.0631777343749,708.3729798431397,735.2414093952179,398.0201474415064,,930.8404486074447,,978.9795948769515,,1000.722004136562,,915.1978417724375,,266.3461312392954
"IMAGE 3.4","Low-to-Negative - SSP2","North America (R10)","Capacity|Electricity|Geothermal","GW",1,0,,0,0,0,0,0,0,,0,,0,,0,,0,,0
"IMAGE 3.4","Low-to-Negative - SSP2","North America (R10)","Capacity|Electricity|Hydro","GW",1,186.90959375,,203.159359375,200.91375,195.5340859375,274.4835078125,300.1885,313.0006953125,,334.56,,304.9928984375,,283.196953125,,323.616296875,,358.48790625
"IMAGE 3.4","Low-to-Negative - SSP2","North America (R10)","Capacity|Electricity|Hydrogen","GW",1,7.661000722691824e-10,,7.661000722691824e-10,7.661000722691824e-10,0.091084270477294,5.912780670166015,25.73939892578125,106.971658203125,,164.3535439453125,,205.232123046875,,251.512583984375,,199.8009736328125,,274.3525166015625
"IMAGE 3.4","Low-to-Negative - SSP2","North America (R10)","Capacity|Electricity|Nuclear","GW",1,107.3870234375,,109.6210234375,109.6210078125,87.548853515625,56.16620166015625,35.51220947265625,37.69717114257813,,119.9137529296875,,129.467884765625,,142.2180883789063,,140.5616318359375,,252.4171162109375
"IMAGE 3.4","Low-to-Negative - SSP2","North America (R10)","Capacity|Electricity|Oil","GW",1,92.5179665222168,,94.8401396484375,93.1139105372429,83.9843051261902,72.45667304611206,31.85871575456858,40.96293435685616,,111.1412159544595,,109.4027663029043,,109.3307648071143,,67.8720628490448,,0.9099795508421951
"IMAGE 3.4","Low-to-Negative - SSP2","North America (R10)","Capacity|Electricity|Other","GW",1,3.949082021474838,,4.306428689718246,3.874254091486335,4.940901600569487,12.1532541308701,15.67944724923373,21.31026074868441,,27.24905949258804,,33.51762560385466,,27.63444070661068,,26.04893997702003,,28.35607686129213
"IMAGE 3.4","Low-to-Negative - SSP2","North America (R10)","Capacity|Electricity|Solar|CSP","GW",1,1.747900024414063,,1.723031982421875,1.658364013671875,1.344612060546875,1.48,1.48,1.469036010742188,,1.171506958007813,,0.113907600402832,,4.231930142850615e-8,,4.231930142850615e-8,,4.231930142850615e-8
"IMAGE 3.4","Low-to-Negative - SSP2","North America (R10)","Capacity|Electricity|Solar|PV","GW",1,79.07219921875,,222.9276300048828,351.2312724609375,473.14757421875,1039.81944140625,1510.35794140625,2241.01553125,,2773.133357421875,,3470.11775,,3915.68650390625,,4414.0171015625,,3648.58719140625
"IMAGE 3.4","Low-to-Negative - SSP2","North America (R10)","Capacity|Electricity|Wind|Offshore","GW",1,0.02929999923706,,0.309416687011718,1,1.968402282714843,26.8472001953125,111.96797265625,191.975375,,294.8821328125,,304.8060859375,,307.7454609375,,266.8171953125,,354.46655078125
"IMAGE 3.4","Low-to-Negative - SSP2","North America (R10)","Capacity|Electricity|Wind|Onshore","GW",1,132.166203125,,202.98368359375,347.876587890625,350.522314453125,432.73932421875,735.9705859375,1190.01284375,,1313.498703125,,1393.98309375,,1385.446,,1331.783296875,,1193.54690625
"IMAGE 3.4","Low-to-Negative - SSP2","Pacific OECD (R10)","Capacity|Electricity|Biomass","GW",1,11.06327471923828,,11.24120662434399,11.10342579364777,11.02794437789917,10.9041069059372,8.444267693991772,9.407131329536437,,15.89994445896154,,26.08223208137607,,30.92885594066237,,33.34858381891814,,31.52199968863098
"IMAGE 3.4","Low-to-Negative - SSP2","Pacific OECD (R10)","Capacity|Electricity|Coal","GW",1,85.3942900390625,,92.72999464541674,80.7202297141552,64.4313961391449,62.1871218533516,53.64059708464146,22.58551289510726,,5.212847170780297,,6.728945014163283,,9.564077089343463,,10.4997241423036,,9.49959422515882
"IMAGE 3.4","Low-to-Negative - SSP2","Pacific OECD (R10)","Capacity|Electricity|Fossil","GW",1,238.1794283009768,,258.8661451654435,242.9423823442459,215.794727363348,207.4227727860809,172.0145119593665,98.819758006587,,64.15935620703598,,54.9127563965525,,65.33597975498233,,69.2041096477083,,57.99967183299577
"IMAGE 3.4","Low-to-Negative - SSP2","Pacific OECD (R10)","Capacity|Electricity|Gas","GW",1,98.32781958007813,,107.5542718832493,103.0464719016552,96.61032731914521,94.02969362688064,70.07048183321953,31.88633217597008,,20.00740294120044,,23.80418259430032,,33.08925770905212,,38.05610617574171,,39.76278662999586
"IMAGE 3.4","Low-to-Negative - SSP2","Pacific OECD (R10)","Capacity|Electricity|Geothermal","GW",1,0,,0,0,0,0,0,0,,0,,0,,0,,0,,0
"IMAGE 3.4","Low-to-Negative - SSP2","Pacific OECD (R10)","Capacity|Electricity|Hydro","GW",1,60.89,,62.00705859375,64.757890625,67.724828125,70.1418984375,69.461638671875,101.73593359375,,105.665439453125,,89.2646171875,,74.66869921874999,,78.520490234375,,78.077888671875
"IMAGE 3.4","Low-to-Negative - SSP2","Pacific OECD (R10)","Capacity|Electricity|Hydrogen","GW",1,0,,0,0,0.9515525970011941,4.190363379001617,4.907679100036621,24.919134765625,,45.713080078125,,63.403791015625,,95.332759765625,,91.4595703125,,97.5976859240532
"IMAGE 3.4","Low-to-Negative - SSP2","Pacific OECD (R10)","Capacity|Electricity|Nuclear","GW",1,28.608419921875,,28.49816015625,27.94683984375,25.52630078125,19.120599609375,15.147,19.069990234375,,45.420859375,,57.025830078125,,76.380029296875,,77.3713515625,,79.92836132812499
"IMAGE 3.4","Low-to-Negative - SSP2","Pacific OECD (R10)","Capacity|Electricity|Oil","GW",1,54.45731868183613,,58.5818786367774,59.17568072843553,54.7530039050579,51.2059573058486,48.30343304150551,44.34791293550964,,38.93910609505524,,24.37962878808889,,22.68264495658674,,20.648279329663,,8.7372909778411
"IMAGE 3.4","Low-to-Negative - SSP2","Pacific OECD (R10)","Capacity|Electricity|Other","GW",1,1.7390299243927,,1.793166704177856,3.750750356435775,14.19517977118493,22.93056280350685,23.80253331375123,26.23741638302803,,28.63419264984131,,29.68869384002686,,31.05265904355049,,32.11048605561257,,33.14159165239334
"IMAGE 3.4","Low-to-Negative - SSP2","Pacific OECD (R10)","Capacity|Electricity|Solar|CSP","GW",1,0.003,,0.003,0.003,0.003,0.003,0.003,3.036131103515625,,17.552189453125,,18.286970703125,,8.61028125,,11.3208798828125,,11.2558896484375
"IMAGE 3.4","Low-to-Negative - SSP2","Pacific OECD (R10)","Capacity|Electricity|Solar|PV","GW",1,92.06393896484376,,153.60746875,231.88064453125,258.888203125,280.38851171875,290.92666015625,375.8414755859375,,483.2119296875,,571.2489023437499,,616.571978515625,,664.6689765625,,718.7192265625
"IMAGE 3.4","Low-to-Negative - SSP2","Pacific OECD (R10)","Capacity|Electricity|Wind|Offshore","GW",1,0.066,,0.350576293945312,113.1075,113.4691015625,115.8891854248047,121.6375776367188,189.43079296875,,245.0694609375,,375.45850390625,,280.5654453125,,296.6638203125,,289.5698203125
"IMAGE 3.4","Low-to-Negative - SSP2","Pacific OECD (R10)","Capacity|Electricity|Wind|Onshore","GW",1,15.01248046875,,25.00434521484375,29.2663125,29.8423134765625,41.238234375,56.01622949218751,85.45809326171874,,203.782423828125,,219.9678032226563,,232.5675942382813,,269.7555239257812,,267.0981118164063
"IMAGE 3.4","Low-to-Negative - SSP2","Reforming Economies (R10)","Capacity|Electricity|Biomass","GW",1,15.05335006713868,,18.58600443267798,29.29309613037109,39.81723919677734,41.76496200561523,41.6636134147644,42.0812008972168,,31.2278759803772,,20.02263609886175,,16.42608279991156,,17.75424868679088,,20.52202548122446
"IMAGE 3.4","Low-to-Negative - SSP2","Reforming Economies (R10)","Capacity|Electricity|Coal","GW",1,137.4824328804016,,138.8684716691971,133.9956432342529,167.1145419921875,186.18869140625,185.8214560546875,76.02478350830079,,22.25242374455929,,29.66074801997654,,30.94312324616011,,28.01554066239807,,15.24003123055911
"IMAGE 3.4","Low-to-Negative - SSP2","Reforming Economies (R10)","Capacity|Electricity|Fossil","GW",1,622.4855222358703,,564.9853368806839,441.0587034149171,396.0714242706299,447.2089625396729,444.2018794937134,314.4621053777337,,352.3605194659015,,396.4200641514313,,438.3418270472677,,397.6748949113314,,309.5356604749057
"IMAGE 3.4","Low-to-Negative - SSP2","Reforming Economies (R10)","Capacity|Electricity|Gas","GW",1,432.540040309906,,382.5276747817994,263.9477537536621,186.152480682373,220.2999725646973,232.4411729812622,209.8938273010254,,311.4076004677862,,356.3792898047955,,397.2333964048584,,364.6345550251075,,292.6671233621009
"IMAGE 3.4","Low-to-Negative - SSP2","Reforming Economies (R10)","Capacity|Electricity|Geothermal","GW",1,0,,0,0,0,0,0,0,,0,,0,,0,,0,,0
"IMAGE 3.4","Low-to-Negative - SSP2","Reforming Economies (R10)","Capacity|Electricity|Hydro","GW",1,63.34964282226562,,69.26102197265625,79.66191943359375,79.20781860351562,78.17296435546875,82.42623974609376,113.698130859375,,132.07261328125,,150.2622265625,,148.30703125,,154.3312275390625,,153.2110673828125
"IMAGE 3.4","Low-to-Negative - SSP2","Reforming Economies (R10)","Capacity|Electricity|Hydrogen","GW",1,0,,0,0,0,0.002755175113677,0.60431379699707,18.7408310546875,,56.735740234375,,90.286890625,,93.6180966796875,,83.8258330078125,,52.87616357421875
"IMAGE 3.4","Low-to-Negative - SSP2","Reforming Economies (R10)","Capacity|Electricity|Nuclear","GW",1,41.57,,43.935,46.49268824005127,45.10684902954101,37.81666912841797,30.78098950195312,41.4236787109375,,81.702818359375,,100.098400390625,,123.19175,,146.927251953125,,167.714984375
"IMAGE 3.4","Low-to-Negative - SSP2","Reforming Economies (R10)","Capacity|Electricity|Oil","GW",1,52.46304904556275,,43.58919042968751,43.11530642700195,42.80440159606933,40.72029856872559,25.93925045776367,28.54349456840753,,18.70049525355594,,10.38002632665913,,10.16530739624914,,5.024799223825932,,1.628505882245718
"IMAGE 3.4","Low-to-Negative - SSP2","Reforming Economies (R10)","Capacity|Electricity|Other","GW",1,0.09710001373291001,,0.102016502380371,0.10157080078125,0.101311698913574,0.148077930450439,0.197552619934082,2.640180274963378,,51.25802201080322,,53.21808083343507,,24.65884146118164,,27.16495393371582,,51.25437322998046
"IMAGE 3.4","Low-to-Negative - SSP2","Reforming Economies (R10)","Capacity|Electricity|Solar|CSP","GW",1,0,,0,0,0,0,0,8.748990234375,,14.7919404296875,,13.32025,,3.011,,5.19301904296875,,4.70047607421875
"IMAGE 3.4","Low-to-Negative - SSP2","Reforming Economies (R10)","Capacity|Electricity|Solar|PV","GW",1,10.27538638305664,,12.82204370117188,37.4033955078125,68.64270349121094,129.2070615234375,210.3440895996094,536.34690234375,,1687.318567382812,,2476.374951171875,,2499.055181152344,,2326.359217773438,,2338.06147265625
"IMAGE 3.4","Low-to-Negative - SSP2","Reforming Economies (R10)","Capacity|Electricity|Wind|Offshore","GW",1,0,,0,0,0,0.8758867998123161,4.068802429199219,85.65911230468751,,243.0638046875,,357.250859375,,215.1557265625,,119.5383203125,,130.467490234375
"IMAGE 3.4","Low-to-Negative - SSP2","Reforming Economies (R10)","Capacity|Electricity|Wind|Onshore","GW",1,3.172475036621093,,6.223486938476563,13.26160009765625,18.07685302734375,32.8471025390625,62.19467236328126,139.44527734375,,679.778109375,,858.399796875,,650.22119921875,,495.52774609375,,492.54102734375
"IMAGE 3.4","Low-to-Negative - SSP2","Rest of Asia (R10)","Capacity|Electricity|Biomass","GW",1,24.01440223932266,,24.41183172512054,23.42774852752686,34.4133599433899,34.76756492996216,44.36412083816528,113.9105808330364,,204.8431166343689,,300.3955805826187,,341.8063228466212,,312.9957327229228,,282.1662172453993
"IMAGE 3.4","Low-to-Negative - SSP2","Rest of Asia (R10)","Capacity|Electricity|Coal","GW",1,121.4436997276265,,138.5181974268854,143.3946117291451,173.8969217643738,213.6249565849304,212.8031671447754,86.04811885547637,,84.64038901921269,,89.61645754351011,,92.07860536436442,,94.34978515261997,,30.54513650149691
"IMAGE 3.4","Low-to-Negative - SSP2","Rest of Asia (R10)","Capacity|Electricity|Fossil","GW",1,227.2359557192908,,251.5885857427684,267.246917750802,320.8030874985021,387.3374153594972,417.5632152351441,208.4361103938037,,185.3160430114956,,237.6568613455291,,275.8641202981971,,294.7465316931999,,204.8493509021081
"IMAGE 3.4","Low-to-Negative - SSP2","Rest of Asia (R10)","Capacity|Electricity|Gas","GW",1,75.2337847885174,,79.73103820648615,83.36161136180164,108.6835925636292,148.5906917724609,190.3593423786163,101.6347026090622,,38.27057667911611,,56.17785998431515,,91.50171491034897,,119.8441570485874,,145.5345331615252
"IMAGE 3.4","Low-to-Negative - SSP2","Rest of Asia (R10)","Capacity|Electricity|Geothermal","GW",1,0,,0,0,0,0,0,0,,0,,0,,0,,0,,0
"IMAGE 3.4","Low-to-Negative - SSP2","Rest of Asia (R10)","Capacity|Electricity|Hydro","GW",1,51.28244287109375,,63.203580078125,97.08706640624999,127.6356171875,152.69787890625,185.0501015625,269.78659375,,424.8313125,,433.202703125,,427.9505937500001,,414.9096875,,404.132296875
"IMAGE 3.4","Low-to-Negative - SSP2","Rest of Asia (R10)","Capacity|Electricity|Hydrogen","GW",1,0,,0,0,0,0.522997619628906,3.683628051757813,71.593857421875,,189.93525390625,,232.3437890625,,247.94411328125,,206.07968359375,,203.740737487793
"IMAGE 3.4","Low-to-Negative - SSP2","Rest of Asia (R10)","Capacity|Electricity|Nuclear","GW",1,0,,0,0,0,0,0,0,,108.22873828125,,214.1660703125,,330.3855,,440.72659375,,620.732796875
"IMAGE 3.4","Low-to-Negative - SSP2","Rest of Asia (R10)","Capacity|Electricity|Oil","GW",1,30.55847120314691,,33.33935010939691,40.49069465985534,38.22257317049917,25.1217670021058,14.40070571175227,20.75328892926508,,62.4050773131668,,91.86254381770382,,92.2838000234837,,80.55258949199259,,28.76968123908593
"IMAGE 3.4","Low-to-Negative - SSP2","Rest of Asia (R10)","Capacity|Electricity|Other","GW",1,5.08860888671875,,6.1896689453125,8.440771888732911,12.54997439289093,24.08435052490234,44.35506396484375,54.3605830078125,,71.73564501953125,,84.7656943359375,,96.8017041015625,,104.5592348632812,,110.2795966796875
"IMAGE 3.4","Low-to-Negative - SSP2","Rest of Asia (R10)","Capacity|Electricity|Solar|CSP","GW",1,0.005,,0.005,0.010843740940093,0.114189697265625,0.114189697265625,0.114189697265625,0.114189697265625,,0.030263266324996,,0.0001239830926060677,,1.668930053710938e-8,,1.668930053710938e-8,,1.668930053710938e-8
"IMAGE 3.4","Low-to-Negative - SSP2","Rest of Asia (R10)","Capacity|Electricity|Solar|PV","GW",1,23.17644090270996,,36.90723956298828,178.25378515625,315.888373046875,506.673341796875,794.3669921875,1089.731953125,,1370.8493125,,1428.36740625,,1360.963609375,,1246.9353125,,1273.521703125
"IMAGE 3.4","Low-to-Negative - SSP2","Rest of Asia (R10)","Capacity|Electricity|Wind|Offshore","GW",1,0.09919999694824201,,1.1035,4.201342041015625,26.16848828125,62.0881015625,144.00476171875,796.9963750000001,,2394.3266875,,2573.7423125,,2228.3436875,,2736.240875,,2897.445875
"IMAGE 3.4","Low-to-Negative - SSP2","Rest of Asia (R10)","Capacity|Electricity|Wind|Onshore","GW",1,2.523655944824219,,12.4343974609375,17.697369140625,40.815908203125,51.350328125,54.3387734375,57.99987744140625,,59.0289814453125,,62.610548828125,,68.35092089843751,,72.55615087890624,,72.508919921875
"IMAGE 3.4","Low-to-Negative - SSP2","World","Capacity|Electricity|Biomass","GW",1,496.3713203125,,506.5174453125,512.01828125,561.4623198852539,635.67037109375,670.8246000366211,814.6009082031251,,1190.8358828125,,1665.740381347656,,1812.30809135437,,1823.452976594943,,1676.986544330597
"IMAGE 3.4","Low-to-Negative - SSP2","World","Capacity|Electricity|Coal","GW",1,3240.038875,,3464.2743125,3721.961357910156,3882.507609375,3923.6149453125,3413.515289474487,1286.52809765625,,831.6933945007324,,468.5915972582996,,503.4119164625704,,539.5337523996104,,311.9365268136729
"IMAGE 3.4","Low-to-Negative - SSP2","World","Capacity|Electricity|Fossil","GW",1,5759.79944140625,,6110.09432421875,6288.745842285156,6269.61965625,6448.10657421875,5983.48437133789,3210.388013427734,,3945.759661902785,,4129.392193032027,,4720.40135778638,,4982.918471576473,,3831.506562716329
"IMAGE 3.4","Low-to-Negative - SSP2","World","Capacity|Electricity|Gas","GW",1,1905.3703125,,1990.154,1858.693,1780.11478125,2072.6848125,2281.462260253906,1654.842796875,,2444.347545532227,,2893.289856576502,,3295.262267892681,,3211.051539659139,,2531.552917298019
"IMAGE 3.4","Low-to-Negative - SSP2","World","Capacity|Electricity|Geothermal","GW",1,0,,0,0,0,0,0,0,,0,,0,,0,,0,,0
"IMAGE 3.4","Low-to-Negative - SSP2","World","Capacity|Electricity|Hydro","GW",1,1360.236,,1592.134,1946.94,2184.734,2334.737,2501.677,3185.298,,3887.435,,4472.704,,4935.355,,4913.786,,4904.423
"IMAGE 3.4","Low-to-Negative - SSP2","World","Capacity|Electricity|Hydrogen","GW",1,7.661000722691824e-10,,7.661000722691824e-10,7.661000722691824e-10,29.044,92.4073515625,169.9660409460068,936.1013211212158,,1790.1290083704,,2561.430010746651,,3319.585000005755,,3589.764000000457,,4288.844048950195
"IMAGE 3.4","Low-to-Negative - SSP2","World","Capacity|Electricity|Nuclear","GW",1,380.3728125,,410.938,457.7408125,533.2005,476.43690625,487.91659375,921.185375,,1669.005,,2380.485,,3058.462,,3607.964,,4413.855
"IMAGE 3.4","Low-to-Negative - SSP2","World","Capacity|Electricity|Oil","GW",1,614.39025390625,,655.66601171875,708.091484375,606.9972656250001,451.80681640625,288.5068216094971,269.0171188964844,,669.7187218698264,,767.5107391972244,,921.7271734311283,,1232.333179517724,,988.0171186046377
"IMAGE 3.4","Low-to-Negative - SSP2","World","Capacity|Electricity|Other","GW",1,17.78151223754883,,19.67104154205322,26.81106958007813,46.964189453125,88.44452734375,149.9440703125,259.43598046875,,425.3791328125,,475.1386875,,437.52321875,,452.53840625,,564.58809375
"IMAGE 3.4","Low-to-Negative - SSP2","World","Capacity|Electricity|Solar|CSP","GW",1,6.412133789062501,,7.120154785156251,8.714875000000001,7.46114599609375,6.02981591796875,4.8237578125,302.24109375,,960.491,,1216.402,,710.194625,,601.860375,,738.1208125
"IMAGE 3.4","Low-to-Negative - SSP2","World","Capacity|Electricity|Solar|PV","GW",1,717.23209375,,2253.993625,4462.968,7488.792,10921.031,14165.314,19684.296,,31017.006,,37359.951,,40951.053,,46089.954,,49388.209
"IMAGE 3.4","Low-to-Negative - SSP2","World","Capacity|Electricity|Wind|Offshore","GW",1,34.3473515625,,81.562390625,251.751203125,475.693,919.705,1589.25,4714.171,,9080.499,,9385.08,,7101.459,,8118.009,,9323.857
"IMAGE 3.4","Low-to-Negative - SSP2","World","Capacity|Electricity|Wind|Onshore","GW",1,697.6786875,,1136.929,1544.189,1894.053,2341.298,3390.63,5901.615,,8816.7,,9769.703,,9490.184000000001,,10660.01,,11322.38
"IMAGE 3.4","Medium-to-Low - SSP2","Africa (R10)","Capacity|Electricity|Biomass","GW",1,23.88451997566224,,23.14755606079101,26.10519746017457,28.52664528274536,28.94485501480102,27.12462830162048,24.88802745056153,,13.29985357481241,,50.23604297125375,,173.6200400453809,,352.6089819903377,,545.7813469948773
"IMAGE 3.4","Medium-to-Low - SSP2","Africa (R10)","Capacity|Electricity|Coal","GW",1,64.06371631315862,,67.7360563172996,68.19338244837522,85.19953087371587,138.2077867341042,196.8552861280441,254.6034718020558,,282.0708501673527,,235.1702987948435,,180.1554916118231,,95.17376858171124,,62.8511442073053
"IMAGE 3.4","Medium-to-Low - SSP2","Africa (R10)","Capacity|Electricity|Fossil","GW",1,198.5998990796399,,212.3709330456033,230.856151849702,303.1280539700984,447.9973415304423,590.7215022004843,763.6997824760302,,1012.581173550159,,1159.211048149278,,1283.587364479194,,1293.645746220012,,1324.797450830632
"IMAGE 3.4","Medium-to-Low - SSP2","Africa (R10)","Capacity|Electricity|Gas","GW",1,98.93593858337402,,105.6586193466187,112.6893945503235,167.8586676056385,284.9934498748779,380.5578395576478,493.2862272236348,,708.9812334940433,,903.3126269450785,,1062.908112309217,,1112.186001379601,,1131.948221871277
"IMAGE 3.4","Medium-to-Low - SSP2","Africa (R10)","Capacity|Electricity|Geothermal","GW",1,0,,0,0,0,0,0,0,,0,,0,,0,,0,,0
"IMAGE 3.4","Medium-to-Low - SSP2","Africa (R10)","Capacity|Electricity|Hydro","GW",1,35.97921606445313,,40.47219531250001,47.29453955078125,76.347810546875,99.76478662109375,124.3197177734375,155.9045708007812,,238.599013671875,,325.34275390625,,360.44455078125,,382.7764057617188,,399.2663203125
"IMAGE 3.4","Medium-to-Low - SSP2","Africa (R10)","Capacity|Electricity|Hydrogen","GW",1,0,,0,0,2.313872055053711,8.850018402099609,13.62377894210815,21.08015321350098,,29.46290844345093,,34.12407926368714,,32.26646867339499,,39.78659571959873,,100.7816468422641
"IMAGE 3.4","Medium-to-Low - SSP2","Africa (R10)","Capacity|Electricity|Nuclear","GW",1,1.854,,1.854,6.654,7.32377392578125,8.97701513671875,9.370176025390625,12.37100732421875,,16.4900830078125,,18.56673388671875,,25.3930546875,,30.7816494140625,,45.838759765625
"IMAGE 3.4","Medium-to-Low - SSP2","Africa (R10)","Capacity|Electricity|Oil","GW",1,35.60024418310728,,38.97625738168508,49.97337485100329,50.06985549074411,24.79610492146015,13.30837651479244,15.81008345033974,,21.52908988876302,,20.72812240935573,,40.52376055815333,,86.28597625869952,,129.9980847520496
"IMAGE 3.4","Medium-to-Low - SSP2","Africa (R10)","Capacity|Electricity|Other","GW",1,1.31386003112793,,1.40516746520996,3.123944763183593,5.153031704902649,9.091688287734986,17.30600009822846,32.94752870845794,,62.8266902282238,,85.62621556484699,,93.7334505045414,,127.6114326000214,,171.4350886862278
"IMAGE 3.4","Medium-to-Low - SSP2","Africa (R10)","Capacity|Electricity|Solar|CSP","GW",1,1.085,,1.085,2.829131103515625,2.810948852539062,2.638221923828125,2.440166141510009,2.587497406005859,,4.642680877685547,,17.07496603393555,,71.88791979980469,,110.9598228759766,,115.1475628662109
"IMAGE 3.4","Medium-to-Low - SSP2","Africa (R10)","Capacity|Electricity|Solar|PV","GW",1,9.559069335937501,,18.93030215454101,64.60429302978515,142.0732158203125,257.2438001708985,403.8238142089843,671.4078159179688,,1446.551836914063,,2882.744732421875,,4947.548447265625,,7643.6210625,,10237.0420859375
"IMAGE 3.4","Medium-to-Low - SSP2","Africa (R10)","Capacity|Electricity|Wind|Offshore","GW",1,0,,0,2.295015144348145,2.746075538635254,5.202734558105469,9.719057861328125,30.58670257568359,,149.935349609375,,212.56943359375,,206.3692587890625,,205.7780576171875,,281.1078203125
"IMAGE 3.4","Medium-to-Low - SSP2","Africa (R10)","Capacity|Electricity|Wind|Onshore","GW",1,6.51375308561325,,12.38654485702515,32.62993157958985,44.24853186035156,80.18301745605469,137.8021376953125,255.5965205078125,,548.32740234375,,920.2599453125,,1233.837953125,,1419.3356953125,,1878.349625
"IMAGE 3.4","Medium-to-Low - SSP2","China+ (R10)","Capacity|Electricity|Biomass","GW",1,42.80202819824253,,43.21096765136753,43.74429968261752,44.26287097168002,45.71617233276401,45.10001284790071,51.94880206298861,,351.8472772984505,,397.5823916015625,,467.6132758121491,,432.8543559494018,,204.402521692276
"IMAGE 3.4","Medium-to-Low - SSP2","China+ (R10)","Capacity|Electricity|Coal","GW",1,1887.252979003906,,2011.533000244141,2240.338246459961,2283.244088317872,2218.388582000732,2051.84027494812,1697.805774993897,,666.0021848526001,,275.3607607672661,,135.3563533096314,,74.98819842362403,,55.50419693046226
"IMAGE 3.4","Medium-to-Low - SSP2","China+ (R10)","Capacity|Electricity|Fossil","GW",1,2050.464722991943,,2261.447532408714,2599.098309030533,2565.052425911903,2458.112086177707,2354.649238031388,2107.140857919693,,1320.769983189896,,1017.250807683879,,909.965423682744,,713.1119549131869,,597.1594192173861
"IMAGE 3.4","Medium-to-Low - SSP2","China+ (R10)","Capacity|Electricity|Gas","GW",1,128.2985404052734,,196.2719171142578,243.1997613830567,179.0560630178452,147.9757310351133,213.7269477081299,313.8632841644287,,553.588399520874,,689.6467028961182,,726.3559608001709,,596.8687392295265,,496.1022082824707
"IMAGE 3.4","Medium-to-Low - SSP2","China+ (R10)","Capacity|Electricity|Geothermal","GW",1,0,,0,0,0,0,0,0,,0,,0,,0,,0,,0
"IMAGE 3.4","Medium-to-Low - SSP2","China+ (R10)","Capacity|Electricity|Hydro","GW",1,373.61550390625,,527.0640224609375,724.49267578125,753.63712890625,754.5828320312501,774.39491015625,791.2736210937501,,781.9613242187501,,760.32986328125,,719.7959296875,,626.872140625,,788.9394765625
"IMAGE 3.4","Medium-to-Low - SSP2","China+ (R10)","Capacity|Electricity|Hydrogen","GW",1,0,,0,0,1.487817016601563,4.597287463903427,7.228286287307739,12.74778677558899,,14.81679654121399,,15.51705169677734,,19.83302111816406,,12.86069909667969,,23.8994716796875
"IMAGE 3.4","Medium-to-Low - SSP2","China+ (R10)","Capacity|Electricity|Nuclear","GW",1,70.599,,87.015,117.0700078125,124.81643359375,125.45187109375,132.17059765625,154.4120078125,,168.27488671875,,162.574873046875,,133.42490234375,,90.91961718750001,,127.3460952148438
"IMAGE 3.4","Medium-to-Low - SSP2","China+ (R10)","Capacity|Electricity|Oil","GW",1,34.91320358276367,,53.64261505031585,115.5603011875153,102.7522745761871,91.74777314186096,89.08201537513733,95.47179876136781,,101.1793988164216,,52.24334402049426,,48.25310957294173,,41.25501726003652,,45.55301400445325
"IMAGE 3.4","Medium-to-Low - SSP2","China+ (R10)","Capacity|Electricity|Other","GW",1,0.300191000372171,,0.320866552740335,1.248579439550638,2.146035200506448,2.439391630560159,2.531315664678812,2.608744581609964,,2.475430364996195,,2.584966177374125,,2.605729719549417,,2.530156797796488,,2.547200273513793
"IMAGE 3.4","Medium-to-Low - SSP2","China+ (R10)","Capacity|Electricity|Solar|CSP","GW",1,0.45020000000298,,0.57020000000298,0.57020000000298,0.5670363914519541,0.462036363668739,0.205000106841325,0.010909159690141,,6.58333301526426e-8,,6.58333301526426e-8,,6.58333301526426e-8,,6.58333301526426e-8,,6.58333301526426e-8
"IMAGE 3.4","Medium-to-Low - SSP2","China+ (R10)","Capacity|Electricity|Solar|PV","GW",1,274.2601472167969,,1084.751272705078,1946.873222412109,2998.77285546875,4346.746283203125,5215.178916015626,5708.000396484375,,6614.98624609375,,7723.97593359375,,9421.62951953125,,9771.984818359375,,9405.789240234377
"IMAGE 3.4","Medium-to-Low - SSP2","China+ (R10)","Capacity|Electricity|Wind|Offshore","GW",1,9.254,,44.18986083984375,85.8155,143.53883203125,142.6622734375,188.9224765625,330.034796875,,464.5345390625,,581.6277968750001,,589.638984375,,507.2068125,,591.124109375
"IMAGE 3.4","Medium-to-Low - SSP2","China+ (R10)","Capacity|Electricity|Wind|Onshore","GW",1,275.479193725586,,526.7474807128906,604.40403515625,566.907205078125,494.9123720703125,794.513125,1468.485301757813,,2169.09401953125,,1997.20601953125,,1601.315190429687,,1807.913719726562,,1830.53558984375
"IMAGE 3.4","Medium-to-Low - SSP2","Europe (R10)","Capacity|Electricity|Biomass","GW",1,98.24678466796874,,103.6484252929688,107.15680859375,103.3323627929688,100.0831133422852,85.64414093017578,68.68379742431641,,39.51518443679809,,81.32590464782716,,121.6926330070496,,226.1471136665344,,317.6142677834035
"IMAGE 3.4","Medium-to-Low - SSP2","Europe (R10)","Capacity|Electricity|Coal","GW",1,291.9377433166504,,313.5997109680176,198.4766049194336,159.0854716796875,136.7652131958008,119.8316042900085,113.8895271389485,,103.340243139267,,68.71217790699004,,29.76502018402516,,13.32188537603989,,11.33401462980267
"IMAGE 3.4","Medium-to-Low - SSP2","Europe (R10)","Capacity|Electricity|Fossil","GW",1,634.4076201477051,,699.2111913757324,459.7448939819336,270.9358267974853,199.770848007679,260.1452613892556,295.8420261170791,,358.4197104467526,,388.7145469713211,,373.2551375560612,,312.3362585736978,,298.0790234159447
"IMAGE 3.4","Medium-to-Low - SSP2","Europe (R10)","Capacity|Electricity|Gas","GW",1,255.3190269775391,,278.2723607177734,167.0171606445312,54.41463357543945,20.84098276138306,86.01906529909373,126.6789170001075,,195.7268506688252,,253.0845629043579,,245.9136792297364,,223.1494640595913,,199.1279650150005
"IMAGE 3.4","Medium-to-Low - SSP2","Europe (R10)","Capacity|Electricity|Geothermal","GW",1,0,,0,0,0,0,0,0,,0,,0,,0,,0,,0
"IMAGE 3.4","Medium-to-Low - SSP2","Europe (R10)","Capacity|Electricity|Hydro","GW",1,239.183525390625,,254.179958984375,283.3711875,412.16328515625,406.845171875,401.51459375,394.91476953125,,363.00809375,,318.90762890625,,318.3772421875,,332.6368203125,,322.07247265625
"IMAGE 3.4","Medium-to-Low - SSP2","Europe (R10)","Capacity|Electricity|Hydrogen","GW",1,0,,0,0,23.39264721870423,63.16382861328125,105.4648916015625,115.4662875976562,,122.0214482421875,,127.8761923828125,,95.41784008789062,,62.25378198242187,,67.27675927734376
"IMAGE 3.4","Medium-to-Low - SSP2","Europe (R10)","Capacity|Electricity|Nuclear","GW",1,116.037,,117.3236015625,118.9318984375,176.9595654296875,153.5867275390625,128.7159208984375,105.77307421875,,102.57003125,,103.401919921875,,104.759279296875,,87.367109375,,40.69843359375
"IMAGE 3.4","Medium-to-Low - SSP2","Europe (R10)","Capacity|Electricity|Oil","GW",1,87.15084985351562,,107.3391196899414,94.25112841796874,57.43572154235839,42.16465205049515,54.29459180015326,55.27358197802305,,59.35261663866044,,66.91780615997315,,97.57643814229965,,75.8649091380667,,87.61704377114148
"IMAGE 3.4","Medium-to-Low - SSP2","Europe (R10)","Capacity|Electricity|Other","GW",1,3.360221954345703,,3.450789571762085,3.712713506698609,4.481190856933594,5.541351175308227,6.230597831726074,6.49951495361328,,6.307442975997924,,7.155274410247802,,7.814497350692751,,7.651396688461304,,8.055481880187989
"IMAGE 3.4","Medium-to-Low - SSP2","Europe (R10)","Capacity|Electricity|Solar|CSP","GW",1,2.311823910154402,,2.311766048826277,2.212017025388777,1.294530941225588,0.276567977152764,0.0004562716446816922,0.0003687918968498706,,0.0001494991895160637,,7.391836843453348e-7,,7.391836843453348e-7,,7.391836843453348e-7,,7.391836843453348e-7
"IMAGE 3.4","Medium-to-Low - SSP2","Europe (R10)","Capacity|Electricity|Solar|PV","GW",1,156.6216728515625,,410.2721108398438,711.269478515625,1661.474126953125,1946.424333984375,2061.733224609375,2043.27625,,1827.326921875,,1875.04965625,,1917.026171875,,1887.12855859375,,1913.5782578125
"IMAGE 3.4","Medium-to-Low - SSP2","Europe (R10)","Capacity|Electricity|Wind|Offshore","GW",1,24.898849609375,,35.60905078125,39.71286940383911,176.153068359375,505.504783203125,651.3367109375,714.08512890625,,544.655009765625,,461.507513671875,,589.9962050781251,,656.2082578125,,461.075880859375
"IMAGE 3.4","Medium-to-Low - SSP2","Europe (R10)","Capacity|Electricity|Wind|Onshore","GW",1,190.2747412109375,,244.5955146484375,315.006916015625,483.737791015625,644.898171875,676.666265625,629.7681914062499,,411.20952734375,,578.297046875,,577.7988105468751,,419.70427734375,,544.355501953125
"IMAGE 3.4","Medium-to-Low - SSP2","India+ (R10)","Capacity|Electricity|Biomass","GW",1,30.56822264480591,,31.11497512435913,30.57128979492187,33.11884634399414,31.83638955688477,28.4264208984375,22.17828237915039,,30.34562549233436,,94.56483592224122,,211.2887958679199,,310.4304863739013,,402.1920548858643
"IMAGE 3.4","Medium-to-Low - SSP2","India+ (R10)","Capacity|Electricity|Coal","GW",1,295.4042236328125,,327.79740320158,472.8398240203858,641.5858348236085,753.4913599853516,818.4332902832032,850.5572787475586,,778.7421692504882,,608.539040002823,,396.8643911183849,,410.9159690359665,,401.9878271484375
"IMAGE 3.4","Medium-to-Low - SSP2","India+ (R10)","Capacity|Electricity|Fossil","GW",1,362.1431016845703,,398.6040600619316,552.3610820248127,719.6992403030396,865.0297521104814,1000.97231085296,1168.192337684858,,1337.506082333028,,1471.884342483998,,1691.946892338325,,1937.498242141757,,2012.832032469242
"IMAGE 3.4","Medium-to-Low - SSP2","India+ (R10)","Capacity|Electricity|Gas","GW",1,45.13969836425781,,46.78104064941406,52.41221043515205,61.46581598854064,105.8076715641022,177.5257302970886,309.6580366210938,,541.6555498046876,,828.4240188713073,,1193.163001678467,,1262.66271021086,,1196.908591457437
"IMAGE 3.4","Medium-to-Low - SSP2","India+ (R10)","Capacity|Electricity|Geothermal","GW",1,0,,0,0,0,0,0,0,,0,,0,,0,,0,,0
"IMAGE 3.4","Medium-to-Low - SSP2","India+ (R10)","Capacity|Electricity|Hydro","GW",1,67.74448828125,,88.6225625,166.018857421875,178.23334375,197.045671875,221.135328125,249.9725703125,,288.5613359375,,295.697296875,,318.8938046875,,358.5225,,359.2438125
"IMAGE 3.4","Medium-to-Low - SSP2","India+ (R10)","Capacity|Electricity|Hydrogen","GW",1,0,,0,0,0,0,0,0,,1.212704956054687,,8.46034521484375,,14.7266845703125,,22.82752880859375,,41.1982099609375
"IMAGE 3.4","Medium-to-Low - SSP2","India+ (R10)","Capacity|Electricity|Nuclear","GW",1,6.978,,11.3766650390625,19.682,48.6654501953125,56.907951171875,63.82766015625,104.9053828125,,205.7236640625,,373.101703125,,588.9411875000001,,876.2135937500001,,1153.00296875
"IMAGE 3.4","Medium-to-Low - SSP2","India+ (R10)","Capacity|Electricity|Oil","GW",1,21.5991796875,,24.0256162109375,27.1090475692749,16.6475894908905,5.730720561027526,5.013290272668004,7.977022316205781,,17.10836327785237,,34.92128360986801,,101.9194995414732,,263.91956289493,,413.9356138633676
"IMAGE 3.4","Medium-to-Low - SSP2","India+ (R10)","Capacity|Electricity|Other","GW",1,0,,0,0,0.179244003295898,3.366666137695313,19.65395483398438,26.26156494140625,,30.37792138671875,,29.5460390625,,30.655517578125,,30.774408203125,,30.7375380859375
"IMAGE 3.4","Medium-to-Low - SSP2","India+ (R10)","Capacity|Electricity|Solar|CSP","GW",1,0.3425,,0.3425,0.3425,0.268272705078125,0.116409103393554,0.005090889930725,0,,0.108314002990722,,0.108314002990722,,0.06892706298828101,,0,,0
"IMAGE 3.4","Medium-to-Low - SSP2","India+ (R10)","Capacity|Electricity|Solar|PV","GW",1,41.15171527099609,,159.4188276367188,487.9622109375,913.33480078125,1496.460293945313,2332.40619140625,3010.836890625,,3549.79753125,,4475.685078125,,5646.2298125,,5809.9633125,,5841.168625
"IMAGE 3.4","Medium-to-Low - SSP2","India+ (R10)","Capacity|Electricity|Wind|Offshore","GW",1,0,,0,5.612959777832032,9.407723022460937,14.327908203125,87.59191821289063,199.60450390625,,743.6007265625,,987.287515625,,845.0936875,,655.211703125,,967.1425
"IMAGE 3.4","Medium-to-Low - SSP2","India+ (R10)","Capacity|Electricity|Wind|Onshore","GW",1,39.97895080566406,,55.0145830078125,126.3161396484375,264.68092578125,396.467515625,492.236796875,580.81859375,,796.9171249999999,,997.267,,1042.1235,,1063.68490625,,1070.82878125
"IMAGE 3.4","Medium-to-Low - SSP2","Latin America (R10)","Capacity|Electricity|Biomass","GW",1,65.91470220184327,,72.19808095169068,73.91813250350953,110.0281480903625,185.5888664779663,234.8885881118774,228.6554766101837,,201.6688684378862,,186.8038083324432,,84.02334804821012,,52.91269842338561,,75.94679264307021
"IMAGE 3.4","Medium-to-Low - SSP2","Latin America (R10)","Capacity|Electricity|Coal","GW",1,24.07843193340302,,30.98289309597016,34.70824521446228,51.5003891658783,106.1238302745819,177.907465221405,220.4383343172968,,230.484995221602,,94.31447484680004,,74.32672884127422,,45.61038681475122,,28.51585063150862
"IMAGE 3.4","Medium-to-Low - SSP2","Latin America (R10)","Capacity|Electricity|Fossil","GW",1,231.0407227290869,,240.0048848522902,232.2699392632246,230.4071832436323,258.531912217915,300.9790526023917,349.3254574125415,,428.2723599509003,,377.0367766705817,,400.3013524675636,,387.122084128397,,335.002495423491
"IMAGE 3.4","Medium-to-Low - SSP2","Latin America (R10)","Capacity|Electricity|Gas","GW",1,105.5718028488159,,110.60672920084,108.3895517716408,110.9982110733986,104.2615437760353,88.81885400152206,107.6439834122658,,187.2790257212762,,271.4814792744809,,313.7908781089783,,325.5150578074064,,284.9526159984992
"IMAGE 3.4","Medium-to-Low - SSP2","Latin America (R10)","Capacity|Electricity|Geothermal","GW",1,0,,0,0,0,0,0,0,,0,,0,,0,,0,,0
"IMAGE 3.4","Medium-to-Low - SSP2","Latin America (R10)","Capacity|Electricity|Hydro","GW",1,265.6849975585938,,268.031326171875,267.1091396484375,282.6824287109375,287.2064365234375,306.704572265625,346.0513994140625,,446.4978403320312,,461.181087890625,,420.6230590820313,,456.213666015625,,596.0299375
"IMAGE 3.4","Medium-to-Low - SSP2","Latin America (R10)","Capacity|Electricity|Hydrogen","GW",1,0,,0,0,0.041922218322753,1.591659057617188,4.775165521621703,14.54723914718628,,21.83130505371094,,24.45477355957031,,25.36844140625,,17.63340410614014,,34.62553857421875
"IMAGE 3.4","Medium-to-Low - SSP2","Latin America (R10)","Capacity|Electricity|Nuclear","GW",1,5.079333339929581,,5.078500007033348,5.106454552412033,8.128522371709346,8.178969001129968,8.830119880036218,11.16111817105184,,26.73057202148438,,49.13275195312499,,56.22549267578125,,65.825462890625,,73.0183134765625
"IMAGE 3.4","Medium-to-Low - SSP2","Latin America (R10)","Capacity|Electricity|Oil","GW",1,101.390487946868,,98.41526255548,89.17214227712154,67.90858300435542,48.14653816729783,34.25273337946459,21.24313968297903,,10.5083390080221,,11.24082254930073,,12.18374551731104,,15.9966395062394,,21.53402879348321
"IMAGE 3.4","Medium-to-Low - SSP2","Latin America (R10)","Capacity|Electricity|Other","GW",1,1.928360012818128,,2.097736981201917,2.552738148499279,3.197778075810521,8.67231740345806,20.11311088338866,34.52541460958496,,61.80077314514295,,54.77290266194566,,58.93018527099491,,83.95747916148974,,103.884693958994
"IMAGE 3.4","Medium-to-Low - SSP2","Latin America (R10)","Capacity|Electricity|Solar|CSP","GW",1,0.017,,0.136156997680664,0.145324996948242,0.145324996948242,0.14077954673767,0.133052270889282,0.164360670000315,,0.308503297716379,,0.308503297716379,,0.234696128845214,,0.251010696411132,,0.239857498168945
"IMAGE 3.4","Medium-to-Low - SSP2","Latin America (R10)","Capacity|Electricity|Solar|PV","GW",1,23.38856116844714,,101.1728480987549,204.3538518066406,311.8336767578125,432.318009765625,657.523171875,883.2081796875,,1543.19676953125,,2530.9193203125,,3472.42284375,,4128.8002734375,,4493.20364453125
"IMAGE 3.4","Medium-to-Low - SSP2","Latin America (R10)","Capacity|Electricity|Wind|Offshore","GW",1,0,,0,0.018639690399169,0.296962062835693,13.3793233795166,59.78806498718262,103.616259765625,,187.2407099609375,,358.7080200195313,,455.053953125,,506.0816015624999,,501.03012109375
"IMAGE 3.4","Medium-to-Low - SSP2","Latin America (R10)","Capacity|Electricity|Wind|Onshore","GW",1,31.62358813476563,,49.61086962890624,55.81678442382812,87.0269306640625,134.1373466796875,159.893951171875,327.558921875,,513.2601259765624,,714.676876953125,,640.59854296875,,702.2036279296874,,872.122615234375
"IMAGE 3.4","Medium-to-Low - SSP2","Middle East (R10)","Capacity|Electricity|Biomass","GW",1,37.17555078125,,36.52164847005904,36.52164847005904,44.20312893880904,72.58935550130904,95.47965237630903,91.12266018880904,,72.35674576231092,,69.85707891082764,,71.03351927947998,,113.4523274459839,,142.4957879562378
"IMAGE 3.4","Medium-to-Low - SSP2","Middle East (R10)","Capacity|Electricity|Coal","GW",1,6.416864794056862,,6.345587638139725,5.416088663578034,2.427401895999909,0.197645853519439,0.0105189666152,0.101622918033506,,0.253446714504634,,0.253430694580078,,0.253430694580078,,0.13823529663086,,0.000001083684386685491
"IMAGE 3.4","Medium-to-Low - SSP2","Middle East (R10)","Capacity|Electricity|Fossil","GW",1,280.2529660284929,,280.770621373415,267.06392892313,278.1227421555519,287.3640692858696,260.5867849222421,297.7753748214054,,311.4824136029324,,324.0424857025147,,307.1612063865364,,295.8823398589103,,302.8658151774227
"IMAGE 3.4","Medium-to-Low - SSP2","Middle East (R10)","Capacity|Electricity|Gas","GW",1,170.0965020751953,,171.5081433105469,165.5822685546875,183.5870966796875,237.7657396240234,257.0327611083985,285.2384259033203,,297.93525,,310.159090637207,,293.1340608329773,,289.5600242110752,,295.1084303001513
"IMAGE 3.4","Medium-to-Low - SSP2","Middle East (R10)","Capacity|Electricity|Geothermal","GW",1,0,,0,0,0,0,0,0,,0,,0,,0,,0,,0
"IMAGE 3.4","Medium-to-Low - SSP2","Middle East (R10)","Capacity|Electricity|Hydro","GW",1,15.596919921875,,16.1328701171875,16.0656103515625,16.152080078125,18.4528203125,28.00930078125,37.91569921875,,46.1387890625,,48.17769140625,,46.51253125,,43.90973046875,,49.6915
"IMAGE 3.4","Medium-to-Low - SSP2","Middle East (R10)","Capacity|Electricity|Hydrogen","GW",1,0,,0,0,0,2.088800048828125,15.3912099609375,22.975279296875,,23.69626609802246,,23.52414244651795,,19.18609119424969,,11.5977803360921,,35.62507814560623
"IMAGE 3.4","Medium-to-Low - SSP2","Middle East (R10)","Capacity|Electricity|Nuclear","GW",1,2.26,,6.236,6.236,8.9636533203125,9.359576171875,9.86090625,9.9812646484375,,10.034599609375,,10.815169921875,,11.2676796875,,19.927470703125,,43.26478125
"IMAGE 3.4","Medium-to-Low - SSP2","Middle East (R10)","Capacity|Electricity|Oil","GW",1,103.7395991592407,,102.9168904247284,96.06557170486451,92.1082435798645,49.40068380832673,3.543504847228527,12.43532600005157,,13.29371688842773,,13.62996437072754,,13.77371485897899,,6.184080351204204,,7.757383793586988
"IMAGE 3.4","Medium-to-Low - SSP2","Middle East (R10)","Capacity|Electricity|Other","GW",1,0.005059999998658,,0.005197199877351,0.005909974634647001,0.006560434866696,0.007612826891243001,0.008893903322517,0.010150200422853,,0.012782100249081,,0.015487169791013,,0.018481419153511,,0.022279570158571,,0.025802919913083
"IMAGE 3.4","Medium-to-Low - SSP2","Middle East (R10)","Capacity|Electricity|Solar|CSP","GW",1,0.4497099914550781,,0.9435,0.9435001220703121,0.9132338256835931,0.7986165161132811,0.4629342041015621,0.1183570022583,,0.262138610839843,,0.304101196289062,,0.113455001831054,,0.4582190856933591,,1.007453979492188
"IMAGE 3.4","Medium-to-Low - SSP2","Middle East (R10)","Capacity|Electricity|Solar|PV","GW",1,7.662994873046875,,53.183611328125,249.2687421875,337.71059375,484.633796875,656.296765625,784.5726796875,,1042.389619140625,,1564.9144765625,,2429.642796875,,3374.0676015625,,3821.4686171875
"IMAGE 3.4","Medium-to-Low - SSP2","Middle East (R10)","Capacity|Electricity|Wind|Offshore","GW",1,0,,0,0,0.07487483215332001,1.617836059570313,10.4103701171875,17.668650390625,,23.150310546875,,13.22541015625,,8.6810419921875,,15.2875498046875,,21.246580078125
"IMAGE 3.4","Medium-to-Low - SSP2","Middle East (R10)","Capacity|Electricity|Wind|Onshore","GW",1,0.9336151123046871,,1.928410034179687,1.9499599609375,4.90051220703125,27.771470703125,104.211796875,160.7025,,308.5113125,,295.70590625,,297.1958125,,235.01859375,,257.217296875
"IMAGE 3.4","Medium-to-Low - SSP2","North America (R10)","Capacity|Electricity|Biomass","GW",1,147.6485255126953,,142.4369333496094,130.1824409790039,113.3425969085693,88.9117998046875,60.852039765805,46.47952988314628,,9.685245093107223,,5.296794344783528,,43.45132693207311,,189.5673699489538,,289.7534266227485
"IMAGE 3.4","Medium-to-Low - SSP2","North America (R10)","Capacity|Electricity|Coal","GW",1,326.56390625,,336.163072265625,343.9615216546059,252.0256930465698,108.5227878723145,26.56612108612061,8.547922282218934,,8.44550282025896,,10.07610836454574,,14.95923149770173,,13.65909270601068,,16.08164744691644
"IMAGE 3.4","Medium-to-Low - SSP2","North America (R10)","Capacity|Electricity|Fossil","GW",1,914.9890026550293,,942.2456892089845,996.3367083828449,967.1676308374405,889.2019655160905,884.1637192718982,833.4015865822621,,720.3919957739053,,663.3035454983815,,457.6421733750668,,282.7854477906683,,352.2085659952232
"IMAGE 3.4","Medium-to-Low - SSP2","North America (R10)","Capacity|Electricity|Gas","GW",1,495.9071298828125,,511.2424772949219,559.2613178710938,631.1575051269531,708.1316895599366,818.4715578613282,784.1836865234375,,695.0133244628906,,639.0590567626954,,423.4361099853515,,254.8969358756542,,319.4579339141846
"IMAGE 3.4","Medium-to-Low - SSP2","North America (R10)","Capacity|Electricity|Geothermal","GW",1,0,,0,0,0,0,0,0,,0,,0,,0,,0,,0
"IMAGE 3.4","Medium-to-Low - SSP2","North America (R10)","Capacity|Electricity|Hydro","GW",1,186.90959375,,203.159359375,200.91375,195.507734375,274.3333046875,295.205296875,290.7653984375,,271.9006015625,,270.9048203125,,280.3356328125,,322.59190625,,319.536296875
"IMAGE 3.4","Medium-to-Low - SSP2","North America (R10)","Capacity|Electricity|Hydrogen","GW",1,7.661000722691824e-10,,7.661000722691824e-10,7.661000722691824e-10,0.09100870132446201,5.893310180664063,26.03115112304688,36.41343310546876,,82.99870361328125,,105.6261674804688,,152.8250971679687,,175.4470231933594,,142.9323403320312
"IMAGE 3.4","Medium-to-Low - SSP2","North America (R10)","Capacity|Electricity|Nuclear","GW",1,107.3870234375,,109.6210234375,109.6210078125,87.548853515625,56.16620166015625,34.56565869140625,18.41470385742187,,11.54507653808594,,9.949442138671873,,7.722723144531251,,3.818768920898437,,6.905615295410157
"IMAGE 3.4","Medium-to-Low - SSP2","North America (R10)","Capacity|Electricity|Oil","GW",1,92.5179665222168,,94.8401396484375,93.11386885714532,83.98443266391754,72.54748808383943,39.12604032444953,40.66997777660564,,16.93316849075559,,14.16838037114038,,19.24683189201355,,14.22941920900345,,16.66898463412223
"IMAGE 3.4","Medium-to-Low - SSP2","North America (R10)","Capacity|Electricity|Other","GW",1,3.949082021474838,,4.306428689718246,3.874302011713386,4.94003615257144,12.14421531251073,15.61442752343417,21.90659393197298,,21.62875715482235,,12.90390899279714,,12.82221503809095,,16.57139899733663,,23.10001685553789
"IMAGE 3.4","Medium-to-Low - SSP2","North America (R10)","Capacity|Electricity|Solar|CSP","GW",1,1.747900024414063,,1.723031982421875,1.658364013671875,1.344612060546875,1.48,1.48,1.469036010742188,,1.171506958007813,,0.113907600402832,,4.231930142850615e-8,,4.231930142850615e-8,,4.231930142850615e-8
"IMAGE 3.4","Medium-to-Low - SSP2","North America (R10)","Capacity|Electricity|Solar|PV","GW",1,79.07219921875,,222.9280362548828,351.0510078125,472.85169140625,1039.20777734375,1515.10478515625,2042.91453125,,3787.853486328125,,4608.332441406251,,4351.54023046875,,2996.362203125,,2608.949875
"IMAGE 3.4","Medium-to-Low - SSP2","North America (R10)","Capacity|Electricity|Wind|Offshore","GW",1,0.02929999923706,,0.309416687011718,1,1.968116027832031,26.7858408203125,111.94141015625,150.44603125,,148.79465625,,84.0633203125,,137.5632265625,,203.4977578125,,238.47476171875
"IMAGE 3.4","Medium-to-Low - SSP2","North America (R10)","Capacity|Electricity|Wind|Onshore","GW",1,132.166203125,,202.983822265625,347.86964453125,350.5205546875,432.630015625,749.3470546875001,1013.9403828125,,968.857625,,754.9743984375,,867.4600859375,,1092.806421875,,1111.787328125
"IMAGE 3.4","Medium-to-Low - SSP2","Pacific OECD (R10)","Capacity|Electricity|Biomass","GW",1,11.06327471923828,,11.24120662434399,11.10345434427261,11.01311678791046,10.82341498184204,8.205318058013917,5.777761096954346,,12.74857699871067,,42.50191849088669,,61.14511859846115,,68.04115674543381,,70.19249961471559
"IMAGE 3.4","Medium-to-Low - SSP2","Pacific OECD (R10)","Capacity|Electricity|Coal","GW",1,85.3942900390625,,92.72999464541674,80.7199383635521,64.43290357255935,62.19922479438782,62.08433559894563,59.33063697338105,,51.44141725921632,,34.19124203014374,,26.02048352147639,,16.72674000005103,,5.636709189845245
"IMAGE 3.4","Medium-to-Low - SSP2","Pacific OECD (R10)","Capacity|Electricity|Fossil","GW",1,238.1794283009768,,258.866144188881,242.9420853507519,215.8105005085469,207.4995967335105,203.3238800813779,192.7303950603375,,169.7509545495858,,145.4178714510202,,137.3870667880439,,122.4124935918479,,84.45352661077392
"IMAGE 3.4","Medium-to-Low - SSP2","Pacific OECD (R10)","Capacity|Electricity|Gas","GW",1,98.32781958007813,,107.5542718832493,103.0464625644684,96.62123954916,94.06717109584808,91.82724940395356,87.30293638420105,,90.61444335520267,,97.31800623321533,,100.2612015590668,,94.39171976225231,,70.78093650208788
"IMAGE 3.4","Medium-to-Low - SSP2","Pacific OECD (R10)","Capacity|Electricity|Geothermal","GW",1,0,,0,0,0,0,0,0,,0,,0,,0,,0,,0
"IMAGE 3.4","Medium-to-Low - SSP2","Pacific OECD (R10)","Capacity|Electricity|Hydro","GW",1,60.89,,62.00704882812499,64.757720703125,67.75058984375,70.19112890625,69.3444296875,68.441888671875,,70.03853125,,63.154560546875,,64.911900390625,,66.216900390625,,70.9010703125
"IMAGE 3.4","Medium-to-Low - SSP2","Pacific OECD (R10)","Capacity|Electricity|Hydrogen","GW",1,0,,0,0,0.952090373881161,4.194366254806519,4.813913054466248,4.877138343811035,,6.767516967773438,,16.9103232421875,,19.07498388671875,,23.3982001953125,,37.4895703125
"IMAGE 3.4","Medium-to-Low - SSP2","Pacific OECD (R10)","Capacity|Electricity|Nuclear","GW",1,28.608419921875,,28.49816015625,27.94683984375,25.5269609375,19.130380859375,15.147,15.147,,27.61577364730835,,31.98448458480835,,32.77149435043335,,32.26996310043335,,36.46992403793335
"IMAGE 3.4","Medium-to-Low - SSP2","Pacific OECD (R10)","Capacity|Electricity|Oil","GW",1,54.45731868183613,,58.5818776602149,59.17568442273139,54.75635738682747,51.23320084327459,49.41229507847876,46.09682170275534,,27.69509393516688,,13.90862318766117,,11.10538170750067,,11.29403382954455,,8.035880918840805
"IMAGE 3.4","Medium-to-Low - SSP2","Pacific OECD (R10)","Capacity|Electricity|Other","GW",1,1.7390299243927,,1.793166704177856,3.750818776845933,14.19556850409508,22.93043719315529,24.07580943679809,24.23764093136787,,27.53802584075928,,28.24350341129303,,23.77517832970619,,24.24963815522194,,30.05441110944748
"IMAGE 3.4","Medium-to-Low - SSP2","Pacific OECD (R10)","Capacity|Electricity|Solar|CSP","GW",1,0.003,,0.003,0.003,0.003,0.003,0.003,0.003,,0.003,,0.003,,0.003,,0.003,,0.003
"IMAGE 3.4","Medium-to-Low - SSP2","Pacific OECD (R10)","Capacity|Electricity|Solar|PV","GW",1,92.06393896484376,,153.60748046875,231.880984375,258.9319453125,280.45160546875,290.4732158203125,292.8866181640625,,320.588390625,,384.494955078125,,502.9084140625,,713.2638857421875,,877.93887890625
"IMAGE 3.4","Medium-to-Low - SSP2","Pacific OECD (R10)","Capacity|Electricity|Wind|Offshore","GW",1,0.066,,0.350576293945312,113.1088984375,113.4706015625,115.8915615234375,121.4141298828125,106.5276826171875,,89.4019296875,,108.04119921875,,80.41842968750001,,43.66174902343749,,89.99628906250001
"IMAGE 3.4","Medium-to-Low - SSP2","Pacific OECD (R10)","Capacity|Electricity|Wind|Onshore","GW",1,15.01248046875,,25.00434521484375,29.2663125,29.8428740234375,41.2374052734375,57.43966455078125,70.2218388671875,,108.7326293945313,,138.135173828125,,151.3217255859375,,130.8587138671875,,134.6739897460938
"IMAGE 3.4","Medium-to-Low - SSP2","Reforming Economies (R10)","Capacity|Electricity|Biomass","GW",1,15.05335006713868,,18.5860299453733,29.29437799072266,39.88469036865234,41.83751608276367,41.64683679199219,41.32877493286133,,30.06822505950928,,17.16869229698187,,20.64988912200931,,35.62897631263729,,38.03385193431374
"IMAGE 3.4","Medium-to-Low - SSP2","Reforming Economies (R10)","Capacity|Electricity|Coal","GW",1,137.4824328804016,,138.8702802629471,133.9992075958252,167.0654643554687,186.1422216796875,189.56419140625,148.12818359375,,102.5571810836792,,55.39667752807215,,36.50860765783489,,25.88796556595643,,9.454534443354001
"IMAGE 3.4","Medium-to-Low - SSP2","Reforming Economies (R10)","Capacity|Electricity|Fossil","GW",1,622.4855222358703,,564.9876298799516,441.0645938949585,395.9471795959472,447.061708595276,461.3339760780334,463.1480976434946,,502.2242260224668,,483.2869472250819,,412.5421092891784,,387.4697552122142,,307.1072034753972
"IMAGE 3.4","Medium-to-Low - SSP2","Reforming Economies (R10)","Capacity|Electricity|Gas","GW",1,432.540040309906,,382.5281288833618,263.9498233413697,186.0769272994995,220.1989362792969,245.8014764099121,291.9364273986816,,390.498609161377,,424.9010570678711,,372.6938641319276,,356.9506546418965,,293.9658278355093
"IMAGE 3.4","Medium-to-Low - SSP2","Reforming Economies (R10)","Capacity|Electricity|Geothermal","GW",1,0,,0,0,0,0,0,0,,0,,0,,0,,0,,0
"IMAGE 3.4","Medium-to-Low - SSP2","Reforming Economies (R10)","Capacity|Electricity|Hydro","GW",1,63.34964282226562,,69.26114208984374,79.66092626953125,79.20650366210937,78.1731103515625,78.13812475585938,89.75037573242187,,87.89509130859375,,90.55514270019532,,95.0974786376953,,104.5724932861328,,102.5479036865234
"IMAGE 3.4","Medium-to-Low - SSP2","Reforming Economies (R10)","Capacity|Electricity|Hydrogen","GW",1,0,,0,0,0,0.002758965969085,0.040424979209899,0.225628498077392,,0.458507202148437,,2.157493194580078,,2.83598648071289,,2.927238933563233,,3.89533390045166
"IMAGE 3.4","Medium-to-Low - SSP2","Reforming Economies (R10)","Capacity|Electricity|Nuclear","GW",1,41.57,,43.935,46.49268824005127,45.10849642944336,37.81833297729492,29.02514010620117,24.53927096557617,,27.4663828125,,28.4504921875,,24.48530029296875,,34.99699609375,,33.94366455078125
"IMAGE 3.4","Medium-to-Low - SSP2","Reforming Economies (R10)","Capacity|Electricity|Oil","GW",1,52.46304904556275,,43.58922073364258,43.11556295776367,42.804787940979,40.72055063629151,25.96830826187134,23.08348665106297,,9.168435777410632,,2.98921262913855,,3.339637499415955,,4.631135004361335,,3.686841196533874
"IMAGE 3.4","Medium-to-Low - SSP2","Reforming Economies (R10)","Capacity|Electricity|Other","GW",1,0.09710001373291001,,0.102016502380371,0.10157209777832,0.101313003540039,0.148079273223876,0.198284912109374,0.448756492614746,,12.22655136871338,,26.574174118042,,24.38505623626709,,14.87859716796875,,41.41406172943115
"IMAGE 3.4","Medium-to-Low - SSP2","Reforming Economies (R10)","Capacity|Electricity|Solar|CSP","GW",1,0,,0,0,0,0,0,0,,0,,0,,0,,0,,0
"IMAGE 3.4","Medium-to-Low - SSP2","Reforming Economies (R10)","Capacity|Electricity|Solar|PV","GW",1,10.27538638305664,,12.82204467773438,37.40503076171875,68.66126965332032,129.2441112060547,211.9286357421876,377.6443830566406,,801.3881027832032,,1267.585392089844,,1666.48420678711,,1854.604270751953,,2293.952818359375
"IMAGE 3.4","Medium-to-Low - SSP2","Reforming Economies (R10)","Capacity|Electricity|Wind|Offshore","GW",1,0,,0,0,0,0.874486327171325,3.381391624450684,6.128239013671875,,19.07974267578125,,18.925046875,,13.28761791992187,,25.92097607421875,,39.90191259765625
"IMAGE 3.4","Medium-to-Low - SSP2","Reforming Economies (R10)","Capacity|Electricity|Wind|Onshore","GW",1,3.172475036621093,,6.223486938476563,13.26200830078125,18.07910131835937,32.86317822265625,58.31358642578125,84.37227294921874,,197.6723359375,,305.28735546875,,328.316259765625,,404.37138671875,,521.806640625
"IMAGE 3.4","Medium-to-Low - SSP2","Rest of Asia (R10)","Capacity|Electricity|Biomass","GW",1,24.01440223932266,,24.41183846473694,23.427790725708,34.72799338531494,39.4305365524292,48.74242719268798,46.06441268157959,,122.5766569843888,,235.376059764862,,394.5888243943155,,632.912019413948,,635.0945871744157
"IMAGE 3.4","Medium-to-Low - SSP2","Rest of Asia (R10)","Capacity|Electricity|Coal","GW",1,121.4436997276265,,138.5181994319558,143.3969554972649,173.8326276435852,214.1777225112915,261.2651347105503,292.476754041195,,298.4299951338768,,291.572269780159,,271.3753991256953,,164.8346342534546,,63.70213335557166
"IMAGE 3.4","Medium-to-Low - SSP2","Rest of Asia (R10)","Capacity|Electricity|Fossil","GW",1,227.2359557192908,,251.5885877478389,267.2532158214116,320.5942064064306,385.2388010888101,473.188260142833,549.0323177383804,,595.0314851213952,,592.7957304958725,,425.971789728038,,303.8135065468772,,254.3124233851111
"IMAGE 3.4","Medium-to-Low - SSP2","Rest of Asia (R10)","Capacity|Electricity|Gas","GW",1,75.2337847885174,,79.73103820648615,83.36485149335861,108.547450387001,145.9563317909241,196.6669460840225,239.8842396411897,,276.1480282917022,,278.9939552516937,,100.4724552781582,,27.4463098800811,,35.29846337710669
"IMAGE 3.4","Medium-to-Low - SSP2","Rest of Asia (R10)","Capacity|Electricity|Geothermal","GW",1,0,,0,0,0,0,0,0,,0,,0,,0,,0,,0
"IMAGE 3.4","Medium-to-Low - SSP2","Rest of Asia (R10)","Capacity|Electricity|Hydro","GW",1,51.28244287109375,,63.20358984375,97.0895234375,127.644958984375,152.41391796875,169.67252734375,185.46048828125,,212.1365078125,,212.5698671875,,244.928734375,,264.1241796875,,247.36475
"IMAGE 3.4","Medium-to-Low - SSP2","Rest of Asia (R10)","Capacity|Electricity|Hydrogen","GW",1,0,,0,0,0,0.5240164184570311,1.194338287353515,2.241753295898437,,8.69547381591797,,10.97066448974609,,12.96322857666016,,14.12801824951172,,23.21766015625
"IMAGE 3.4","Medium-to-Low - SSP2","Rest of Asia (R10)","Capacity|Electricity|Nuclear","GW",1,0,,0,0,0,0,0,0,,19.806048828125,,38.210669921875,,102.9362109375,,146.72661328125,,179.52241015625
"IMAGE 3.4","Medium-to-Low - SSP2","Rest of Asia (R10)","Capacity|Electricity|Oil","GW",1,30.55847120314691,,33.33935010939691,40.49140883078811,38.21412837584433,25.10474678659448,15.25617934826017,16.67132405599579,,20.45346169581633,,22.22950546401983,,54.12393532418459,,111.5325624133416,,155.3118266524328
"IMAGE 3.4","Medium-to-Low - SSP2","Rest of Asia (R10)","Capacity|Electricity|Other","GW",1,5.08860888671875,,6.1896689453125,8.440843170166016,12.53321915721893,23.28352258300781,41.04738671875,52.9050654296875,,64.2644365234375,,64.17313916015625,,79.18918847656249,,85.98479638671876,,90.49536035156251
"IMAGE 3.4","Medium-to-Low - SSP2","Rest of Asia (R10)","Capacity|Electricity|Solar|CSP","GW",1,0.005,,0.005,0.010843964099884,0.114044403076171,0.114044403076171,0.114044403076171,0.114044403076171,,0.03022351527214,,0.0001239664033055306,,0,,0,,0
"IMAGE 3.4","Medium-to-Low - SSP2","Rest of Asia (R10)","Capacity|Electricity|Solar|PV","GW",1,23.17644090270996,,36.90735797119141,178.26809765625,315.78594921875,503.71096484375,772.5251015625,1079.2871796875,,1202.614203125,,1329.911515625,,1351.7488125,,1282.37428125,,1270.5121328125
"IMAGE 3.4","Medium-to-Low - SSP2","Rest of Asia (R10)","Capacity|Electricity|Wind|Offshore","GW",1,0.09919999694824201,,1.1035,4.201520141601563,26.097619140625,60.343611328125,96.397943359375,175.3619921875,,582.1486875,,714.1039062499999,,1077.04771875,,1321.1078125,,1669.897125
"IMAGE 3.4","Medium-to-Low - SSP2","Rest of Asia (R10)","Capacity|Electricity|Wind|Onshore","GW",1,2.523655944824219,,12.43439599609375,17.6991689453125,40.824076171875,51.35212890625,54.1542734375,56.0315439453125,,59.3132763671875,,63.4738291015625,,67.8453583984375,,71.2241220703125,,72.41205029296876
"IMAGE 3.4","Medium-to-Low - SSP2","World","Capacity|Electricity|Biomass","GW",1,496.3713203125,,506.5176015625,512.0254062500001,562.4404474487304,645.7621510009766,676.1100994244218,627.1275797936917,,884.1123302001953,,1180.713595703125,,1649.106559082031,,2414.556051757812,,2721.507839355469
"IMAGE 3.4","Medium-to-Low - SSP2","World","Capacity|Electricity|Coal","GW",1,3240.038875,,3464.277,3722.050178955078,3880.398484375,3924.215984375,3904.358817468882,3645.879342729092,,2521.767835388184,,1673.587051635742,,1165.585253799439,,861.2568259797097,,655.0680573209598
"IMAGE 3.4","Medium-to-Low - SSP2","World","Capacity|Electricity|Fossil","GW",1,5759.79944140625,,6110.0983671875,6288.991374267578,6266.8646015625,6445.807796875,6790.064657347739,7020.287971509427,,6756.43019858551,,6622.944555786133,,6399.760903259277,,6036.077692661763,,5868.817612588972
"IMAGE 3.4","Medium-to-Low - SSP2","World","Capacity|Electricity|Gas","GW",1,1905.3703125,,1990.155,1858.91309375,1779.78409375,2069.9993125,2556.448466346741,3039.676043945312,,3937.440682617188,,4696.380477539063,,4832.12959375,,4543.627583496093,,4323.650859802246
"IMAGE 3.4","Medium-to-Low - SSP2","World","Capacity|Electricity|Geothermal","GW",1,0,,0,0,0,0,0,0,,0,,0,,0,,0,,0
"IMAGE 3.4","Medium-to-Low - SSP2","World","Capacity|Electricity|Hydro","GW",1,1360.236,,1592.134,1946.774,2189.326,2339.009,2468.439,2610.451,,2806.737,,2846.821,,2869.921,,2958.437,,3255.594
"IMAGE 3.4","Medium-to-Low - SSP2","World","Capacity|Electricity|Hydrogen","GW",1,7.661000722691824e-10,,7.661000722691824e-10,7.661000722691824e-10,28.279359375,90.906046875,178.563203125,230.5746960105896,,311.961649810791,,369.6212517585755,,394.4978629071899,,382.8602218170166,,510.9416135635376
"IMAGE 3.4","Medium-to-Low - SSP2","World","Capacity|Electricity|Nuclear","GW",1,380.3728125,,410.938,457.7408125,533.0418125,475.57709375,431.5131875,456.7048125,,616.257125,,826.1883125,,1087.927,,1388.847,,1740.011
"IMAGE 3.4","Medium-to-Low - SSP2","World","Capacity|Electricity|Oil","GW",1,614.39025390625,,655.6663671875,708.0281015625001,606.6820234375,451.5925,329.2573735321164,334.7325848350227,,297.2216805801392,,252.9770266113281,,402.0460557098389,,631.1932831859589,,890.0986954657659
"IMAGE 3.4","Medium-to-Low - SSP2","World","Capacity|Electricity|Other","GW",1,17.78151223754883,,19.67104154205322,26.811423828125,46.93398046875,87.6252890625,146.77977734375,202.350921875,,289.4588359375,,311.595703125,,333.9295,,394.23159375,,501.74959375
"IMAGE 3.4","Medium-to-Low - SSP2","World","Capacity|Electricity|Solar|CSP","GW",1,6.412133789062501,,7.120154785156251,8.714880859375,7.4610048828125,6.02967578125,4.843744140625,4.46757421875,,6.52651708984375,,17.91291015625,,72.3079921875,,111.6721015625,,116.3978984375
"IMAGE 3.4","Medium-to-Low - SSP2","World","Capacity|Electricity|Solar|PV","GW",1,717.23209375,,2253.993625,4462.936,7481.43,10916.441,14116.997,16894.033,,22136.697,,28643.611,,35707.175,,39462.165,,42763.601
"IMAGE 3.4","Medium-to-Low - SSP2","World","Capacity|Electricity|Wind|Offshore","GW",1,34.3473515625,,81.56239843750001,251.76540625,473.75390625,886.590375,1340.903,1834.06,,2952.542,,3540.059,,4003.15,,4139.962,,4860.997
"IMAGE 3.4","Medium-to-Low - SSP2","World","Capacity|Electricity|Wind|Onshore","GW",1,697.6786875,,1136.93,1544.221,1890.769,2336.453,3284.579,4647.496,,6081.896,,6765.284000000001,,6807.814,,7347.121,,8294.089
"IMAGE 3.4","Medium - SSP2 (Marker)","Africa (R10)","Capacity|Electricity|Biomass","GW",1,23.88451997566224,,23.14755606079101,26.07167438125611,28.42569870376587,28.82034454727173,26.99913052368164,24.25081617546082,,9.343746348321439,,3.241266174674384,,0.126726513624573,,0.292843959570312,,0.8843784382347111
"IMAGE 3.4","Medium - SSP2 (Marker)","Africa (R10)","Capacity|Electricity|Coal","GW",1,64.06371631315862,,67.7360563172996,68.21221168726683,85.2438209605217,138.2037491126061,211.4339827566147,302.6462430945486,,353.4402950744629,,376.179314994812,,336.4048172206879,,272.8873766593933,,277.2512994371168
"IMAGE 3.4","Medium - SSP2 (Marker)","Africa (R10)","Capacity|Electricity|Fossil","GW",1,198.5998990796399,,212.3709330456033,230.8878099965602,303.2124538010285,448.0590621095895,608.0677438391447,823.1976133651324,,1143.693806803601,,1506.163286644644,,1836.397388959369,,2144.348237457889,,2415.252886849968
"IMAGE 3.4","Medium - SSP2 (Marker)","Africa (R10)","Capacity|Electricity|Gas","GW",1,98.93593858337402,,105.6586193466187,112.6926217918396,167.8750867363811,285.1076831502914,384.0797694740295,507.7745279219151,,768.748792388916,,1080.642835121155,,1435.715741577148,,1791.431463638306,,2056.502603981018
"IMAGE 3.4","Medium - SSP2 (Marker)","Africa (R10)","Capacity|Electricity|Geothermal","GW",1,0,,0,0,0,0,0,0,,0,,0,,0,,0,,0
"IMAGE 3.4","Medium - SSP2 (Marker)","Africa (R10)","Capacity|Electricity|Hydro","GW",1,35.97921606445313,,40.47219531250001,47.29447021484375,76.35192187499999,99.80702685546875,124.132376953125,154.534435546875,,238.2342316894531,,306.5483618164062,,326.9147380371094,,338.5103005371094,,337.1389916992188
"IMAGE 3.4","Medium - SSP2 (Marker)","Africa (R10)","Capacity|Electricity|Hydrogen","GW",1,0,,0,0,2.311990544736385,8.855627634525298,13.15310301208496,17.74434785842896,,28.10756797790527,,34.118073802948,,32.70459919595719,,25.71514932823182,,22.56369246482849
"IMAGE 3.4","Medium - SSP2 (Marker)","Africa (R10)","Capacity|Electricity|Nuclear","GW",1,1.854,,1.854,6.654,7.32365087890625,8.977375,9.012681030273438,9.015113037109375,,9.006526977539064,,9.09631103515625,,9.2780419921875,,6.47655126953125,,2.303222351074219
"IMAGE 3.4","Medium - SSP2 (Marker)","Africa (R10)","Capacity|Electricity|Oil","GW",1,35.60024418310728,,38.97625738168508,49.98297651745379,50.09354610412567,24.74762984669209,12.55399160850048,12.77684234866872,,21.50471934022223,,49.34113652867707,,64.27683016153226,,80.0293971601895,,81.49898343183312
"IMAGE 3.4","Medium - SSP2 (Marker)","Africa (R10)","Capacity|Electricity|Other","GW",1,1.31386003112793,,1.40516746520996,3.123922882080078,5.152583455085755,9.096320001602173,16.34189060115814,27.08821666622162,,52.83213810420037,,72.63062352383137,,100.4515032389164,,127.7892758617401,,158.2547146627903
"IMAGE 3.4","Medium - SSP2 (Marker)","Africa (R10)","Capacity|Electricity|Solar|CSP","GW",1,1.085,,1.085,2.8291298828125,2.810948852539062,2.638220947265625,2.420039062500001,2.170572998046875,,0.8294259948730031,,3.541668121337847,,7.781420989990191,,11.17456515502925,,5.816935913085893
"IMAGE 3.4","Medium - SSP2 (Marker)","Africa (R10)","Capacity|Electricity|Solar|PV","GW",1,9.559069335937501,,18.93030215454101,64.60431378173828,142.0525040283203,257.2448348388672,403.9295603027344,683.3113828125,,1440.340677734375,,2537.361268554688,,4096.76992578125,,6158.74321875,,8921.6785703125
"IMAGE 3.4","Medium - SSP2 (Marker)","Africa (R10)","Capacity|Electricity|Wind|Offshore","GW",1,0,,0,2.295012786865234,2.746121566772461,5.204852188110351,8.642247207641603,19.56328144073487,,94.74248144531249,,189.1881508789062,,179.5982583007813,,145.782138671875,,185.0179482421875
"IMAGE 3.4","Medium - SSP2 (Marker)","Africa (R10)","Capacity|Electricity|Wind|Onshore","GW",1,6.51375308561325,,12.38654485702515,32.62992282104493,44.249751953125,80.20829333496094,128.6677497558594,201.4742700195313,,425.81709375,,706.83649609375,,986.64358203125,,1438.41575,,1961.3501953125
"IMAGE 3.4","Medium - SSP2 (Marker)","China+ (R10)","Capacity|Electricity|Biomass","GW",1,42.80202819824253,,43.21096765136753,43.74460925293002,44.26029956054721,45.51646090698276,48.71148425293002,77.50157739257845,,140.2836098632812,,161.5116364135742,,150.5433041057587,,96.94990069389343,,27.04320509529114
"IMAGE 3.4","Medium - SSP2 (Marker)","China+ (R10)","Capacity|Electricity|Coal","GW",1,1887.252979003906,,2011.533000244141,2240.337323608398,2283.25809564209,2218.37904246521,2074.921229867935,1813.387080040708,,1228.920352659725,,989.0720809423468,,839.591778422906,,629.1633695270788,,508.3441803934346
"IMAGE 3.4","Medium - SSP2 (Marker)","China+ (R10)","Capacity|Electricity|Fossil","GW",1,2050.464722991943,,2261.447594908715,2599.09783930397,2565.069163704872,2458.262246875644,2383.501257024631,2248.241173712763,,1898.776411250912,,1672.37241541585,,1500.531060602441,,1181.273249724604,,977.1221926367056
"IMAGE 3.4","Medium - SSP2 (Marker)","China+ (R10)","Capacity|Electricity|Gas","GW",1,128.2985404052734,,196.2718780517578,243.1997613830567,179.0555210256576,148.1736137484312,220.5752516971677,342.8287788865305,,570.8583037986756,,626.9471715202332,,614.3077606315612,,501.7512552337647,,423.9991020507812
"IMAGE 3.4","Medium - SSP2 (Marker)","China+ (R10)","Capacity|Electricity|Geothermal","GW",1,0,,0,0,0,0,0,0,,0,,0,,0,,0,,0
"IMAGE 3.4","Medium - SSP2 (Marker)","China+ (R10)","Capacity|Electricity|Hydro","GW",1,373.61550390625,,527.0640224609375,724.492115234375,753.6360468749999,754.58938671875,773.1550234375001,788.05361328125,,779.4751835937501,,757.70908203125,,697.8180039062499,,570.7984140625001,,541.32348828125
"IMAGE 3.4","Medium - SSP2 (Marker)","China+ (R10)","Capacity|Electricity|Hydrogen","GW",1,0,,0,0,1.489073974609375,4.584126855134964,6.968857908725738,12.94232812356949,,15.97335742044449,,16.33088769388199,,13.44956445240974,,15.64960888671875,,28.363330078125
"IMAGE 3.4","Medium - SSP2 (Marker)","China+ (R10)","Capacity|Electricity|Nuclear","GW",1,70.599,,87.015,117.0700078125,124.81753125,125.480453125,129.4722578125,138.3986796875,,146.56321484375,,131.791166015625,,95.97966015624999,,52.52594921875,,38.7972490234375
"IMAGE 3.4","Medium - SSP2 (Marker)","China+ (R10)","Capacity|Electricity|Oil","GW",1,34.91320358276367,,53.64271661281586,115.5607543125153,102.7555470371246,91.70959066200257,88.00477545952796,92.02531478552521,,98.99775479251147,,56.35316295326961,,46.63152154797332,,50.35862496376038,,44.77891019248963
"IMAGE 3.4","Medium - SSP2 (Marker)","China+ (R10)","Capacity|Electricity|Other","GW",1,0.300191000372171,,0.320866552740335,1.24859083405137,2.144557012945413,2.438920721441507,2.529769644170999,2.610220915228128,,2.53502751007676,,2.592979071050882,,2.57820305481553,,2.534584471136332,,2.530607191473246
"IMAGE 3.4","Medium - SSP2 (Marker)","China+ (R10)","Capacity|Electricity|Solar|CSP","GW",1,0.45020000000298,,0.57020000000298,0.57020000000298,0.5670363914519541,0.462036363668739,0.205000106841325,0.010909159690141,,6.58333301526426e-8,,6.58333301526426e-8,,6.58333301526426e-8,,6.58333301526426e-8,,6.58333301526426e-8
"IMAGE 3.4","Medium - SSP2 (Marker)","China+ (R10)","Capacity|Electricity|Solar|PV","GW",1,274.2601472167969,,1084.751272705078,1946.872227050781,2998.7635,4346.908896484375,5189.9954140625,5489.99815234375,,5911.355482421875,,6694.18543359375,,8657.35386328125,,9570.586453124999,,8993.122546875
"IMAGE 3.4","Medium - SSP2 (Marker)","China+ (R10)","Capacity|Electricity|Wind|Offshore","GW",1,9.254,,44.18986083984375,85.81723828125,143.54065234375,142.6620625,182.596390625,270.9573984375,,347.22275,,355.3588828125,,197.6404375,,192.7095,,333.0865078125
"IMAGE 3.4","Medium - SSP2 (Marker)","China+ (R10)","Capacity|Electricity|Wind|Onshore","GW",1,275.479193725586,,526.7474807128906,604.40397265625,566.907205078125,494.9375595703125,770.0236728515624,1274.881450195312,,1960.45851953125,,1917.062299804688,,1291.258099609375,,1643.202780273437,,1782.442599609375
"IMAGE 3.4","Medium - SSP2 (Marker)","Europe (R10)","Capacity|Electricity|Biomass","GW",1,98.24678466796874,,103.6484223632813,107.0729990234375,102.7516003417969,97.48530529785157,83.25853649902345,67.89928822755813,,41.26256328940391,,25.24801269125938,,191.9380174539089,,208.9632314094306,,281.2306000015402
"IMAGE 3.4","Medium - SSP2 (Marker)","Europe (R10)","Capacity|Electricity|Coal","GW",1,291.9377433166504,,313.5998213195801,198.4765987854004,159.39832421875,133.7479317626953,111.1746990680695,104.8795916497111,,93.43618999094609,,80.52081711032474,,73.29251315385989,,61.53234071142366,,57.54563179231486
"IMAGE 3.4","Medium - SSP2 (Marker)","Europe (R10)","Capacity|Electricity|Fossil","GW",1,634.4076201477051,,699.2113105163575,460.0583002929687,271.374454864502,195.6520127110481,181.8989685912729,233.5630062855669,,315.7552684406592,,389.1296484701881,,242.9298838699549,,228.0057886713236,,194.7212514212211
"IMAGE 3.4","Medium - SSP2 (Marker)","Europe (R10)","Capacity|Electricity|Gas","GW",1,255.3190269775391,,278.2723607177734,167.1665472412109,54.49162950134277,20.42064053726197,41.02073716127872,109.7173653858788,,201.961909095013,,284.1491356811524,,150.5289656448364,,146.3506683044434,,117.7813785095215
"IMAGE 3.4","Medium - SSP2 (Marker)","Europe (R10)","Capacity|Electricity|Geothermal","GW",1,0,,0,0,0,0,0,0,,0,,0,,0,,0,,0
"IMAGE 3.4","Medium - SSP2 (Marker)","Europe (R10)","Capacity|Electricity|Hydro","GW",1,239.183525390625,,254.180060546875,283.3799765625,412.07648046875,406.7840390625,401.228234375,395.2513203125,,362.5393359375,,329.01791796875,,335.33480078125,,316.73749609375,,311.64790234375
"IMAGE 3.4","Medium - SSP2 (Marker)","Europe (R10)","Capacity|Electricity|Hydrogen","GW",1,0,,0,0,24.43744772148132,65.13167272949218,86.02400585937501,110.3654086914062,,116.2321318359375,,121.6713720703125,,163.4296418457031,,132.1190834960937,,135.7957893066406
"IMAGE 3.4","Medium - SSP2 (Marker)","Europe (R10)","Capacity|Electricity|Nuclear","GW",1,116.037,,117.3236015625,118.9318984375,177.015408203125,153.71088671875,133.953501953125,136.5660419921875,,79.2250693359375,,70.4495302734375,,138.6343125,,128.4829111328125,,115.9158911132812
"IMAGE 3.4","Medium - SSP2 (Marker)","Europe (R10)","Capacity|Electricity|Oil","GW",1,87.15084985351562,,107.3391284790039,94.41515426635742,57.48450114440918,41.48344041109084,29.70353236192465,18.96604924997687,,20.35716935470002,,24.45969567871094,,19.10840507125855,,20.12277965545655,,19.39424111938476
"IMAGE 3.4","Medium - SSP2 (Marker)","Europe (R10)","Capacity|Electricity|Other","GW",1,3.360221954345703,,3.450789571762085,3.712979202270508,4.482815952301025,5.547487058639527,6.153602781295777,6.571307737350465,,6.388582330703736,,7.017314664840699,,7.783730699539185,,7.617277961730958,,7.94365392112732
"IMAGE 3.4","Medium - SSP2 (Marker)","Europe (R10)","Capacity|Electricity|Solar|CSP","GW",1,2.311823910154402,,2.311766048826277,2.212017025388777,1.294530941225588,0.276567977152764,0.0004562716446816922,0.0003687918968498706,,0.0001494991895160637,,7.391836843453348e-7,,7.391836843453348e-7,,7.391836843453348e-7,,7.391836843453348e-7
"IMAGE 3.4","Medium - SSP2 (Marker)","Europe (R10)","Capacity|Electricity|Solar|PV","GW",1,156.6216728515625,,410.27204296875,711.21040625,1661.647560546875,1947.40257421875,2069.983689453125,2041.985828125,,1839.2555234375,,2221.20646484375,,2199.681046875,,2082.54328125,,2131.86558203125
"IMAGE 3.4","Medium - SSP2 (Marker)","Europe (R10)","Capacity|Electricity|Wind|Offshore","GW",1,24.898849609375,,35.60905078125,39.71753763580323,178.9617548828125,529.410232421875,871.76403125,1096.163078125,,929.667537109375,,467.2832265625,,595.31757421875,,624.636921875,,453.15015234375
"IMAGE 3.4","Medium - SSP2 (Marker)","Europe (R10)","Capacity|Electricity|Wind|Onshore","GW",1,190.2747412109375,,244.5955146484375,315.043845703125,485.427587890625,648.6559921875,677.856515625,633.697728515625,,344.922501953125,,540.96596484375,,614.91970703125,,423.099392578125,,547.013408203125
"IMAGE 3.4","Medium - SSP2 (Marker)","India+ (R10)","Capacity|Electricity|Biomass","GW",1,30.56822264480591,,31.11497512435913,30.57090649414063,33.11757681274414,31.83531924438477,28.4253505859375,22.1720393371582,,9.5064326171875,,8.883702743530273,,26.1262227935791,,168.7391179351807,,471.5694497680664
"IMAGE 3.4","Medium - SSP2 (Marker)","India+ (R10)","Capacity|Electricity|Coal","GW",1,295.4042236328125,,327.79727820158,472.8370290985108,641.5794754180909,753.5228991699219,831.0109324951172,916.3727362060547,,1043.294010223389,,1051.144344970703,,1062.54892578125,,1165.828569091797,,1242.926900512695
"IMAGE 3.4","Medium - SSP2 (Marker)","India+ (R10)","Capacity|Electricity|Fossil","GW",1,362.1431016845703,,398.6039418978691,552.3582763607502,719.6958849315644,865.0652314825059,1014.619156434014,1225.72800511955,,1668.08638042301,,2129.381489313604,,2590.335826578539,,2855.098815023624,,2993.264462467932
"IMAGE 3.4","Medium - SSP2 (Marker)","India+ (R10)","Capacity|Electricity|Gas","GW",1,45.13969836425781,,46.78104943847656,52.41220555233956,61.46875801086426,105.8115126304626,178.6823206291199,302.1995896148682,,608.4014169006348,,1045.149903930664,,1463.623875488281,,1590.195138305664,,1606.404701171875
"IMAGE 3.4","Medium - SSP2 (Marker)","India+ (R10)","Capacity|Electricity|Geothermal","GW",1,0,,0,0,0,0,0,0,,0,,0,,0,,0,,0
"IMAGE 3.4","Medium - SSP2 (Marker)","India+ (R10)","Capacity|Electricity|Hydro","GW",1,67.74448828125,,88.62253906250001,166.018423828125,178.2327421875,197.04156640625,219.205421875,239.130046875,,269.0942890625,,283.4683984375,,296.507796875,,305.5898046875,,318.3488984375
"IMAGE 3.4","Medium - SSP2 (Marker)","India+ (R10)","Capacity|Electricity|Hydrogen","GW",1,0,,0,0,0,0,0,0,,0.7560449829101561,,5.603662109375001,,26.78877075195312,,44.470185546875,,67.79474218749999
"IMAGE 3.4","Medium - SSP2 (Marker)","India+ (R10)","Capacity|Electricity|Nuclear","GW",1,6.978,,11.3766650390625,19.682,48.663921875,56.90516015625001,62.50726171875,73.994208984375,,101.357609375,,154.4461796875,,214.2899765625,,238.135609375,,257.4896328125
"IMAGE 3.4","Medium - SSP2 (Marker)","India+ (R10)","Capacity|Electricity|Oil","GW",1,21.5991796875,,24.0256142578125,27.1090417098999,16.64765150260925,5.730819682121277,4.925903309777379,7.155679298627656,,16.39095329898579,,33.08724041223618,,64.1630253090082,,99.07510762616302,,143.9328607833626
"IMAGE 3.4","Medium - SSP2 (Marker)","India+ (R10)","Capacity|Electricity|Other","GW",1,0,,0,0,0.179896896362304,3.399481559753418,19.59402465820312,24.40708984375,,30.241927734375,,25.3326279296875,,30.0807265625,,31.0311201171875,,30.360724609375
"IMAGE 3.4","Medium - SSP2 (Marker)","India+ (R10)","Capacity|Electricity|Solar|CSP","GW",1,0.3425,,0.3425,0.3425,0.268272705078125,0.116409103393554,0.005090889930725,0,,0,,0,,0,,0,,0
"IMAGE 3.4","Medium - SSP2 (Marker)","India+ (R10)","Capacity|Electricity|Solar|PV","GW",1,41.15171527099609,,159.4186870117188,487.9595546875,913.319138671875,1496.465495117188,2330.98845703125,3025.873203125,,3571.6289921875,,4524.716625,,5748.35940625,,6039.1345,,5894.143375
"IMAGE 3.4","Medium - SSP2 (Marker)","India+ (R10)","Capacity|Electricity|Wind|Offshore","GW",1,0,,0,5.612960571289064,9.40817626953125,14.3437998046875,77.01329467773438,214.4116162109375,,493.966322265625,,635.12690625,,637.9110000000001,,632.35628125,,748.80771875
"IMAGE 3.4","Medium - SSP2 (Marker)","India+ (R10)","Capacity|Electricity|Wind|Onshore","GW",1,39.97895080566406,,55.0145830078125,126.314943359375,264.672546875,396.5000625,489.4966875,560.04590625,,815.6464062499999,,999.9501875000001,,1024.60603125,,1060.8888125,,1057.9068125
"IMAGE 3.4","Medium - SSP2 (Marker)","Latin America (R10)","Capacity|Electricity|Biomass","GW",1,65.91470220184327,,72.19808095169068,73.91828289413453,110.0281338920593,185.5252585296631,234.7141832885742,228.006750328064,,199.4326391661167,,181.5426654137896,,69.3906067818927,,12.8730433053302,,29.50688751554511
"IMAGE 3.4","Medium - SSP2 (Marker)","Latin America (R10)","Capacity|Electricity|Coal","GW",1,24.07843193340302,,30.98289895534515,34.7078547115326,51.50765088462829,106.1151901988983,187.2118229961396,263.154306294173,,332.6786403030084,,354.4246572026862,,289.3758874120712,,172.1299879430302,,110.888745513916
"IMAGE 3.4","Medium - SSP2 (Marker)","Latin America (R10)","Capacity|Electricity|Fossil","GW",1,231.0407227290869,,240.0049024304151,232.2701735161543,230.4352579506636,258.5474509752393,308.6683299256377,385.5955676882125,,510.1299548636565,,595.6018608586096,,597.8773757989698,,561.8247360993682,,513.1184565189175
"IMAGE 3.4","Medium - SSP2 (Marker)","Latin America (R10)","Capacity|Electricity|Gas","GW",1,105.5718028488159,,110.606731153965,108.3900769181252,111.0173287491799,104.2835626358986,87.27584395742417,102.280739407897,,168.5959473334146,,233.5445810122891,,299.9827862854004,,375.5818631935119,,388.0507314987182
"IMAGE 3.4","Medium - SSP2 (Marker)","Latin America (R10)","Capacity|Electricity|Geothermal","GW",1,0,,0,0,0,0,0,0,,0,,0,,0,,0,,0
"IMAGE 3.4","Medium - SSP2 (Marker)","Latin America (R10)","Capacity|Electricity|Hydro","GW",1,265.6849975585938,,268.031326171875,267.1093872070313,282.68553125,287.209560546875,305.394046875,330.3423662109375,,423.1892797851563,,450.5415986328125,,490.5583759765625,,528.9028188476562,,543.2073354492187
"IMAGE 3.4","Medium - SSP2 (Marker)","Latin America (R10)","Capacity|Electricity|Hydrogen","GW",1,0,,0,0,0.041825351715087,1.591286010742188,3.731656005859375,10.330983253479,,15.21642535400391,,17.79709790039063,,21.15863354492188,,26.2452158203125,,22.29186653137207
"IMAGE 3.4","Medium - SSP2 (Marker)","Latin America (R10)","Capacity|Electricity|Nuclear","GW",1,5.079333339929581,,5.078500007033348,5.106454552412033,8.129732576787472,8.180298835114343,8.219811042145592,8.060073981598718,,7.62333187866211,,7.671517395019531,,8.346014221191407,,9.387612243652343,,7.192217468261719
"IMAGE 3.4","Medium - SSP2 (Marker)","Latin America (R10)","Capacity|Electricity|Oil","GW",1,101.390487946868,,98.41527232110501,89.17224188649654,67.91027831685543,48.14869814044236,34.180662972074,20.16052198614244,,8.855367227233398,,7.632622643634415,,8.518702101498114,,14.11288496282624,,14.17897950628327
"IMAGE 3.4","Medium - SSP2 (Marker)","Latin America (R10)","Capacity|Electricity|Other","GW",1,1.928360012818128,,2.097736981201917,2.552740299988537,3.198215810712426,8.700963067609816,17.59875246581063,30.47543434294686,,56.43603324382008,,49.8293183696717,,55.14855843533947,,71.16681509142742,,79.09586602495983
"IMAGE 3.4","Medium - SSP2 (Marker)","Latin America (R10)","Capacity|Electricity|Solar|CSP","GW",1,0.017,,0.136156997680664,0.145324996948242,0.145324996948242,0.14077954673767,0.133052270889282,0.128324998766184,,0.128324998766184,,0.128324998766184,,0.128324998766184,,0.128324998766184,,0.128324998766184
"IMAGE 3.4","Medium - SSP2 (Marker)","Latin America (R10)","Capacity|Electricity|Solar|PV","GW",1,23.38856116844714,,101.1729740753174,204.3546193847656,311.8465947265625,432.345220703125,652.52953515625,887.9044804687501,,1556.1460078125,,2391.83201171875,,3236.8439609375,,3905.44383984375,,4297.75333203125
"IMAGE 3.4","Medium - SSP2 (Marker)","Latin America (R10)","Capacity|Electricity|Wind|Offshore","GW",1,0,,0,0.018645669937133,0.297105648040771,13.37896308898926,60.70595545196534,103.37437109375,,160.7028344726563,,223.1961181640625,,339.7615791015625,,421.39759375,,445.74575390625
"IMAGE 3.4","Medium - SSP2 (Marker)","Latin America (R10)","Capacity|Electricity|Wind|Onshore","GW",1,31.62358813476563,,49.61086767578125,55.81753100585937,87.0365263671875,134.1431455078125,155.53291796875,298.75844140625,,417.1431484375,,470.528701171875,,576.419681640625,,780.381453125,,788.438646484375
"IMAGE 3.4","Medium - SSP2 (Marker)","Middle East (R10)","Capacity|Electricity|Biomass","GW",1,37.17555078125,,36.52164847005904,36.52164847005904,43.42714847005904,69.43023050130904,88.17301956380904,80.99910550130905,,61.31924185606093,,58.60101953125,,27.6495,,3.654006103515625,,3.265199951171875
"IMAGE 3.4","Medium - SSP2 (Marker)","Middle East (R10)","Capacity|Electricity|Coal","GW",1,6.416864794056862,,6.345587638139725,5.416088663578034,2.427401895999909,0.197645853519439,0.0105189666152,4.657533272647765,,7.874706060683523,,8.6138017578125,,9.96501171875,,12.0099296875,,9.2769052734375
"IMAGE 3.4","Medium - SSP2 (Marker)","Middle East (R10)","Capacity|Electricity|Fossil","GW",1,280.2529660284929,,280.770621373415,267.06522579813,278.9540937180519,289.5681903796196,272.4620355325937,336.3469358107853,,398.1551187904569,,420.3618405761719,,486.9044436035156,,478.9139052734375,,462.7448427734375
"IMAGE 3.4","Medium - SSP2 (Marker)","Middle East (R10)","Capacity|Electricity|Gas","GW",1,170.0965020751953,,171.5081433105469,165.5832685546875,184.4170029296875,239.9693099365234,270.4600286865235,324.7740931396485,,378.6744224853516,,399.1413688964844,,462.4665822753906,,451.2955458984375,,442.7017978515625
"IMAGE 3.4","Medium - SSP2 (Marker)","Middle East (R10)","Capacity|Electricity|Geothermal","GW",1,0,,0,0,0,0,0,0,,0,,0,,0,,0,,0
"IMAGE 3.4","Medium - SSP2 (Marker)","Middle East (R10)","Capacity|Electricity|Hydro","GW",1,15.596919921875,,16.1328701171875,16.0656103515625,16.2182099609375,18.743779296875,28.55525,36.007171875,,42.498890625,,41.86469140625,,39.96808984375,,38.19471875,,37.39326171875
"IMAGE 3.4","Medium - SSP2 (Marker)","Middle East (R10)","Capacity|Electricity|Hydrogen","GW",1,0,,0,0,0,2.125033935546875,13.5903701171875,17.627140625,,19.628380859375,,19.9692109375,,15.51133984375,,2.94727490234375,,1.63848095703125
"IMAGE 3.4","Medium - SSP2 (Marker)","Middle East (R10)","Capacity|Electricity|Nuclear","GW",1,2.26,,6.236,6.236,9.1190068359375,9.622365234375,10.0469501953125,10.0469501953125,,10.0469501953125,,9.797404296875,,6.75776904296875,,2.9364599609375,,0.385986114501953
"IMAGE 3.4","Medium - SSP2 (Marker)","Middle East (R10)","Capacity|Electricity|Oil","GW",1,103.7395991592407,,102.9168904247284,96.0658685798645,92.1096888923645,49.40123458957672,1.99148787945509,6.915309398489073,,11.60599024442174,,12.606669921875,,14.472849609375,,15.6084296875,,10.7661396484375
"IMAGE 3.4","Medium - SSP2 (Marker)","Middle East (R10)","Capacity|Electricity|Other","GW",1,0.005059999998658,,0.005197199877351,0.005909938395023,0.006560368109494,0.007612497873604001,0.008908449716866001,0.010278110083192,,0.013106346786022,,0.01560872035101,,0.018068829126656,,0.02014481979236,,0.021755119856446
"IMAGE 3.4","Medium - SSP2 (Marker)","Middle East (R10)","Capacity|Electricity|Solar|CSP","GW",1,0.4497099914550781,,0.9435,0.9435001220703121,0.9132338256835931,0.7986165161132811,0.4629342041015621,0.1183570022583,,0.374020812988281,,0.752272705078125,,0.5658850708007811,,0.03438655090332,,1.907348996610381e-8
"IMAGE 3.4","Medium - SSP2 (Marker)","Middle East (R10)","Capacity|Electricity|Solar|PV","GW",1,7.662994873046875,,53.183611328125,249.266203125,337.767796875,484.5857109375,656.2810390625,786.69203125,,1051.4508984375,,1552.54240625,,2207.0005,,2609.84959375,,2874.57844921875
"IMAGE 3.4","Medium - SSP2 (Marker)","Middle East (R10)","Capacity|Electricity|Wind|Offshore","GW",1,0,,0,0,0.078650100708007,1.861822021484375,10.5458896484375,14.9558701171875,,14.823330078125,,5.39546484375,,6.2091337890625,,22.909259765625,,22.187240234375
"IMAGE 3.4","Medium - SSP2 (Marker)","Middle East (R10)","Capacity|Electricity|Wind|Onshore","GW",1,0.9336151123046871,,1.928410034179687,1.9499599609375,5.03548681640625,28.286029296875,100.522703125,146.335703125,,227.423703125,,151.6075,,108.986796875,,204.94140625,,226.999203125
"IMAGE 3.4","Medium - SSP2 (Marker)","North America (R10)","Capacity|Electricity|Biomass","GW",1,147.6485255126953,,142.4369333496094,130.1824116821289,113.3425488128662,88.91175170898438,60.85569565534592,46.50757467460632,,9.71328988456726,,0.8220179082162211,,0.07802216732571801,,3.254702980041737,,3.368776313781971
"IMAGE 3.4","Medium - SSP2 (Marker)","North America (R10)","Capacity|Electricity|Coal","GW",1,326.56390625,,336.163072265625,343.9572345571518,248.2118600463867,86.86064323425293,5.584624928414821,0.169113016093149,,0.0004374639824964105,,1.536793177668005,,1.560120440546423,,1.543168865267187,,1.365640289261005
"IMAGE 3.4","Medium - SSP2 (Marker)","North America (R10)","Capacity|Electricity|Fossil","GW",1,914.9890026550293,,942.2456892089845,996.1707050780058,966.9148015160562,892.9202225060463,840.1244096841813,758.5604969286071,,792.2426267491023,,720.6252449721599,,495.999453570778,,394.6273830872165,,525.965712433402
"IMAGE 3.4","Medium - SSP2 (Marker)","North America (R10)","Capacity|Electricity|Gas","GW",1,495.9071298828125,,511.2424772949219,559.0995932617187,634.722732421875,742.2857640228272,815.7146897602081,742.314078759864,,789.7324242400781,,718.8987887730646,,494.392428421502,,393.0827236485529,,524.6000149693537
"IMAGE 3.4","Medium - SSP2 (Marker)","North America (R10)","Capacity|Electricity|Geothermal","GW",1,0,,0,0,0,0,0,0,,0,,0,,0,,0,,0
"IMAGE 3.4","Medium - SSP2 (Marker)","North America (R10)","Capacity|Electricity|Hydro","GW",1,186.90959375,,203.159359375,200.91375,195.812390625,279.4193046875,303.9565078125,300.985296875,,282.0913984375,,261.0796171875,,266.238015625,,289.3808046875,,303.21540625
"IMAGE 3.4","Medium - SSP2 (Marker)","North America (R10)","Capacity|Electricity|Hydrogen","GW",1,7.661000722691824e-10,,7.661000722691824e-10,7.661000722691824e-10,0.072347652435302,7.126934875488281,25.66595849609375,38.652619140625,,50.707568359375,,61.540240234375,,105.8776171875,,108.1461025390625,,114.2235927734375
"IMAGE 3.4","Medium - SSP2 (Marker)","North America (R10)","Capacity|Electricity|Nuclear","GW",1,107.3870234375,,109.6210234375,109.6210078125,87.54884375,56.16620068359374,35.306265625,20.28182885742187,,14.39974755859375,,12.80411328125,,10.82487109375,,6.776836059570313,,4.979072513610125
"IMAGE 3.4","Medium - SSP2 (Marker)","North America (R10)","Capacity|Electricity|Oil","GW",1,92.5179665222168,,94.8401396484375,93.11387725913525,83.98020904779435,63.77381524896622,18.82509499555827,16.07730515264999,,2.509765045041757,,0.189663021427219,,0.046904708729591,,0.00149057339644,,0.00005717478739097715
"IMAGE 3.4","Medium - SSP2 (Marker)","North America (R10)","Capacity|Electricity|Other","GW",1,3.949082021474838,,4.306428689718246,3.87430425094068,4.941984127730131,12.16554288980365,15.74311695203185,24.99493601712584,,26.34937703019381,,16.22814492103458,,13.32204551684856,,23.74696806821227,,23.64699769032002
"IMAGE 3.4","Medium - SSP2 (Marker)","North America (R10)","Capacity|Electricity|Solar|CSP","GW",1,1.747900024414063,,1.723031982421875,1.658364013671875,1.344612060546875,1.48,1.48,1.469036010742188,,1.173517944335938,,0.11390769958496,,3.147124880342744e-8,,3.147124880342744e-8,,3.147124880342744e-8
"IMAGE 3.4","Medium - SSP2 (Marker)","North America (R10)","Capacity|Electricity|Solar|PV","GW",1,79.07219921875,,222.9280245361328,351.2124365234375,473.11133984375,1040.09260546875,1506.474390625,2019.7739375,,2924.50914453125,,3281.719046875,,3489.00991796875,,3304.47003125,,2525.60435546875
"IMAGE 3.4","Medium - SSP2 (Marker)","North America (R10)","Capacity|Electricity|Wind|Offshore","GW",1,0.02929999923706,,0.309416687011718,1,1.968107788085937,26.440560546875,108.141458984375,146.96129296875,,155.37055859375,,64.463607421875,,131.00603125,,190.0518671875,,190.945234375
"IMAGE 3.4","Medium - SSP2 (Marker)","North America (R10)","Capacity|Electricity|Wind|Onshore","GW",1,132.166203125,,202.983822265625,347.875322265625,350.5197734375,431.441578125,713.690578125,1010.200421875,,1051.9077734375,,670.1537617187499,,782.49071875,,1022.9486875,,945.5278359375
"IMAGE 3.4","Medium - SSP2 (Marker)","Pacific OECD (R10)","Capacity|Electricity|Biomass","GW",1,11.06327471923828,,11.24120662434399,11.10345431041717,11.04382896518707,10.83959683990479,8.218430580139161,5.789893722534179,,11.47576451683049,,30.75035296102618,,30.80957729955767,,32.53785308309649,,23.7679503121004
"IMAGE 3.4","Medium - SSP2 (Marker)","Pacific OECD (R10)","Capacity|Electricity|Coal","GW",1,85.3942900390625,,92.72999464541674,80.71994814324378,64.42266394662857,62.05010465908051,63.68197142791749,66.87899805259704,,68.43098876583576,,56.17402304077149,,48.60087116241455,,33.52005649566651,,22.42950759124756
"IMAGE 3.4","Medium - SSP2 (Marker)","Pacific OECD (R10)","Capacity|Electricity|Fossil","GW",1,238.1794283009768,,258.866144188881,242.9420951504708,215.6077699193955,206.8067573792339,204.7882612740323,201.4261909646749,,188.6144293962768,,171.7300400493789,,164.2167921409655,,154.7271237350227,,128.4567316837657
"IMAGE 3.4","Medium - SSP2 (Marker)","Pacific OECD (R10)","Capacity|Electricity|Gas","GW",1,98.32781958007813,,107.5542718832493,103.0464625794888,96.55166238689422,94.40010236310958,92.64765392875671,89.47203500366211,,94.31597159337997,,103.5766565980911,,107.3586657028198,,113.0656368255615,,99.7466109085083
"IMAGE 3.4","Medium - SSP2 (Marker)","Pacific OECD (R10)","Capacity|Electricity|Geothermal","GW",1,0,,0,0,0,0,0,0,,0,,0,,0,,0,,0
"IMAGE 3.4","Medium - SSP2 (Marker)","Pacific OECD (R10)","Capacity|Electricity|Hydro","GW",1,60.89,,62.00704882812499,64.75773046875,67.83783984375,70.495861328125,69.5372890625,68.08040820312499,,67.787658203125,,61.935029296875,,56.246619140625,,64.487880859375,,67.983650390625
"IMAGE 3.4","Medium - SSP2 (Marker)","Pacific OECD (R10)","Capacity|Electricity|Hydrogen","GW",1,0,,0,0,0.9406280240938061,4.120532303810119,4.753953286170959,4.828060165405274,,5.573095764160157,,12.98584912109375,,14.82875634765625,,19.307072265625,,18.71594287109375
"IMAGE 3.4","Medium - SSP2 (Marker)","Pacific OECD (R10)","Capacity|Electricity|Nuclear","GW",1,28.608419921875,,28.49816015625,27.94683984375,25.573150390625,19.476939453125,15.147,15.147,,27.374109375,,30.812080078125,,31.10291015625,,30.5200703125,,27.98426953125
"IMAGE 3.4","Medium - SSP2 (Marker)","Pacific OECD (R10)","Capacity|Electricity|Oil","GW",1,54.45731868183613,,58.5818776602149,59.1756844277382,54.63344358587265,50.35655035704374,48.4586359173581,45.07515790841571,,25.86746903706102,,11.97936041051627,,8.257255275731094,,8.141430413794648,,6.280613184009797
"IMAGE 3.4","Medium - SSP2 (Marker)","Pacific OECD (R10)","Capacity|Electricity|Other","GW",1,1.7390299243927,,1.793166704177856,3.750814748525619,14.25825386786461,22.95624737381935,23.85228825759888,23.9146269543171,,27.75583620452881,,28.73108586883545,,25.56769340634346,,27.77179257416726,,30.318907143116
"IMAGE 3.4","Medium - SSP2 (Marker)","Pacific OECD (R10)","Capacity|Electricity|Solar|CSP","GW",1,0.003,,0.003,0.003,0.003,0.003,0.003,0.003,,0.003,,0.003,,0.003,,0.003,,0.003
"IMAGE 3.4","Medium - SSP2 (Marker)","Pacific OECD (R10)","Capacity|Electricity|Solar|PV","GW",1,92.06393896484376,,153.60748046875,231.88096484375,258.93589453125,280.684962890625,283.331556640625,275.461197265625,,330.96595703125,,393.85893359375,,487.010794921875,,639.924658203125,,821.1920351562501
"IMAGE 3.4","Medium - SSP2 (Marker)","Pacific OECD (R10)","Capacity|Electricity|Wind|Offshore","GW",1,0.066,,0.350576293945312,113.109,113.480203125,116.0032291259766,121.1826748046875,103.319779296875,,79.03391015625,,115.4836484375,,110.34265234375,,73.59476953125,,107.1277109375
"IMAGE 3.4","Medium - SSP2 (Marker)","Pacific OECD (R10)","Capacity|Electricity|Wind|Onshore","GW",1,15.01248046875,,25.00434521484375,29.2663125,29.8428740234375,41.2511640625,55.6998271484375,63.75694677734375,,86.67488867187501,,102.6671801757813,,122.4436479492187,,136.4304096679687,,127.3979213867187
"IMAGE 3.4","Medium - SSP2 (Marker)","Reforming Economies (R10)","Capacity|Electricity|Biomass","GW",1,15.05335006713868,,18.58602625274635,29.29513165283203,39.89824322509766,41.91045626831055,41.71977697753906,41.3844250793457,,30.04929524993896,,13.10375528526312,,0.308966304779067,,0.246328781604548,,0.246328781604548
"IMAGE 3.4","Medium - SSP2 (Marker)","Reforming Economies (R10)","Capacity|Electricity|Coal","GW",1,137.4824328804016,,138.8702704973221,133.9989728088379,167.0382109375,186.0774643554687,190.1967104492188,155.8199448242187,,123.8964268188477,,82.22522192382812,,62.42507490968704,,43.137138961792,,19.45544995880127
"IMAGE 3.4","Medium - SSP2 (Marker)","Reforming Economies (R10)","Capacity|Electricity|Fossil","GW",1,622.4855222358703,,564.987604092598,441.0631269531249,395.8827870864868,446.9226794815063,463.3136690521241,492.9210543034077,,557.8394733897044,,566.938158640316,,531.8884232808489,,485.3381764503853,,393.3200093978631
"IMAGE 3.4","Medium - SSP2 (Marker)","Reforming Economies (R10)","Capacity|Electricity|Gas","GW",1,432.540040309906,,382.5281171646118,263.9487607421875,186.0401786346436,220.1250104827881,247.1605242004395,314.0414602203369,,424.8463499990106,,482.6201640333086,,467.4253928222656,,440.2097077636719,,372.5450557861328
"IMAGE 3.4","Medium - SSP2 (Marker)","Reforming Economies (R10)","Capacity|Electricity|Geothermal","GW",1,0,,0,0,0,0,0,0,,0,,0,,0,,0,,0
"IMAGE 3.4","Medium - SSP2 (Marker)","Reforming Economies (R10)","Capacity|Electricity|Hydro","GW",1,63.34964282226562,,69.26114208984374,79.66073388671875,79.20592993164063,78.17042626953125,77.71486376953125,81.80878442382813,,84.01218725585937,,80.39169775390624,,85.54565869140625,,89.70140185546875,,86.03358361816406
"IMAGE 3.4","Medium - SSP2 (Marker)","Reforming Economies (R10)","Capacity|Electricity|Hydrogen","GW",1,0,,0,0,0,0.002753215074539,0.035083259582519,0.321244152069091,,0.572822090148925,,0.6536755142211911,,0.650342636108398,,0.3806256828308101,,0.260192398071289
"IMAGE 3.4","Medium - SSP2 (Marker)","Reforming Economies (R10)","Capacity|Electricity|Nuclear","GW",1,41.57,,43.935,46.49268824005127,45.10907739257812,37.81924127197266,28.71638705444336,22.61368295288086,,20.02782745361328,,16.46263269042969,,12.91161596679687,,7.813736389160156,,5.327546793937683
"IMAGE 3.4","Medium - SSP2 (Marker)","Reforming Economies (R10)","Capacity|Electricity|Oil","GW",1,52.46304904556275,,43.58921643066407,43.11539340209961,42.80439751434326,40.72020464324951,25.95643440246582,23.05964925885201,,9.09669657184626,,2.092772683179296,,2.037955548896163,,1.991329724921554,,1.319503652929037
"IMAGE 3.4","Medium - SSP2 (Marker)","Reforming Economies (R10)","Capacity|Electricity|Other","GW",1,0.09710001373291001,,0.102016502380371,0.10157209777832,0.101313003540039,0.148079257965087,0.198406829833984,0.213748001098632,,0.248377296447753,,3.310124069213866,,3.345815895080565,,3.677556350708008,,13.06491062164307
"IMAGE 3.4","Medium - SSP2 (Marker)","Reforming Economies (R10)","Capacity|Electricity|Solar|CSP","GW",1,0,,0,0,0,0,0,0,,0,,0,,0,,0,,0
"IMAGE 3.4","Medium - SSP2 (Marker)","Reforming Economies (R10)","Capacity|Electricity|Solar|PV","GW",1,10.27538638305664,,12.82204467773438,37.40436279296874,68.65662756347656,129.2369041748047,209.7137839355469,330.9541083984375,,749.6276396484375,,1305.922213378906,,1706.770982666016,,2010.718552734375,,2289.205353515625
"IMAGE 3.4","Medium - SSP2 (Marker)","Reforming Economies (R10)","Capacity|Electricity|Wind|Offshore","GW",1,0,,0,0,0,0.8763004074096681,3.331094657897949,5.020151000976563,,8.05434912109375,,7.763734130859374,,6.458083984375,,11.00484228515625,,17.77272436523437
"IMAGE 3.4","Medium - SSP2 (Marker)","Reforming Economies (R10)","Capacity|Electricity|Wind|Onshore","GW",1,3.172475036621093,,6.223486938476563,13.26168701171875,18.07883081054688,32.84153076171875,58.00002294921875,79.45898754882812,,137.2432041015625,,158.067240234375,,123.2066640625,,114.269193359375,,264.3041953125
"IMAGE 3.4","Medium - SSP2 (Marker)","Rest of Asia (R10)","Capacity|Electricity|Biomass","GW",1,24.01440223932266,,24.41183794498443,23.4116555557251,33.36368796157837,33.72944926071167,48.32326587295533,59.88842224502564,,55.76778813552857,,115.4107359848022,,205.7353005757332,,466.385374294281,,793.986140083313
"IMAGE 3.4","Medium - SSP2 (Marker)","Rest of Asia (R10)","Capacity|Electricity|Coal","GW",1,121.4436997276265,,138.5181992720664,143.4015701494217,173.8377542991638,212.1366293869018,234.9620778827667,253.8199193108082,,316.9175507670473,,328.3278793984199,,343.2441865240903,,309.150282445848,,316.4100938301087
"IMAGE 3.4","Medium - SSP2 (Marker)","Rest of Asia (R10)","Capacity|Electricity|Fossil","GW",1,227.2359557192908,,251.5885875879494,267.2685987915361,321.6682693661016,388.431013648987,470.9088071043194,552.1064968313315,,684.8942654813671,,710.8246640949544,,713.7967289564164,,611.7482326314152,,582.2936143522263
"IMAGE 3.4","Medium - SSP2 (Marker)","Rest of Asia (R10)","Capacity|Electricity|Gas","GW",1,75.2337847885174,,79.73103820648615,83.37251195028423,109.5464331569672,151.0947763671875,220.6510323104858,276.9881380195618,,338.5910105819702,,351.9397725753784,,334.7984303741455,,263.6394106140137,,229.2563503723144
"IMAGE 3.4","Medium - SSP2 (Marker)","Rest of Asia (R10)","Capacity|Electricity|Geothermal","GW",1,0,,0,0,0,0,0,0,,0,,0,,0,,0,,0
"IMAGE 3.4","Medium - SSP2 (Marker)","Rest of Asia (R10)","Capacity|Electricity|Hydro","GW",1,51.28244287109375,,63.20358984375,97.091962890625,127.65112890625,152.68283203125,173.3877734375,185.575171875,,216.7927890625,,223.71828125,,230.421453125,,239.8875390625,,267.59315625
"IMAGE 3.4","Medium - SSP2 (Marker)","Rest of Asia (R10)","Capacity|Electricity|Hydrogen","GW",1,0,,0,0,0,0.524056823730468,0.990888610839843,5.482162841796875,,11.16615283203125,,12.33359765625,,12.86052685546875,,11.89975537109375,,11.79254683303833
"IMAGE 3.4","Medium - SSP2 (Marker)","Rest of Asia (R10)","Capacity|Electricity|Nuclear","GW",1,0,,0,0,0,0,0,0,,28.6690927734375,,43.70750952148438,,69.92563867187499,,111.779107421875,,129.202888671875
"IMAGE 3.4","Medium - SSP2 (Marker)","Rest of Asia (R10)","Capacity|Electricity|Oil","GW",1,30.55847120314691,,33.33935010939691,40.49451669183013,38.28408190997062,25.19960789489755,15.29569691106686,21.29843950096154,,29.3857041323495,,30.55701212115595,,35.75411205818059,,38.95853957155356,,36.62717014980325
"IMAGE 3.4","Medium - SSP2 (Marker)","Rest of Asia (R10)","Capacity|Electricity|Other","GW",1,5.08860888671875,,6.1896689453125,8.441925300598145,12.62996206378937,24.52786578369141,43.57478588867188,53.96421533203125,,65.137869140625,,71.67879052734375,,80.81231298828125,,84.2811083984375,,88.81663818359374
"IMAGE 3.4","Medium - SSP2 (Marker)","Rest of Asia (R10)","Capacity|Electricity|Solar|CSP","GW",1,0.005,,0.005,0.01094537782669,0.11704280090332,0.11704280090332,0.11704280090332,0.11704280090332,,0.030995196104049,,0.0001239783242353952,,1.192092986457283e-8,,1.192092986457283e-8,,1.192092986457283e-8
"IMAGE 3.4","Medium - SSP2 (Marker)","Rest of Asia (R10)","Capacity|Electricity|Solar|PV","GW",1,23.17644090270996,,36.90734820556641,178.277662109375,316.948123046875,509.22608203125,775.90891796875,1055.0983828125,,1241.914921875,,1376.825796875,,1433.94796875,,1366.642578125,,1334.264421875
"IMAGE 3.4","Medium - SSP2 (Marker)","Rest of Asia (R10)","Capacity|Electricity|Wind|Offshore","GW",1,0.09919999694824201,,1.1035,4.2077900390625,26.6228359375,63.851548828125,120.759224609375,201.01501953125,,524.62,,769.63509375,,856.9901875,,856.3793125,,938.20453125
"IMAGE 3.4","Medium - SSP2 (Marker)","Rest of Asia (R10)","Capacity|Electricity|Wind|Onshore","GW",1,2.523655944824219,,12.43439599609375,17.6991591796875,40.824099609375,51.35230078125,54.1542109375,55.9735947265625,,59.3132958984375,,63.472287109375,,67.50084765625,,71.22042529296874,,72.412353515625
"IMAGE 3.4","Medium - SSP2 (Marker)","World","Capacity|Electricity|Biomass","GW",1,496.3713203125,,506.5176171875,511.8928125,559.6587406005859,634.0042060546875,669.3988701171875,654.399992553711,,568.1543493652343,,599.1152556152343,,702.7063046875,,993.896375,,1634.86891015625
"IMAGE 3.4","Medium - SSP2 (Marker)","World","Capacity|Electricity|Coal","GW",1,3240.038875,,3464.277,3722.064943603516,3876.9251171875,3897.2913828125,3910.1881640625,3881.785734375,,3568.8900703125,,3328.2191953125,,3067.0088125,,2700.9019921875,,2565.893953125
"IMAGE 3.4","Medium - SSP2 (Marker)","World","Capacity|Electricity|Fossil","GW",1,5759.79944140625,,6110.0985234375,6289.182763916016,6268.814921875,6450.234796875,6748.3527265625,7257.687314453126,,8158.188309082031,,8883.129257202148,,9160.877232910156,,9095.90620437622,,9186.259981933594
"IMAGE 3.4","Medium - SSP2 (Marker)","World","Capacity|Electricity|Gas","GW",1,1905.3703125,,1990.155,1858.91228125,1785.1865,2111.6718125,2558.2683125,3112.39128125,,4344.726671875,,5326.610671875,,5830.600890625,,6066.60421875,,6261.58859375
"IMAGE 3.4","Medium - SSP2 (Marker)","World","Capacity|Electricity|Geothermal","GW",1,0,,0,0,0,0,0,0,,0,,0,,0,,0,,0
"IMAGE 3.4","Medium - SSP2 (Marker)","World","Capacity|Electricity|Hydro","GW",1,1360.236,,1592.134,1946.784,2189.708,2344.944,2476.267,2579.769,,2765.715,,2796.275,,2825.554,,2782.191,,2813.886
"IMAGE 3.4","Medium - SSP2 (Marker)","World","Capacity|Electricity|Hydrogen","GW",1,7.661000722691824e-10,,7.661000722691824e-10,7.661000722691824e-10,29.293310546875,94.0620234375,154.91390625,218.2943011207581,,263.9335379333496,,303.0036617393494,,407.2598060669899,,386.8800203609467,,423.4401685390472
"IMAGE 3.4","Medium - SSP2 (Marker)","World","Capacity|Electricity|Nuclear","GW",1,380.3728125,,410.938,457.7408125,533.3003125,476.33890625,432.38209375,434.12359375,,444.29340625,,487.0385,,598.0508125,,594.834875,,589.578
"IMAGE 3.4","Medium - SSP2 (Marker)","World","Capacity|Electricity|Oil","GW",1,614.39025390625,,655.6665234375,708.2055390625001,606.7033046875,441.2716015625,279.89625,263.510298828125,,244.5715668945313,,228.2993900146485,,263.2675297851562,,328.3999934387207,,358.7774350585938
"IMAGE 3.4","Medium - SSP2 (Marker)","World","Capacity|Electricity|Other","GW",1,17.78151223754883,,19.67104154205322,26.81276196289063,47.096140625,88.98851953125,145.59555078125,194.25006640625,,267.9383125,,277.3666015625,,319.108703125,,379.63659375,,434.054796875
"IMAGE 3.4","Medium - SSP2 (Marker)","World","Capacity|Electricity|Solar|CSP","GW",1,6.412133789062501,,7.120154785156251,8.7149814453125,7.4640029296875,6.032673828125001,4.8266162109375,4.017612060546875,,2.53943505859375,,4.5392978515625,,8.4786328125,,11.3402802734375,,5.94826123046875
"IMAGE 3.4","Medium - SSP2 (Marker)","World","Capacity|Electricity|Solar|PV","GW",1,717.23209375,,2253.993625,4463.044,7483.049,10924.193,14079.138,16597.053,,20617.195,,26280.17,,33262.751,,37688.06,,40083.405
"IMAGE 3.4","Medium - SSP2 (Marker)","World","Capacity|Electricity|Wind|Offshore","GW",1,34.3473515625,,81.56239843750001,251.778203125,477.10359375,914.0333125,1564.682,2175.742,,2808.204,,2832.895,,3061.235,,3170.823,,3442.045
"IMAGE 3.4","Medium - SSP2 (Marker)","World","Capacity|Electricity|Wind|Onshore","GW",1,697.6786875,,1136.929,1544.263,1892.595,2339.618,3203.645,4324.583000000001,,5526.551,,5781.312,,5698.476000000001,,6895.798,,7773.793000000001
"IMAGE 3.4","Very Low - SSP2","Africa (R10)","Capacity|Electricity|Biomass","GW",1,23.8842500667572,,23.14726118850708,27.39850229263306,43.01731829261779,94.32303833580018,114.819245134443,171.6615268013477,,281.5643678586483,,298.0191690607071,,304.437571316719,,479.6862621240616,,680.8351403932571
"IMAGE 3.4","Very Low - SSP2","Africa (R10)","Capacity|Electricity|Coal","GW",1,63.91429504268383,,67.47784671674668,61.31619907005131,38.09828762070276,10.79756316170906,13.08013564707908,22.43258861020551,,30.67399732916521,,32.24461551416645,,52.18896023015914,,38.91059765633248,,36.1850510598035
"IMAGE 3.4","Very Low - SSP2","Africa (R10)","Capacity|Electricity|Fossil","GW",1,198.6001241460335,,212.3696470570043,212.2038506274,199.0534308805391,146.014237457608,112.9503832860053,85.58353690268477,,110.1130396656994,,173.4663110103942,,283.5635836766576,,300.2463504741185,,363.6612609849041
"IMAGE 3.4","Very Low - SSP2","Africa (R10)","Capacity|Electricity|Gas","GW",1,98.75109170598537,,105.4737619025186,111.2771870269775,145.1070427393913,129.9299432156086,98.27619119212031,59.24790267203748,,75.39913707189439,,137.1689166616032,,212.4082861330658,,226.4047673205307,,290.7095221083423
"IMAGE 3.4","Very Low - SSP2","Africa (R10)","Capacity|Electricity|Geothermal","GW",1,0,,0,0,0,0,0,0,,0,,0,,0,,0,,0
"IMAGE 3.4","Very Low - SSP2","Africa (R10)","Capacity|Electricity|Hydro","GW",1,35.9792763671875,,40.58161840820313,49.060806640625,80.79541455078125,104.934982421875,128.4245048828125,163.6779033203125,,239.0845942382813,,363.9120659179687,,499.945533203125,,550.469826171875,,547.692849609375
"IMAGE 3.4","Very Low - SSP2","Africa (R10)","Capacity|Electricity|Hydrogen","GW",1,0,,0,0,11.8014421043396,35.36468355941773,59.34512296199799,115.3660985603333,,194.0720164604187,,324.6878173675537,,564.7028043518067,,721.9103611392975,,940.4937202415467
"IMAGE 3.4","Very Low - SSP2","Africa (R10)","Capacity|Electricity|Nuclear","GW",1,1.854,,1.854,6.654,8.95705810546875,23.08729931640625,31.57856103515625,45.6311298828125,,79.314056640625,,131.71333203125,,153.75852734375,,157.87869140625,,151.070939453125
"IMAGE 3.4","Very Low - SSP2","Africa (R10)","Capacity|Electricity|Oil","GW",1,35.93473739736434,,39.41803843773901,39.61046453037113,15.84810052044503,5.286731080290395,1.594056446805916,3.903045620441783,,4.039905264639834,,4.052778834624537,,18.96633731343271,,34.93098549725535,,36.76668781675824
"IMAGE 3.4","Very Low - SSP2","Africa (R10)","Capacity|Electricity|Other","GW",1,1.31386003112793,,1.405164260864257,2.228506744384766,12.21363158893585,54.80713903236389,68.66587959957123,81.27883095455168,,88.39405082392693,,110.7399628793001,,146.1334041178227,,165.8939279850721,,187.115031521082
"IMAGE 3.4","Very Low - SSP2","Africa (R10)","Capacity|Electricity|Solar|CSP","GW",1,1.085,,1.085,1.63318310546875,18.60419592285156,101.9545385742188,202.58309375,243.79415234375,,254.0146806640625,,154.4591689453125,,369.485892578125,,675.8137675781251,,1022.171447265625
"IMAGE 3.4","Very Low - SSP2","Africa (R10)","Capacity|Electricity|Solar|PV","GW",1,9.559068847656249,,18.82401498413086,66.15550549316407,211.7378017578125,694.49182421875,1350.14655078125,1827.358080078125,,3248.26126171875,,5891.02666015625,,8633.1255,,10428.225796875,,13234.80714453125
"IMAGE 3.4","Very Low - SSP2","Africa (R10)","Capacity|Electricity|Wind|Offshore","GW",1,0,,0,3.128875823974609,34.6679263305664,99.9500615234375,183.85570703125,216.31204296875,,230.943671875,,187.9431328125,,403.80344140625,,666.61645703125,,676.86026171875
"IMAGE 3.4","Very Low - SSP2","Africa (R10)","Capacity|Electricity|Wind|Onshore","GW",1,6.51375308561325,,12.37962243652344,31.1140947265625,76.00504931640624,213.737810546875,463.67976171875,745.040078125,,988.18628125,,1207.2233125,,2290.89746875,,2869.99559375,,3021.5065
"IMAGE 3.4","Very Low - SSP2","China+ (R10)","Capacity|Electricity|Biomass","GW",1,28.82788864135775,,29.32642868042026,32.28257907104526,48.84768705749512,109.2524901090499,198.7346457486984,218.3517174039718,,227.4652204589843,,229.6130373535156,,145.8069757385254,,44.64114453125,,72.8658684692383
"IMAGE 3.4","Very Low - SSP2","China+ (R10)","Capacity|Electricity|Coal","GW",1,1885.970357910156,,1932.625968994141,1685.668239379883,413.0620033016205,40.86916179656983,33.9410582985878,35.41439144637063,,35.38836002222449,,40.00168225374073,,25.76017861173954,,12.84777846862286,,11.08797764586009
"IMAGE 3.4","Very Low - SSP2","China+ (R10)","Capacity|Electricity|Fossil","GW",1,2051.615669036865,,2197.95238592434,2131.011985391617,1313.09386525917,748.2394125137329,558.5808099312782,561.2483243687338,,562.6985698023066,,432.1287931833043,,361.731073880305,,301.4336654223793,,271.0079850334236
"IMAGE 3.4","Very Low - SSP2","China+ (R10)","Capacity|Electricity|Gas","GW",1,131.8127232666016,,177.4528267822266,204.9377456054687,572.8271270103454,364.7041356048584,159.9002480468749,166.1569956893921,,173.3044600110948,,232.7515182907898,,282.9190695120115,,288.1759103370928,,259.569362827899
"IMAGE 3.4","Very Low - SSP2","China+ (R10)","Capacity|Electricity|Geothermal","GW",1,0,,0,0,0,0,0,0,,0,,0,,0,,0,,0
"IMAGE 3.4","Very Low - SSP2","China+ (R10)","Capacity|Electricity|Hydro","GW",1,386.3990224609375,,564.265912109375,697.1006777343749,765.6365048828126,773.1174423828124,776.6967734375,785.8165996093751,,774.319455078125,,751.5374248046876,,704.9648427734375,,718.0783032226564,,614.5892573242187
"IMAGE 3.4","Very Low - SSP2","China+ (R10)","Capacity|Electricity|Hydrogen","GW",1,0,,0,0,11.06063952636719,137.4449701538086,356.1671057128906,388.2643483886719,,425.138482421875,,445.111001953125,,283.0580107421875,,174.6700076904297,,224.4211692352295
"IMAGE 3.4","Very Low - SSP2","China+ (R10)","Capacity|Electricity|Nuclear","GW",1,70.599,,87.015,117.0700078125,123.8451328125,229.24828515625,344.03390625,403.56431640625,,403.8936874999999,,573.40800390625,,662.4023691406251,,630.1042382812501,,538.4065546875
"IMAGE 3.4","Very Low - SSP2","China+ (R10)","Capacity|Electricity|Oil","GW",1,33.83258786010742,,87.87359014797211,240.4060004062653,327.2047349472046,342.6661151123047,364.7395035858154,359.6769372329712,,354.0057497689873,,159.3755926387737,,53.05182575655391,,0.409976616663741,,0.350644559664535
"IMAGE 3.4","Very Low - SSP2","China+ (R10)","Capacity|Electricity|Other","GW",1,0.300191000372171,,0.320085047155618,0.334128172308206,1.742384624391794,2.259670496940613,2.489544573694467,2.587129804998636,,2.681287801712751,,2.650169274121523,,2.689953100025654,,2.591101824760436,,2.566725831896066
"IMAGE 3.4","Very Low - SSP2","China+ (R10)","Capacity|Electricity|Solar|CSP","GW",1,0.45020000000298,,0.57020000000298,0.57020000000298,0.569127272695303,0.4641272755265231,0.207090896632522,0.013000040080398,,0.0006529531143605691,,6.568060052636326e-8,,6.568060052636326e-8,,6.568060052636326e-8,,6.568060052636326e-8
"IMAGE 3.4","Very Low - SSP2","China+ (R10)","Capacity|Electricity|Solar|PV","GW",1,274.2601402587891,,1060.668433837891,2134.357300537109,4305.566725585937,7210.397736328125,10500.15649414062,11376.2863203125,,10957.51893164062,,9865.24830859375,,13571.3809296875,,12487.9602578125,,11665.6553203125
"IMAGE 3.4","Very Low - SSP2","China+ (R10)","Capacity|Electricity|Wind|Offshore","GW",1,9.254,,43.22396405029297,50.79842431640625,274.3805,783.17903125,1428.6303984375,1875.410796875,,1751.03390625,,1340.4331875,,1706.58759375,,1882.2948125,,990.724203125
"IMAGE 3.4","Very Low - SSP2","China+ (R10)","Capacity|Electricity|Wind|Onshore","GW",1,275.479193725586,,498.5108186035156,713.7207641601562,1956.21801953125,2255.49458984375,2445.6953203125,2444.153559570313,,2319.299799804687,,2188.365059570312,,2123.369759765625,,1836.032950195312,,1934.062280273437
"IMAGE 3.4","Very Low - SSP2","Europe (R10)","Capacity|Electricity|Biomass","GW",1,98.24092578125001,,103.234728515625,108.1018129882813,102.8759614944458,100.5009582691193,108.8761547234058,155.9268139247894,,154.67358934021,,162.2193663482666,,173.3440046634674,,169.3694970822334,,218.5581595824957
"IMAGE 3.4","Very Low - SSP2","Europe (R10)","Capacity|Electricity|Coal","GW",1,290.3141398010254,,313.4940450439453,202.9754254302978,100.6500530586243,21.20579054909945,10.40084107398987,6.087536230474711,,7.491983099999374,,7.403559240919305,,9.223549124247162,,15.93689215537115,,14.28594712761448
"IMAGE 3.4","Very Low - SSP2","Europe (R10)","Capacity|Electricity|Fossil","GW",1,634.569574859619,,700.098204284668,514.681570968628,343.1442024116516,218.787615703404,212.036726070866,211.3286408168932,,207.8994966255954,,187.9325916763428,,165.4891518435026,,127.770489490439,,111.1958920412422
"IMAGE 3.4","Very Low - SSP2","Europe (R10)","Capacity|Electricity|Gas","GW",1,255.9599440917969,,276.9763692626953,175.4867631835938,152.2226736450195,118.3699151620865,96.66298992346228,84.79929774608439,,88.7628679368581,,96.20669780170762,,100.4765844785247,,106.5074986972809,,96.5799253616333
"IMAGE 3.4","Very Low - SSP2","Europe (R10)","Capacity|Electricity|Geothermal","GW",1,0,,0,0,0,0,0,0,,0,,0,,0,,0,,0
"IMAGE 3.4","Very Low - SSP2","Europe (R10)","Capacity|Electricity|Hydro","GW",1,238.4844296875,,252.99703515625,260.76984765625,344.81993359375,361.22400390625,383.28564453125,387.21762109375,,352.16939453125,,333.0969140625,,335.680484375,,331.8399609375,,329.01376171875
"IMAGE 3.4","Very Low - SSP2","Europe (R10)","Capacity|Electricity|Hydrogen","GW",1,0,,0,0,4.215577133178711,34.01920935058594,75.3835625,123.21777734375,,162.693044921875,,187.158380859375,,169.5232104492187,,157.2101324605942,,189.224387512207
"IMAGE 3.4","Very Low - SSP2","Europe (R10)","Capacity|Electricity|Nuclear","GW",1,116.037,,117.3236015625,118.9318984375,112.3292377929688,135.8664423828125,121.88409765625,142.9341171875,,153.60361328125,,168.63121484375,,191.734068359375,,207.33175,,169.24921484375
"IMAGE 3.4","Very Low - SSP2","Europe (R10)","Capacity|Electricity|Oil","GW",1,88.29549096679688,,109.6277899780273,136.2193823547363,90.27147570800781,79.21190999221801,104.9728950734139,120.4418068403341,,111.6446455887379,,84.32233463371593,,55.78901824073072,,5.326098637787015,,0.330019551994366
"IMAGE 3.4","Very Low - SSP2","Europe (R10)","Capacity|Electricity|Other","GW",1,3.360221954345703,,3.450399507522584,3.705431270599365,4.000232236862183,5.1093835105896,5.935081741333008,6.709086683273316,,7.609392471313477,,8.329249897003173,,8.680803018569947,,8.770765916824342,,8.829793840408325
"IMAGE 3.4","Very Low - SSP2","Europe (R10)","Capacity|Electricity|Solar|CSP","GW",1,2.311823910154402,,2.311766048826277,2.212017025388777,1.294530941225588,0.276477067910134,0.0003653625510632992,0.0002778828032314777,,0.00009991235699271785,,7.391836843453348e-7,,7.391836843453348e-7,,7.391836843453348e-7,,7.391836843453348e-7
"IMAGE 3.4","Very Low - SSP2","Europe (R10)","Capacity|Electricity|Solar|PV","GW",1,156.621666015625,,409.5365166015625,680.7702265625,1387.2014609375,1740.58682421875,1978.76633984375,2108.4746875,,2098.0868125,,2034.1223359375,,1995.76485546875,,1849.3781640625,,1830.297390625
"IMAGE 3.4","Very Low - SSP2","Europe (R10)","Capacity|Electricity|Wind|Offshore","GW",1,24.898849609375,,35.60905078125,41.57484634733201,92.307470703125,284.19151953125,577.891708984375,780.953115234375,,1174.4961484375,,1040.4621328125,,1070.950677734375,,1194.75717578125,,1001.7106875
"IMAGE 3.4","Very Low - SSP2","Europe (R10)","Capacity|Electricity|Wind|Onshore","GW",1,190.2747412109375,,244.5506337890625,277.894380859375,416.323890625,600.57087890625,674.3021328125,645.0966425781249,,497.9200703125,,575.80589453125,,565.3478749999999,,557.243056640625,,548.859939453125
"IMAGE 3.4","Very Low - SSP2","India+ (R10)","Capacity|Electricity|Biomass","GW",1,30.65612987136841,,31.20298761749268,34.38860647583007,168.7804103953838,275.6765960235596,346.0952097854614,400.5451148071289,,410.9432636413575,,383.6869625396729,,165.7312621002197,,136.1908818588257,,113.6672070064545
"IMAGE 3.4","Very Low - SSP2","India+ (R10)","Capacity|Electricity|Coal","GW",1,296.3172001953125,,327.9821776344776,391.2754541435242,206.7661290645599,17.20580955481529,4.911264035522937,5.6000503216004,,9.07893035072228,,16.8021658240055,,23.57957728280319,,22.42735772870673,,18.88288190314785
"IMAGE 3.4","Very Low - SSP2","India+ (R10)","Capacity|Electricity|Fossil","GW",1,362.0256343994141,,398.5027286598683,481.5521034107209,328.0837032625676,131.8001527814865,68.15974514500424,115.8821958911161,,210.2584439565903,,459.7693623915593,,895.175120421694,,1057.149655368427,,1131.235757374349
"IMAGE 3.4","Very Low - SSP2","India+ (R10)","Capacity|Electricity|Gas","GW",1,44.10248156738282,,46.51619067382813,66.20858097076416,115.3034758682251,114.1858429489136,62.03507616615295,107.3347704648972,,198.1538940752503,,417.0436525878906,,727.3541199340821,,850.9520637254716,,928.9175305223465
"IMAGE 3.4","Very Low - SSP2","India+ (R10)","Capacity|Electricity|Geothermal","GW",1,0,,0,0,0,0,0,0,,0,,0,,0,,0,,0
"IMAGE 3.4","Very Low - SSP2","India+ (R10)","Capacity|Electricity|Hydro","GW",1,67.7740390625,,90.603248046875,178.999345703125,209.0216953125,240.0768359375,265.299265625,292.7626875,,339.57759375,,376.757609375,,375.735,,417.418296875,,408.86959375
"IMAGE 3.4","Very Low - SSP2","India+ (R10)","Capacity|Electricity|Hydrogen","GW",1,0,,0,0,13.16200620579719,61.40050812149048,112.6637943878174,196.7781201171875,,346.9261888427735,,667.17541796875,,970.9345375976562,,1196.145118494988,,1222.45319152832
"IMAGE 3.4","Very Low - SSP2","India+ (R10)","Capacity|Electricity|Nuclear","GW",1,6.978,,11.3766650390625,19.682,32.9575625,99.023888671875,119.5710703125,225.11692578125,,391.7832578125,,622.178703125,,890.1243125,,1176.876,,1497.98525
"IMAGE 3.4","Very Low - SSP2","India+ (R10)","Capacity|Electricity|Oil","GW",1,21.60595263671875,,24.0043603515625,24.0680682964325,6.014098329782486,0.408500277757644,1.213404943328351,2.947375104618491,,3.025619530617721,,25.92354397966314,,144.2414232048088,,183.7702339142485,,183.4353449488549
"IMAGE 3.4","Very Low - SSP2","India+ (R10)","Capacity|Electricity|Other","GW",1,0,,0,0,11.33376147460937,26.1196865234375,29.85251123046875,30.9207177734375,,30.3599345703125,,31.1160751953125,,31.7108115234375,,29.9287109375,,31.0432587890625
"IMAGE 3.4","Very Low - SSP2","India+ (R10)","Capacity|Electricity|Solar|CSP","GW",1,0.3425,,0.3425,0.3425,29.96160153198242,74.84820288085938,83.42264648437501,113.706734375,,97.82337109375,,43.79845016479492,,3.511571746826171,,0.000008758544921875001,,0.000008758544921875001
"IMAGE 3.4","Very Low - SSP2","India+ (R10)","Capacity|Electricity|Solar|PV","GW",1,41.15172283935546,,159.9327998046875,510.6087534179687,1083.326298828125,2028.6549609375,3335.71578125,3753.8114375,,5153.374593750001,,5706.085312499999,,5255.88896875,,5191.2851875,,5358.59121875
"IMAGE 3.4","Very Low - SSP2","India+ (R10)","Capacity|Electricity|Wind|Offshore","GW",1,0,,0,11.69217053222656,153.4866801757812,317.18951953125,520.7550234375,832.0547109375,,1154.7018125,,1214.58721875,,1147.7261875,,1276.35778125,,1202.7855
"IMAGE 3.4","Very Low - SSP2","India+ (R10)","Capacity|Electricity|Wind|Onshore","GW",1,39.97896252441407,,55.12328662109375,191.0951533203125,383.01321875,497.011984375,654.10221875,802.65440625,,979.3245,,1043.029625,,1054.29771875,,1060.341875,,1066.00246875
"IMAGE 3.4","Very Low - SSP2","Latin America (R10)","Capacity|Electricity|Biomass","GW",1,66.19002571868896,,71.76339359283448,71.00189934539794,87.31432013702393,132.9236500015259,212.7968276070356,218.5486168672443,,240.6152642365694,,275.7121033955813,,293.2788701834679,,306.4522262506486,,380.336261935234
"IMAGE 3.4","Very Low - SSP2","Latin America (R10)","Capacity|Electricity|Coal","GW",1,24.77602484783716,,30.39024187569634,24.18632830619812,8.318183073759078,2.4694787992239,4.012288666436448,5.511845207495913,,7.646745744306456,,9.409204614524763,,7.506230372850816,,4.190343616184812,,2.24515174178137
"IMAGE 3.4","Very Low - SSP2","Latin America (R10)","Capacity|Electricity|Fossil","GW",1,233.3226700744775,,246.0277737287624,216.835989717365,155.8830262723572,81.20459055505296,37.64518696196338,38.94135849454297,,53.00623461854321,,69.83728698616821,,67.68308438280559,,58.07773766644983,,40.21753596466691
"IMAGE 3.4","Very Low - SSP2","Latin America (R10)","Capacity|Electricity|Gas","GW",1,111.4900600364037,,117.9497233571869,117.6523625793464,128.887134559632,78.0865554962165,33.61567313194344,32.92412452948906,,44.4115511201562,,59.46464007701992,,59.2137891726445,,53.41474193143354,,37.96637471089391
"IMAGE 3.4","Very Low - SSP2","Latin America (R10)","Capacity|Electricity|Geothermal","GW",1,0,,0,0,0,0,0,0,,0,,0,,0,,0,,0
"IMAGE 3.4","Very Low - SSP2","Latin America (R10)","Capacity|Electricity|Hydro","GW",1,271.2366420898438,,273.922162109375,275.033263671875,314.588642578125,325.921587890625,386.6007890625,431.927849609375,,528.5611259765625,,562.5009423828126,,550.9172207031249,,566.8008291015625,,582.6265546875
"IMAGE 3.4","Very Low - SSP2","Latin America (R10)","Capacity|Electricity|Hydrogen","GW",1,0,,0,0,1.240179313778877,7.579862487792969,23.52671942710877,37.0414901342392,,51.98701636505126,,79.58083675003053,,89.85556045913697,,92.6794721237719,,89.7353861844875
"IMAGE 3.4","Very Low - SSP2","Latin America (R10)","Capacity|Electricity|Nuclear","GW",1,5.079333339929581,,5.078500007033348,5.072818566083908,5.573387484014034,24.10088355191122,49.71052442105184,69.69072754605185,,115.2636767578125,,187.826056640625,,233.5044853515625,,268.769998046875,,253.5308515625
"IMAGE 3.4","Very Low - SSP2","Latin America (R10)","Capacity|Electricity|Oil","GW",1,97.05658519023658,,97.68780849587918,74.99729883182049,18.67770863896608,0.648556259612552,0.017225163583498,0.5053887575579801,,0.947937754080544,,0.963442294623531,,0.963064837310291,,0.472652118831468,,0.006009511991624
"IMAGE 3.4","Very Low - SSP2","Latin America (R10)","Capacity|Electricity|Other","GW",1,1.803814602661878,,2.056536335755139,2.312405659485608,4.459519320454449,23.02393064615503,74.06836649819836,91.17472092935071,,127.0669650696293,,100.6418131391257,,84.78573919575288,,79.70987329480052,,89.68308190691471
"IMAGE 3.4","Very Low - SSP2","Latin America (R10)","Capacity|Electricity|Solar|CSP","GW",1,0,,0.136156997680664,0.145324996948242,1.404136032104492,3.124311508178711,14.4851838684082,17.59534855651856,,18.92817980957031,,7.907898334503174,,0.651171787261962,,0.131175020456343,,0.128325569272361
"IMAGE 3.4","Very Low - SSP2","Latin America (R10)","Capacity|Electricity|Solar|PV","GW",1,18.20018146111071,,91.40711126708985,190.3711938476563,458.00312890625,748.00784765625,1134.837125,1702.0353671875,,2767.94796484375,,3926.775708984375,,4520.88728515625,,4597.765722656251,,4663.52767578125
"IMAGE 3.4","Very Low - SSP2","Latin America (R10)","Capacity|Electricity|Wind|Offshore","GW",1,0,,0,0,17.06408163785935,61.45408605957031,160.3422974853516,265.9654892578125,,476.3233515625,,580.25233984375,,541.57675390625,,512.664943359375,,503.695984375
"IMAGE 3.4","Very Low - SSP2","Latin America (R10)","Capacity|Electricity|Wind|Onshore","GW",1,28.678583984375,,49.080755859375,59.41047265625,150.9648935546875,219.8762119140625,381.6279921875,617.8576259765625,,801.6492910156251,,803.2233154296875,,751.7552597656249,,756.7484091796875,,688.8865205078125
"IMAGE 3.4","Very Low - SSP2","Middle East (R10)","Capacity|Electricity|Biomass","GW",1,37.17176953125,,36.51785929372161,36.51785929372161,73.6502037761435,102.5642304179892,107.6128514251709,121.6495771179199,,189.0988723144531,,204.7777384543419,,152.7664979758263,,116.8544977655411,,60.32829061412811
"IMAGE 3.4","Very Low - SSP2","Middle East (R10)","Capacity|Electricity|Coal","GW",1,6.416842821411788,,6.345870861113071,2.753568903207779,0.523206455782055,0.018029631290584,0.7519045716031101,1.87793552955407,,1.877932622615534,,1.877932622295339,,1.877932622295339,,21.8825611623344,,54.2795904592094
"IMAGE 3.4","Very Low - SSP2","Middle East (R10)","Capacity|Electricity|Fossil","GW",1,280.2564440558479,,280.7631389809251,244.0926747972965,175.8159685750753,129.3953507978059,111.4054491954549,30.47179059573989,,18.20119011910853,,30.10227168153864,,64.02538664220911,,289.2651879703893,,420.7129975407018
"IMAGE 3.4","Very Low - SSP2","Middle East (R10)","Capacity|Electricity|Gas","GW",1,170.0984005126953,,171.5134792480469,162.0064638671875,146.7897712402344,128.5907311706543,110.6249632101059,28.59301458698511,,16.323257496493,,28.2243390592433,,62.14745401991377,,265.7976497572736,,364.4521861342267
"IMAGE 3.4","Very Low - SSP2","Middle East (R10)","Capacity|Electricity|Geothermal","GW",1,0,,0,0,0,0,0,0,,0,,0,,0,,0,,0
"IMAGE 3.4","Very Low - SSP2","Middle East (R10)","Capacity|Electricity|Hydro","GW",1,15.5972001953125,,16.133169921875,16.06591015625,16.420099609375,24.0552890625,41.5429609375,49.55751953125,,46.91169921875,,49.02701953125,,47.1303984375,,422.65140625,,509.1301875
"IMAGE 3.4","Very Low - SSP2","Middle East (R10)","Capacity|Electricity|Hydrogen","GW",1,0,,0,0,2.2120810546875,6.108095916748047,18.65757092285156,40.15721600341797,,56.82172265625,,75.57577783203125,,76.45174755859375,,179.5145791091919,,175.1096680297852
"IMAGE 3.4","Very Low - SSP2","Middle East (R10)","Capacity|Electricity|Nuclear","GW",1,2.26,,6.236,6.236,8.430322265625,32.529689453125,47.5382109375,73.36228125,,94.790203125,,100.2945,,107.3555,,201.3535,,198.260703125
"IMAGE 3.4","Very Low - SSP2","Middle East (R10)","Capacity|Electricity|Oil","GW",1,103.7412007217407,,102.9037888717651,79.33264202690124,28.50299087905884,0.786589995861053,0.02858141374588,0.0008404792007058859,,0,,0,,0,,1.58497705078125,,1.981220947265625
"IMAGE 3.4","Very Low - SSP2","Middle East (R10)","Capacity|Electricity|Other","GW",1,0.005059999998658,,0.005197145041078001,0.005570923376828,0.005837781954556,0.006569856703281001,0.008611964285373001,0.011348224699497,,0.017544815123081,,0.02047046522051,,0.024241129726171,,0.025564129859209,,0.027683398082852
"IMAGE 3.4","Very Low - SSP2","Middle East (R10)","Capacity|Electricity|Solar|CSP","GW",1,0.4497099914550781,,0.9435,0.9419074707031251,0.9435,7.57671484375,25.298599609375,31.241849609375,,60.2471015625,,50.180609375,,76.606796875,,66.7924921875,,38.4035
"IMAGE 3.4","Very Low - SSP2","Middle East (R10)","Capacity|Electricity|Solar|PV","GW",1,7.662993896484375,,53.220912109375,163.54094140625,347.916703125,442.2098125,978.68359375,1798.98409375,,2526.42940625,,2955.90459375,,3902.601296875,,5075.6048125,,4239.5198125
"IMAGE 3.4","Very Low - SSP2","Middle East (R10)","Capacity|Electricity|Wind|Offshore","GW",1,0,,0,0,4.17647802734375,33.46476953125,53.7831484375,64.52583984375,,122.953296875,,97.0863125,,118.0551015625,,386.2391875,,418.6055
"IMAGE 3.4","Very Low - SSP2","Middle East (R10)","Capacity|Electricity|Wind|Onshore","GW",1,0.9336151123046871,,1.928410034179687,2.03285205078125,50.7754609375,154.09409375,240.2665,412.90940625,,822.7723125,,1079.461,,1560.459,,1948.734,,1554.042
"IMAGE 3.4","Very Low - SSP2","North America (R10)","Capacity|Electricity|Biomass","GW",1,147.6660460205078,,142.3808522949219,147.7679400024414,147.6049143619537,147.1203222351074,223.1910942230224,237.0566251525879,,329.9833062286377,,323.8886313476563,,278.4684544677734,,181.822956993103,,117.2189979820251
"IMAGE 3.4","Very Low - SSP2","North America (R10)","Capacity|Electricity|Coal","GW",1,326.571333984375,,336.245884765625,181.4904677916765,35.79570150423049,2.860936315059661,2.586321240201593,6.252753799343018,,6.25030047012668,,6.736318530702513,,6.804333666814379,,1.267986445439866,,10.01972720815044
"IMAGE 3.4","Very Low - SSP2","North America (R10)","Capacity|Electricity|Fossil","GW",1,914.9725309753418,,942.3104152832032,764.1270992105603,544.757299267292,285.8824537520409,130.8218759238869,205.6847563429415,,278.1412954834159,,305.2227573152459,,305.8498497265819,,190.1790091040967,,106.0435034917419
"IMAGE 3.4","Very Low - SSP2","North America (R10)","Capacity|Electricity|Gas","GW",1,495.915318359375,,511.2555754394531,537.5809499511719,493.799039237976,271.8064375,117.4006473693848,187.743715667963,,265.316814713513,,293.0736067532935,,295.5001282271259,,188.5582002180922,,96.01272554388224
"IMAGE 3.4","Very Low - SSP2","North America (R10)","Capacity|Electricity|Geothermal","GW",1,0,,0,0,0,0,0,0,,0,,0,,0,,0,,0
"IMAGE 3.4","Very Low - SSP2","North America (R10)","Capacity|Electricity|Hydro","GW",1,186.9084453125,,203.1576484375,200.9119453125,203.965125,324.4585078125,356.6093984375,355.383203125,,345.207203125,,309.509203125,,285.51909375,,347.317796875,,344.2683046875
"IMAGE 3.4","Very Low - SSP2","North America (R10)","Capacity|Electricity|Hydrogen","GW",1,7.661000722691824e-10,,7.661000722691824e-10,7.661000722691824e-10,0.736145202636718,41.31052563476563,175.4424171142578,228.0228327636719,,302.1353151855469,,318.3309294433594,,256.9874566650391,,208.2274578399658,,268.8722683105469
"IMAGE 3.4","Very Low - SSP2","North America (R10)","Capacity|Electricity|Nuclear","GW",1,107.3870234375,,109.6210234375,109.6210078125,87.573693359375,72.18114355468751,102.1212993164063,111.4397258300781,,112.267689453125,,117.012037109375,,115.04079296875,,113.5319716796875,,124.71373828125
"IMAGE 3.4","Very Low - SSP2","North America (R10)","Capacity|Electricity|Oil","GW",1,92.4858786315918,,94.808955078125,45.05568146771193,15.16255852508545,11.2150799369812,10.83490731430054,11.68828687563539,,6.574180299776344,,5.41283203125,,3.545387832641601,,0.352822440564632,,0.011050739709287
"IMAGE 3.4","Very Low - SSP2","North America (R10)","Capacity|Electricity|Other","GW",1,3.949082021474838,,4.306502908468246,4.493951272726059,5.084213129252195,14.41250814774633,30.03975554543734,37.00312547469139,,40.32296569851041,,34.8932815374136,,31.97563858726621,,35.75172620466351,,36.08458133581281
"IMAGE 3.4","Very Low - SSP2","North America (R10)","Capacity|Electricity|Solar|CSP","GW",1,1.747900024414063,,1.723031982421875,1.658363037109375,1.48,1.48,1.403901977539062,1.376115966796875,,1.03906494140625,,0.073940406799316,,1.850128028308973e-7,,1.850128028308973e-7,,1.850128028308973e-7
"IMAGE 3.4","Very Low - SSP2","North America (R10)","Capacity|Electricity|Solar|PV","GW",1,79.07220007324219,,223.2466323242188,375.44527734375,906.1565869140626,1452.66435546875,2612.6602109375,3297.29851953125,,3416.498265625,,4345.44087109375,,5166.07456640625,,4419.014125,,3921.84598046875
"IMAGE 3.4","Very Low - SSP2","North America (R10)","Capacity|Electricity|Wind|Offshore","GW",1,0.02929999923706,,0.309416687011718,0.835401580810546,4.738779907226562,98.00823046875,263.3533671875,384.4177929687499,,396.83275390625,,174.4036015625,,131.90775,,149.42661328125,,243.4063671875
"IMAGE 3.4","Very Low - SSP2","North America (R10)","Capacity|Electricity|Wind|Onshore","GW",1,132.166203125,,202.62886328125,237.876833984375,279.6388125,656.3681484375,1304.9568203125,1617.4985,,1660.7533984375,,1192.715,,1586.02209375,,1943.7155,,1574.796796875
"IMAGE 3.4","Very Low - SSP2","Pacific OECD (R10)","Capacity|Electricity|Biomass","GW",1,11.05470660400391,,11.24807170912623,10.8645337023735,16.77290532480925,21.41013017126918,23.94070040974021,35.16168203958868,,46.03212752029555,,50.14292596668259,,44.02607610914366,,46.94315952268203,,60.65124248504638
"IMAGE 3.4","Very Low - SSP2","Pacific OECD (R10)","Capacity|Electricity|Coal","GW",1,85.31361035156249,,92.89435765397549,39.19100500273705,9.296634956359863,0.88119079106301,0.9430264837169081,1.912599415186734,,1.944244017004296,,2.488286534107551,,2.04933856113933,,0.9207102707096191,,3.410600220233465
"IMAGE 3.4","Very Low - SSP2","Pacific OECD (R10)","Capacity|Electricity|Fossil","GW",1,238.1874475073814,,258.8439749289156,194.4822022089958,168.8762238905132,120.341732020325,81.74938715575871,76.36853056513806,,57.44290362950501,,48.82301495106509,,40.65340973078515,,28.64477633023701,,27.41942216824327
"IMAGE 3.4","Very Low - SSP2","Pacific OECD (R10)","Capacity|Electricity|Gas","GW",1,98.471560546875,,107.7154832370877,99.84066810131073,103.0809643173218,67.66645117616653,27.78836010169983,19.18416814547777,,21.15820115821005,,28.2320296903209,,30.30571412845329,,26.57644121485215,,23.9789658227707
"IMAGE 3.4","Very Low - SSP2","Pacific OECD (R10)","Capacity|Electricity|Geothermal","GW",1,0,,0,0,0,0,0,0,,0,,0,,0,,0,,0
"IMAGE 3.4","Very Low - SSP2","Pacific OECD (R10)","Capacity|Electricity|Hydro","GW",1,60.890521484375,,62.0654990234375,63.1693818359375,79.831421875,82.183560546875,80.639740234375,78.585810546875,,74.311259765625,,73.099109375,,79.3932890625,,98.30892187500001,,95.28648828125
"IMAGE 3.4","Very Low - SSP2","Pacific OECD (R10)","Capacity|Electricity|Hydrogen","GW",1,0,,0,0,2.719880310058593,12.47940026855469,22.61344303512573,28.83206713485718,,45.40744180297852,,59.1471116027832,,65.81411192321777,,84.7241329536438,,83.65976228618622
"IMAGE 3.4","Very Low - SSP2","Pacific OECD (R10)","Capacity|Electricity|Nuclear","GW",1,28.608419921875,,28.49816015625,27.94683984375,24.056150390625,23.5529296875,19.579740234375,23.401830078125,,38.3635361328125,,51.69653735351563,,63.18934594726563,,73.563935546875,,79.5511435546875
"IMAGE 3.4","Very Low - SSP2","Pacific OECD (R10)","Capacity|Electricity|Oil","GW",1,54.40227660894394,,58.23413403785229,55.45052910494805,56.49862461683154,51.79409005309549,53.01800057034198,55.27176300447353,,34.34045845429066,,18.10269872663665,,8.298357041192531,,1.147624844675243,,0.029856125239108
"IMAGE 3.4","Very Low - SSP2","Pacific OECD (R10)","Capacity|Electricity|Other","GW",1,1.7390299243927,,1.793204179763793,1.883306755781173,14.77137398314476,23.68128619623184,26.52102864050865,27.63823089408875,,29.27586226558686,,30.51404528355598,,31.93960337471962,,32.44449465560913,,33.35518490815162
"IMAGE 3.4","Very Low - SSP2","Pacific OECD (R10)","Capacity|Electricity|Solar|CSP","GW",1,0.003,,0.003,0.003,0.003,1.40139697265625,4.24906201171875,4.92114013671875,,4.6907880859375,,1.120599975585937,,0.003000282049179,,2.50360400390625,,2.502239990234375
"IMAGE 3.4","Very Low - SSP2","Pacific OECD (R10)","Capacity|Electricity|Solar|PV","GW",1,92.06394091796875,,153.865626953125,218.96183984375,281.256541015625,338.16180859375,426.372150390625,500.10768359375,,687.0460820312501,,883.4602890625,,1046.04937890625,,1163.21484765625,,1264.8158984375
"IMAGE 3.4","Very Low - SSP2","Pacific OECD (R10)","Capacity|Electricity|Wind|Offshore","GW",1,0.066,,0.351050811767578,5.49060693359375,59.85819628906251,109.0869140625,199.1643671875,228.2115625,,298.892234375,,315.109171875,,308.848296875,,215.6910234375,,153.6740703125
"IMAGE 3.4","Very Low - SSP2","Pacific OECD (R10)","Capacity|Electricity|Wind|Onshore","GW",1,15.01248046875,,24.99162548828125,30.04240283203125,55.58292578125,75.745669921875,116.5939462890625,129.8868364257812,,178.9462016601562,,240.2466728515625,,319.3238203125,,293.1918872070312,,243.2711499023438
"IMAGE 3.4","Very Low - SSP2","Reforming Economies (R10)","Capacity|Electricity|Biomass","GW",1,15.05464291381836,,18.58767581939674,38.22375860595704,59.19930584716797,69.9785117111206,80.81915543937683,84.54042671966552,,74.86562572097777,,76.5028538646698,,44.52745403289795,,39.72134630012513,,56.34657147598267
"IMAGE 3.4","Very Low - SSP2","Reforming Economies (R10)","Capacity|Electricity|Coal","GW",1,137.4824016304016,,138.8700126848221,109.9477952890396,55.45634565925597,49.32414111709596,32.49402120506763,14.49226521357149,,10.75203553984186,,7.256201857157081,,9.283883495847913,,11.9985512183702,,2.976949121812577
"IMAGE 3.4","Very Low - SSP2","Reforming Economies (R10)","Capacity|Electricity|Fossil","GW",1,622.4838763618469,,564.9852351274491,414.2593914194107,280.8809092731476,255.5289691810608,191.8964755097628,114.5289245918021,,95.80245404260339,,95.03901094657137,,147.1285049823462,,216.5637850136654,,200.6177652869121
"IMAGE 3.4","Very Low - SSP2","Reforming Economies (R10)","Capacity|Electricity|Gas","GW",1,432.5386025657654,,382.5261921691895,266.8307092590332,188.8663866271973,164.928590057373,121.1619173851013,71.73130035412312,,69.25178796155845,,73.5475502876788,,135.7333490232369,,204.3870834295293,,197.6023590719244
"IMAGE 3.4","Very Low - SSP2","Reforming Economies (R10)","Capacity|Electricity|Geothermal","GW",1,0,,0,0,0,0,0,0,,0,,0,,0,,0,,0
"IMAGE 3.4","Very Low - SSP2","Reforming Economies (R10)","Capacity|Electricity|Hydro","GW",1,63.34977075195312,,69.26130029296874,80.15237744140624,92.039021484375,94.6524287109375,130.679650390625,148.298193359375,,133.3622841796875,,113.0172802734375,,119.6346162109375,,121.1557685546875,,117.2264453125
"IMAGE 3.4","Very Low - SSP2","Reforming Economies (R10)","Capacity|Electricity|Hydrogen","GW",1,0,,0,0,3.845358200073242,30.44308038330078,63.93019989013672,145.090895690918,,187.8506166992187,,197.6338505859375,,131.4533076171875,,105.579086687088,,79.81222299575806
"IMAGE 3.4","Very Low - SSP2","Reforming Economies (R10)","Capacity|Electricity|Nuclear","GW",1,41.57,,43.935,46.49268824005127,45.04836389160156,48.4496533203125,52.8582685546875,59.1387578125,,83.00991796875,,104.6584384765625,,116.0724990234375,,121.554107421875,,140.267876953125
"IMAGE 3.4","Very Low - SSP2","Reforming Economies (R10)","Capacity|Electricity|Oil","GW",1,52.46287216567993,,43.5890302734375,37.48088687133789,36.55817698669433,41.2762380065918,38.24053691959381,28.30535902410746,,15.79863054120308,,14.2352588017355,,2.11127246326147,,0.178150365765861,,0.038457093175224
"IMAGE 3.4","Very Low - SSP2","Reforming Economies (R10)","Capacity|Electricity|Other","GW",1,0.09710001373291001,,0.102016502380371,0.101572303771972,0.163555362701416,0.189574172973632,31.11143483734131,51.30953868865966,,53.4162670211792,,30.50078003692627,,50.23571926879882,,51.36116464233398,,41.39367626190185
"IMAGE 3.4","Very Low - SSP2","Reforming Economies (R10)","Capacity|Electricity|Solar|CSP","GW",1,0,,0,0,7.42589404296875,43.00612890625,45.912140625,45.912140625,,97.065796875,,197.041,,180.164203125,,129.5528984375,,86.9251328125
"IMAGE 3.4","Very Low - SSP2","Reforming Economies (R10)","Capacity|Electricity|Solar|PV","GW",1,10.27538604736328,,12.82230200195313,42.75249340820313,165.6723994140625,427.6697119140625,1252.988611328125,1807.62123828125,,2568.29787109375,,3293.091046875,,3294.472171875,,2449.7929375,,2550.57765625
"IMAGE 3.4","Very Low - SSP2","Reforming Economies (R10)","Capacity|Electricity|Wind|Offshore","GW",1,0,,0,0.5431376953125,23.49938053894043,83.4352646484375,116.221021484375,165.622591796875,,287.36481640625,,369.619984375,,378.1581328125,,316.71929296875,,215.49580078125
"IMAGE 3.4","Very Low - SSP2","Reforming Economies (R10)","Capacity|Electricity|Wind|Onshore","GW",1,3.172475036621093,,6.2234228515625,19.69681787109375,65.29869287109375,186.60922265625,615.2476015625,681.6894453125,,868.31203125,,779.1590859375,,1012.99253125,,896.2555859375,,701.14701953125
"IMAGE 3.4","Very Low - SSP2","Rest of Asia (R10)","Capacity|Electricity|Biomass","GW",1,24.0147951207161,,24.4085543012619,22.95436352157592,50.57343379044533,134.6175343508721,228.0858749380112,359.7235303153992,,402.0132261095047,,503.4967070159913,,480.8407109718323,,566.320942785263,,579.7953003789189
"IMAGE 3.4","Very Low - SSP2","Rest of Asia (R10)","Capacity|Electricity|Coal","GW",1,121.44426171875,,138.5188624125123,126.3006695280075,27.56288935518265,4.010705492585898,2.355635320150294,2.860197569726152,,3.118348106026158,,4.248147009925384,,4.218603529675864,,2.86402660421934,,2.764545979744754
"IMAGE 3.4","Very Low - SSP2","Rest of Asia (R10)","Capacity|Electricity|Fossil","GW",1,227.2330046386718,,251.5822034769655,252.368565255642,197.6961807292103,126.7192637496889,125.7028724112744,193.2785633326789,,144.0130152054893,,145.6567032179988,,134.6372025617266,,55.2850097661519,,38.20917772359501
"IMAGE 3.4","Very Low - SSP2","Rest of Asia (R10)","Capacity|Electricity|Gas","GW",1,75.23077319335937,,79.73042114257814,87.52983575725555,140.2776948671341,92.05224853897096,79.11815855407714,125.7476500201225,,80.6548183432771,,81.50280103001359,,73.53493929225449,,44.46279192501548,,35.44181258495679
"IMAGE 3.4","Very Low - SSP2","Rest of Asia (R10)","Capacity|Electricity|Geothermal","GW",1,0,,0,0,0,0,0,0,,0,,0,,0,,0,,0
"IMAGE 3.4","Very Low - SSP2","Rest of Asia (R10)","Capacity|Electricity|Hydro","GW",1,51.2852548828125,,63.2105107421875,94.370123046875,121.746734375,152.21258984375,192.5278828125,238.950109375,,246.512328125,,250.9985234375,,245.8323515625,,259.8679296875,,247.8761640625
"IMAGE 3.4","Very Low - SSP2","Rest of Asia (R10)","Capacity|Electricity|Hydrogen","GW",1,0,,0,0,1.09254520702362,7.443840864181517,36.57033907318116,80.26977781677247,,113.94660105896,,152.159145767212,,144.233819568634,,128.0775733079911,,112.4985469675064
"IMAGE 3.4","Very Low - SSP2","Rest of Asia (R10)","Capacity|Electricity|Nuclear","GW",1,0,,0,0,0,0,0,0,,55.294822265625,,108.13205859375,,119.16494921875,,219.33134375,,252.8554296875
"IMAGE 3.4","Very Low - SSP2","Rest of Asia (R10)","Capacity|Electricity|Oil","GW",1,30.5579697265625,,33.332919921875,38.53805997037888,29.85559650689364,30.65630971813202,44.22907853704691,64.6707157428302,,60.23984875618607,,59.90575517805986,,56.88365973979622,,7.958191236917076,,0.002819158893456
"IMAGE 3.4","Very Low - SSP2","Rest of Asia (R10)","Capacity|Electricity|Other","GW",1,5.08860888671875,,6.189658203125,8.095014892578124,24.10725744628906,41.2804423828125,50.84866943359376,58.82201269531249,,71.81665234375,,80.563337890625,,87.343646484375,,91.03358984375001,,94.48958154296875
"IMAGE 3.4","Very Low - SSP2","Rest of Asia (R10)","Capacity|Electricity|Solar|CSP","GW",1,0.005,,0.005,0.005,2.5039677734375,5.614088073730469,5.61317889404297,5.61317889404297,,2.945549652099609,,2.098083059536293e-7,,2.098083059536293e-7,,2.098083059536293e-7,,2.098083059536293e-7
"IMAGE 3.4","Very Low - SSP2","Rest of Asia (R10)","Capacity|Electricity|Solar|PV","GW",1,23.17644091796875,,36.90807373046875,186.86296875,442.44459375,813.6374140625,1367.06609375,1465.9144375,,1377.649796875,,1169.6842578125,,1175.5657421875,,1223.9575,,1243.137734375
"IMAGE 3.4","Very Low - SSP2","Rest of Asia (R10)","Capacity|Electricity|Wind|Offshore","GW",1,0.09919999694824201,,1.1035,5.6747919921875,110.6121875,270.921671875,463.89521875,686.66771875,,1548.0223125,,1889.583375,,2404.4841875,,2337.2005,,2147.4118125
"IMAGE 3.4","Very Low - SSP2","Rest of Asia (R10)","Capacity|Electricity|Wind|Onshore","GW",1,2.523655944824219,,12.4340400390625,26.99987744140625,49.958083984375,53.14471044921875,54.92787353515625,59.84408349609375,,58.91308740234376,,64.27970068359375,,69.620919921875,,71.3384951171875,,70.91247998046875
"IMAGE 3.4","Very Low - SSP2","World","Capacity|Electricity|Biomass","GW",1,482.7611875,,491.8178984375,529.501890625,798.6365302734375,1188.36744140625,1644.9715,2003.16601171875,,2357.25505078125,,2508.05909765625,,2083.227609375,,2088.0025859375,,2340.603055664063
"IMAGE 3.4","Very Low - SSP2","World","Capacity|Electricity|Coal","GW",1,3238.5205,,3384.845125,2825.104892944336,895.5293996582031,149.642796875,105.4764918212891,102.4421659107208,,114.2228735240437,,128.4681189187393,,142.4925981576555,,133.2468115365617,,156.1384586483201
"IMAGE 3.4","Very Low - SSP2","World","Capacity|Electricity|Fossil","GW",1,5763.26669140625,,6053.435171875,5425.615228881836,3707.284746673584,2243.913767700195,1630.948962158203,1633.316574510574,,1737.576578901742,,1947.97809887591,,2465.936887001459,,2624.616333374467,,2710.321025949102
"IMAGE 3.4","Very Low - SSP2","World","Capacity|Electricity|Gas","GW",1,1914.370625,,1977.10959375,1829.35128125,2187.161266601563,1530.320796875,906.58428125,883.4628417968751,,1032.736726013184,,1447.215694694996,,1979.593972669453,,2255.237811638146,,2331.230487411082
"IMAGE 3.4","Very Low - SSP2","World","Capacity|Electricity|Geothermal","GW",1,0,,0,0,0,0,0,0,,0,,0,,0,,0,,0
"IMAGE 3.4","Very Low - SSP2","World","Capacity|Electricity|Hydro","GW",1,1377.905,,1636.198,1915.634,2228.865,2482.837,2742.307,2932.178,,3080.017,,3183.456,,3244.753,,3833.909,,3796.58
"IMAGE 3.4","Very Low - SSP2","World","Capacity|Electricity|Hydrogen","GW",1,7.661000722691824e-10,,7.661000722691824e-10,7.661000722691824e-10,52.085849609375,373.59409375,944.3003125,1383.0405625,,1886.9781875,,2506.56,,2753.014796875,,3048.738140625,,3386.28087890625
"IMAGE 3.4","Very Low - SSP2","World","Capacity|Electricity|Nuclear","GW",1,380.3728125,,410.938,457.7071875,448.77090625,688.0403125,888.8756875,1154.28,,1527.585,,2165.551,,2652.347,,3170.296,,3405.892
"IMAGE 3.4","Very Low - SSP2","World","Capacity|Electricity|Oil","GW",1,610.37556640625,,691.480453125,771.1590546875,624.5940804138183,563.9501739501953,618.888189086914,647.4115668029785,,590.6169793645143,,372.2942852621749,,343.8503161743507,,236.1317101997584,,222.9520798896998
"IMAGE 3.4","Very Low - SSP2","World","Capacity|Electricity|Other","GW",1,17.65697122192383,,19.62876224517822,23.1598863067627,77.88176953125,190.89022265625,319.54090625,387.45470703125,,450.96096875,,429.9691875,,475.51959375,,497.510984375,,524.588609375
"IMAGE 3.4","Very Low - SSP2","World","Capacity|Electricity|Solar|CSP","GW",1,6.3951337890625,,7.120154785156251,7.51149609375,64.1899609375,239.746,383.1753125,464.17390625,,536.7553125000001,,454.5816875,,630.422625,,874.7938750000001,,1150.131
"IMAGE 3.4","Very Low - SSP2","World","Capacity|Electricity|Solar|PV","GW",1,712.04371875,,2220.432625,4569.826,9589.283,15896.477,24937.394,29637.893,,34801.109,,40070.837,,48561.806,,48886.19,,49972.78
"IMAGE 3.4","Very Low - SSP2","World","Capacity|Electricity|Wind|Offshore","GW",1,34.3473515625,,80.5969765625,119.738296875,774.7916875,2140.881,3967.892,5500.142,,7441.565000000001,,7209.48,,8212.098,,8937.968,,7554.37
"IMAGE 3.4","Very Low - SSP2","World","Capacity|Electricity|Wind|Onshore","GW",1,694.7336875,,1107.852,1589.884,3483.779,4912.654,6951.401,8156.63,,9176.077,,9173.508,,11334.09,,12233.6,,11403.49
"IMAGE 3.4","High - SSP3","Africa (R10)","Capacity|Electricity|Biomass","GW",1,23.8842500667572,,23.14703322219849,26.06702691268921,28.66540296173095,29.26479030990601,27.45111427688599,24.70204833221435,,9.792030526638031,,3.643199176787865,,0.178652436732838,,0.32256344628294,,1.226161539554195
"IMAGE 3.4","High - SSP3","Africa (R10)","Capacity|Electricity|Coal","GW",1,63.91429504268383,,67.4776681278795,69.33755090922116,81.67030739414692,103.7906974287033,140.5244754838943,192.328727766119,,186.5899564948171,,182.2923005576134,,165.9581302268505,,120.3613078779767,,110.54965188656
"IMAGE 3.4","High - SSP3","Africa (R10)","Capacity|Electricity|Fossil","GW",1,198.6001241460335,,212.3694838337377,231.6804892301112,278.418781561751,341.9752658218742,417.6386012615487,504.3843136451309,,633.9866045182204,,757.6229300823778,,874.1019482571594,,935.3977205495869,,1048.964395437382
"IMAGE 3.4","High - SSP3","Africa (R10)","Capacity|Electricity|Gas","GW",1,98.75109170598537,,105.4736991431192,111.9289913215637,146.6695412527323,210.9432166852951,262.7732287101746,299.7394118423463,,422.6309632606507,,552.2558972206116,,686.4613844490052,,795.990892578125,,932.7330021362304
"IMAGE 3.4","High - SSP3","Africa (R10)","Capacity|Electricity|Geothermal","GW",1,0,,0,0,0,0,0,0,,0,,0,,0,,0,,0
"IMAGE 3.4","High - SSP3","Africa (R10)","Capacity|Electricity|Hydro","GW",1,35.9792763671875,,40.58180883789063,49.71093701171875,74.539927734375,94.2108671875,109.45079296875,126.2673271484375,,175.0915791015625,,237.54744921875,,296.47476171875,,322.8695146484375,,338.911908203125
"IMAGE 3.4","High - SSP3","Africa (R10)","Capacity|Electricity|Hydrogen","GW",1,0,,0,0,1.471440009593963,6.096300808429718,9.62809841120243,12.02663423025608,,27.45212444448471,,30.32962792158127,,24.71550156569481,,18.01125508491602,,5.337229880425265
"IMAGE 3.4","High - SSP3","Africa (R10)","Capacity|Electricity|Nuclear","GW",1,1.854,,1.854,6.654,9.36622900390625,21.76043505859375,29.5633681640625,37.0865859375,,53.9069111328125,,59.26891796875,,61.6445078125,,61.674298828125,,46.225900390625
"IMAGE 3.4","High - SSP3","Africa (R10)","Capacity|Electricity|Oil","GW",1,35.93473739736434,,39.41811656273902,50.41394699932634,50.07893291487172,27.24135170787573,14.34089706747979,12.31617403666582,,24.76568476275255,,23.07473230415287,,21.68243358130381,,19.04552009348511,,5.681741414591069
"IMAGE 3.4","High - SSP3","Africa (R10)","Capacity|Electricity|Other","GW",1,1.31386003112793,,1.405164260864257,2.276465362548828,3.864061429023742,5.429012994766236,7.272742758750915,9.549528220176697,,15.37419101786614,,23.62486336147785,,32.19625030922889,,44.82486332511903,,57.71664616322517
"IMAGE 3.4","High - SSP3","Africa (R10)","Capacity|Electricity|Solar|CSP","GW",1,1.085,,1.085,1.085,1.084999877929687,1.085,1.085000213623046,1.085,,1.203618774414062,,1.233273605346679,,1.206314674377441,,1.373474487304687,,1.738169128417968
"IMAGE 3.4","High - SSP3","Africa (R10)","Capacity|Electricity|Solar|PV","GW",1,9.559068847656249,,18.82545364379883,56.51963848876953,118.1688676147461,231.0044459838867,335.1216696777343,477.7708820800781,,914.8126054687501,,1482.049921386719,,2072.259342773437,,2771.259786132813,,3465.03377734375
"IMAGE 3.4","High - SSP3","Africa (R10)","Capacity|Electricity|Wind|Offshore","GW",1,0,,0,0.224152473449707,0.4142778930664061,0.552178329467773,1.430957077026367,2.963899124145508,,24.42052453613281,,53.26151254272461,,63.73287719726562,,73.26409545898437,,68.67649150848389
"IMAGE 3.4","High - SSP3","Africa (R10)","Capacity|Electricity|Wind|Onshore","GW",1,6.51375308561325,,12.38034203529358,21.18553662109375,28.53284350585938,39.84113284301758,58.71075872802734,91.66656567382813,,196.7570092773437,,299.7135942382812,,356.32203515625,,492.846517578125,,588.448734375
"IMAGE 3.4","High - SSP3","China+ (R10)","Capacity|Electricity|Biomass","GW",1,28.82788864135775,,29.32642868042026,31.95627926635776,33.85342868042025,30.29095925903354,26.68315298461948,28.56173291015658,,59.30560546875,,115.8950258789062,,132.2403714599609,,121.32647052145,,86.53747540426252
"IMAGE 3.4","High - SSP3","China+ (R10)","Capacity|Electricity|Coal","GW",1,1885.970357910156,,1932.628508056641,2009.809723022461,2104.864635009766,2304.60692578125,2141.496518554688,1828.282536132812,,1168.616171875,,975.241546875,,682.6240236816406,,501.1432570800781,,475.2108728637696
"IMAGE 3.4","High - SSP3","China+ (R10)","Capacity|Electricity|Fossil","GW",1,2051.615669036865,,2197.97909735012,2437.809699869156,2496.793536905288,2657.322298700333,2520.291868371964,2247.299880223275,,1636.689647465706,,1308.803476811408,,1069.598590094715,,855.9797637834112,,856.5190899913524
"IMAGE 3.4","High - SSP3","China+ (R10)","Capacity|Electricity|Gas","GW",1,131.8127232666016,,177.4633150634766,194.8894080810547,151.2361368408203,118.7366855010986,149.9133612823486,190.5683139953613,,244.6905900268555,,287.3696840209961,,375.4411303121149,,342.0213652801076,,364.8439975793575
"IMAGE 3.4","High - SSP3","China+ (R10)","Capacity|Electricity|Geothermal","GW",1,0,,0,0,0,0,0,0,,0,,0,,0,,0,,0
"IMAGE 3.4","High - SSP3","China+ (R10)","Capacity|Electricity|Hydro","GW",1,386.3990224609375,,564.2242246093749,684.605302734375,703.4640048828126,734.86826953125,735.19447265625,736.9411220703125,,731.5344052734375,,708.177125,,654.0118593750001,,519.9915686035156,,442.5330101928702
"IMAGE 3.4","High - SSP3","China+ (R10)","Capacity|Electricity|Hydrogen","GW",1,0,,0,0,0.412871490478515,1.524296020507812,2.625422119140625,4.3098837890625,,7.4877119140625,,10.99097045898437,,17.88991015625,,19.7226259765625,,102.5793798828125
"IMAGE 3.4","High - SSP3","China+ (R10)","Capacity|Electricity|Nuclear","GW",1,70.599,,87.015,117.0700078125,174.7641328125,293.38412109375,296.7350546875,316.62783984375,,328.1802734375,,315.6173671875,,293.567171875,,253.34137890625,,103.291759765625
"IMAGE 3.4","High - SSP3","China+ (R10)","Capacity|Electricity|Oil","GW",1,33.83258786010742,,87.88727423000336,233.1105687656402,240.6927650547028,233.978687417984,228.8819885349274,228.4490300951004,,223.3828855638504,,46.1922459154129,,11.53343610095978,,12.81514142322541,,16.4642195482254
"IMAGE 3.4","High - SSP3","China+ (R10)","Capacity|Electricity|Other","GW",1,0.300191000372171,,0.320085047155618,0.343634992986917,0.391303258329629,0.517169169425964,0.56181251040101,0.5675915817320341,,0.8026984233558171,,1.561813454419374,,2.44767306420207,,2.544752529025078,,2.427970726579428
"IMAGE 3.4","High - SSP3","China+ (R10)","Capacity|Electricity|Solar|CSP","GW",1,0.45020000000298,,0.57020000000298,0.57020000000298,0.5701272726953031,0.4651272755265231,0.208090896632522,0.014000040080398,,0.001107499029487,,6.624683737577186e-8,,6.624683737577186e-8,,6.624683737577186e-8,,6.624683737577186e-8
"IMAGE 3.4","High - SSP3","China+ (R10)","Capacity|Electricity|Solar|PV","GW",1,274.2601402587891,,1060.760658447266,2061.9050859375,3463.6941328125,4261.027392578125,4927.972810546875,5803.68703125,,6365.300333984375,,7711.763930664062,,8922.265550781249,,9706.160490234375,,9846.009208984375
"IMAGE 3.4","High - SSP3","China+ (R10)","Capacity|Electricity|Wind|Offshore","GW",1,9.254,,43.22396405029297,65.4858896484375,75.94157812499999,89.487830078125,78.9436484375,94.31086328125001,,191.992021484375,,223.777736328125,,321.74945703125,,297.2264453125,,241.43152734375
"IMAGE 3.4","High - SSP3","China+ (R10)","Capacity|Electricity|Wind|Onshore","GW",1,275.479193725586,,498.5108186035156,688.9527548828125,772.707517578125,1014.73241015625,914.7100478515625,934.17021484375,,1891.88825,,1994.197540039063,,1733.16983984375,,1897.807099609375,,1976.0785
"IMAGE 3.4","High - SSP3","Europe (R10)","Capacity|Electricity|Biomass","GW",1,98.24092578125001,,103.23026171875,105.2654409179688,96.25391699218751,82.27573364257813,65.64601904296876,48.53791625976562,,17.37471846961972,,1.726871454238862,,0.05659728572391901,,0.05706993228588,,1.680488630596732
"IMAGE 3.4","High - SSP3","Europe (R10)","Capacity|Electricity|Coal","GW",1,290.3141398010254,,313.5367598876953,286.0602467193604,332.6394091796875,346.581572265625,335.700333984375,314.705892578125,,203.8074072265625,,135.3422044677735,,80.75727099609375,,86.41080240631103,,95.67252746582031
"IMAGE 3.4","High - SSP3","Europe (R10)","Capacity|Electricity|Fossil","GW",1,634.569574859619,,700.1371979370118,653.2581655883789,655.1585502929688,622.1792980499267,591.7742128483056,560.1521850734092,,449.7819205604549,,349.9683226301968,,296.3485807142519,,355.2393207742432,,351.8681362499068
"IMAGE 3.4","High - SSP3","Europe (R10)","Capacity|Electricity|Gas","GW",1,255.9599440917969,,276.9762501220703,219.6762775878907,153.9953319091797,117.6584121246338,110.9241139866114,107.3292391517498,,127.0705894761086,,172.420431274414,,190.7024137191772,,240.34624122715,,229.0760633937927
"IMAGE 3.4","High - SSP3","Europe (R10)","Capacity|Electricity|Geothermal","GW",1,0,,0,0,0,0,0,0,,0,,0,,0,,0,,0
"IMAGE 3.4","High - SSP3","Europe (R10)","Capacity|Electricity|Hydro","GW",1,238.4844296875,,252.99651171875,260.601408203125,280.20534765625,300.1335234375,295.54648828125,296.4583828125,,278.42948828125,,263.57018359375,,278.41123046875,,280.06712890625,,262.906044921875
"IMAGE 3.4","High - SSP3","Europe (R10)","Capacity|Electricity|Hydrogen","GW",1,0,,0,0,2.081718994140625,16.91278173828125,25.96676953125,28.366806640625,,33.3918388671875,,41.5135205078125,,64.207140625,,78.75861675930024,,84.65143554687499
"IMAGE 3.4","High - SSP3","Europe (R10)","Capacity|Electricity|Nuclear","GW",1,116.037,,117.3236015625,118.9318984375,115.4602685546875,91.979310546875,58.358279296875,34.37503857421875,,39.68220394896716,,46.62244223021716,,55.58558285521716,,56.40818188476563,,53.72694580078125
"IMAGE 3.4","High - SSP3","Europe (R10)","Capacity|Electricity|Oil","GW",1,88.29549096679688,,109.6241879272461,147.5216412811279,168.5238092041016,157.939313659668,145.1497648773193,138.1170533435345,,118.9039238577839,,42.20568688800932,,24.88889599898085,,28.48227714078216,,27.11954539029388
"IMAGE 3.4","High - SSP3","Europe (R10)","Capacity|Electricity|Other","GW",1,3.360221954345703,,3.450399507522584,3.801458204269409,4.130313318252563,4.234977787017822,4.260031894683838,4.29585535812378,,4.503911895751953,,4.654694305419921,,5.210282978057862,,5.660492694854737,,6.076934527397155
"IMAGE 3.4","High - SSP3","Europe (R10)","Capacity|Electricity|Solar|CSP","GW",1,2.311823910154402,,2.311766048826277,2.212017025388777,1.294530941225588,0.27665888621658,0.0005471807681024076,0.000459701020270586,,0.0002073503848514519,,7.391836843453348e-7,,7.391836843453348e-7,,7.391836843453348e-7,,7.391836843453348e-7
"IMAGE 3.4","High - SSP3","Europe (R10)","Capacity|Electricity|Solar|PV","GW",1,156.621666015625,,409.4907446289062,671.005830078125,1018.20306640625,1244.641625,1303.1762578125,1321.24882421875,,1433.493281982422,,1715.390158203125,,1661.884384765625,,1595.897118164062,,1605.782986572266
"IMAGE 3.4","High - SSP3","Europe (R10)","Capacity|Electricity|Wind|Offshore","GW",1,24.898849609375,,35.60905078125,40.56116981697082,45.37649736022949,68.37681103515625,76.02104931640625,126.3353208007813,,288.516734375,,405.850666015625,,303.336736328125,,119.9377555999756,,180.8346240234375
"IMAGE 3.4","High - SSP3","Europe (R10)","Capacity|Electricity|Wind|Onshore","GW",1,190.2747412109375,,244.5506337890625,277.5477607421875,279.619146484375,335.560388671875,474.41618359375,542.9604501953125,,578.74766015625,,491.69332421875,,441.112322265625,,436.874845703125,,467.7764765625
"IMAGE 3.4","High - SSP3","India+ (R10)","Capacity|Electricity|Biomass","GW",1,30.65612987136841,,31.20297933769226,30.4524580078125,31.30989883422852,29.70381317138672,26.28933520507812,19.99602395629883,,7.274281677246094,,4.188341305499663,,0.453812628512954,,0.562969427829361,,0.5461636416965481
"IMAGE 3.4","High - SSP3","India+ (R10)","Capacity|Electricity|Coal","GW",1,296.3172001953125,,328.1227957673073,466.7605327758789,647.9141161956787,781.9268272399903,791.4653765258789,830.8078847656251,,793.8905285186768,,690.2415522375107,,475.3758188476563,,428.6324308776855,,423.6907223510742
"IMAGE 3.4","High - SSP3","India+ (R10)","Capacity|Electricity|Fossil","GW",1,362.0256343994141,,398.6465190339089,546.4194030587674,720.8215372524262,869.1543989758492,893.8868964114637,996.2590725313463,,1108.901204962186,,1223.641424399376,,1351.517147889167,,1436.337351777069,,1485.156718933106
"IMAGE 3.4","High - SSP3","India+ (R10)","Capacity|Electricity|Gas","GW",1,44.10248156738282,,46.51914318847657,52.64788699746132,56.61120586681366,82.63828623390198,100.1180602197647,162.9934617309571,,311.9231974334717,,531.037824584961,,872.5866678466797,,1003.692736206055,,1054.373522705078
"IMAGE 3.4","High - SSP3","India+ (R10)","Capacity|Electricity|Geothermal","GW",1,0,,0,0,0,0,0,0,,0,,0,,0,,0,,0
"IMAGE 3.4","High - SSP3","India+ (R10)","Capacity|Electricity|Hydro","GW",1,67.7740390625,,90.62708984375,166.2190625,178.55384765625,193.31682421875,209.4832265625,217.87328125,,242.3354140625,,244.238421875,,243.168,,262.0828046875,,294.711296875
"IMAGE 3.4","High - SSP3","India+ (R10)","Capacity|Electricity|Hydrogen","GW",1,0,,0,0,0,1.85239501953125,2.625756103515625,2.625756103515625,,2.625756103515625,,2.626406143307686,,1.078201293945312,,0.010558464050278,,0.017343923568711
"IMAGE 3.4","High - SSP3","India+ (R10)","Capacity|Electricity|Nuclear","GW",1,6.978,,11.3766650390625,19.682,86.5235009765625,106.666138671875,118.038841796875,159.92519921875,,242.6067734375,,344.2382734375,,481.984171875,,590.3576796875,,721.277015625
"IMAGE 3.4","High - SSP3","India+ (R10)","Capacity|Electricity|Oil","GW",1,21.60595263671875,,24.004580078125,27.01098328542709,16.29621518993378,4.58928550195694,2.303459665820003,2.4577260347642,,3.087479010037242,,2.362047576904297,,3.554661194831133,,4.012184693329036,,7.092473876953124
"IMAGE 3.4","High - SSP3","India+ (R10)","Capacity|Electricity|Other","GW",1,0,,0,0,0,0,0,0,,13.7666103515625,,18.250890625,,13.7113701171875,,17.901380859375,,22.0843571395874
"IMAGE 3.4","High - SSP3","India+ (R10)","Capacity|Electricity|Solar|CSP","GW",1,0.3425,,0.3425,0.3425,0.3425,0.3425,0.293136413574218,0.28804541015625,,0.201140502929687,,0.008450388908386001,,0,,0,,0
"IMAGE 3.4","High - SSP3","India+ (R10)","Capacity|Electricity|Solar|PV","GW",1,41.15172283935546,,160.070947265625,470.9493198242188,880.6059213867187,1333.842670898438,1991.423014648438,2523.220266601563,,3091.2487109375,,3576.959513671875,,4099.49203515625,,4475.360662109375,,4678.09194140625
"IMAGE 3.4","High - SSP3","India+ (R10)","Capacity|Electricity|Wind|Offshore","GW",1,0,,0,5.519003356933593,8.786096069335938,12.72293212890625,15.310033203125,16.6493115234375,,72.69901367187501,,176.8549619140625,,166.2010498046875,,178.741373046875,,379.88925
"IMAGE 3.4","High - SSP3","India+ (R10)","Capacity|Electricity|Wind|Onshore","GW",1,39.97896252441407,,55.13359057617188,126.2238515625,236.61830859375,319.594796875,425.4701953125,511.972984375,,702.3508125000001,,743.01571875,,670.3603125,,727.5055,,843.2425000000001
"IMAGE 3.4","High - SSP3","Latin America (R10)","Capacity|Electricity|Biomass","GW",1,66.19002571868896,,71.76339359283448,71.00189934539794,105.0198708953857,179.2991763687134,284.8160435810089,306.6895785713197,,283.0041311755181,,266.3942235993634,,146.4878825097088,,8.81908907890357,,0.275529152527358
"IMAGE 3.4","High - SSP3","Latin America (R10)","Capacity|Electricity|Coal","GW",1,24.77602484783716,,30.39024187569634,33.89799035644531,57.43242993927002,111.9529525871277,173.8958606948852,237.7177148332595,,295.3359662308693,,300.0235439877511,,254.5069593428151,,149.101218897966,,99.69216688340018
"IMAGE 3.4","High - SSP3","Latin America (R10)","Capacity|Electricity|Fossil","GW",1,233.3226700744775,,246.0203538068874,247.2130388525731,259.4878874319799,281.6296270857461,294.389883118387,321.868825106405,,370.7716714123684,,389.8308758112719,,395.3493501312869,,405.7240688617649,,390.4834517636863
"IMAGE 3.4","High - SSP3","Latin America (R10)","Capacity|Electricity|Gas","GW",1,111.4900600364037,,117.9490534353119,117.6659919738776,116.073992095948,109.2865732727058,85.49027880859444,64.58078037357399,,71.21536815303564,,87.72319158111141,,136.2169931535051,,251.6406484668345,,281.1907455689907
"IMAGE 3.4","High - SSP3","Latin America (R10)","Capacity|Electricity|Geothermal","GW",1,0,,0,0,0,0,0,0,,0,,0,,0,,0,,0
"IMAGE 3.4","High - SSP3","Latin America (R10)","Capacity|Electricity|Hydro","GW",1,271.2366420898438,,273.922162109375,273.176880859375,287.8812568359375,294.2967861328125,305.021583984375,320.06398828125,,338.1399130859375,,335.4212802734375,,340.8988852539063,,399.2609375,,489.9850906982422
"IMAGE 3.4","High - SSP3","Latin America (R10)","Capacity|Electricity|Hydrogen","GW",1,0,,0,0,0.029251249313354,0.9463486022949211,1.969954467773438,3.08697537612915,,9.7950732421875,,14.76739233398438,,18.320142578125,,21.3563044090271,,23.3477068862915
"IMAGE 3.4","High - SSP3","Latin America (R10)","Capacity|Electricity|Nuclear","GW",1,5.079333339929581,,5.078500007033348,5.106454552412033,8.812115633428096,16.72630921109091,17.70458472378622,21.22333081753622,,37.94328790283203,,50.35031372070313,,69.38777978515625,,72.0984921875,,68.72379030227661
"IMAGE 3.4","High - SSP3","Latin America (R10)","Capacity|Electricity|Oil","GW",1,97.05658519023658,,97.68105849587918,95.64905652225016,85.9814653967619,60.39010122591258,35.00374361490738,19.57032989957145,,4.220337028463487,,2.084140242409459,,4.625397634966564,,4.982201496964352,,9.600539311295408
"IMAGE 3.4","High - SSP3","Latin America (R10)","Capacity|Electricity|Other","GW",1,1.803814602661878,,2.056536335755139,2.332371861267834,3.261193599946797,4.098459303840994,4.84882450768724,5.442910613033921,,7.033070768479259,,9.756766084246337,,13.85537272865698,,22.27871607359871,,26.02760352533311
"IMAGE 3.4","High - SSP3","Latin America (R10)","Capacity|Electricity|Solar|CSP","GW",1,0,,0.136156997680664,0.145324996948242,0.145324996948242,0.145324996948242,0.145324996948242,0.145324996948242,,0.145324996948242,,0.145324996948242,,0.145324996948242,,0.145324996948242,,0.145324996948242
"IMAGE 3.4","High - SSP3","Latin America (R10)","Capacity|Electricity|Solar|PV","GW",1,18.20018146111071,,91.40322982788086,171.2720180664062,278.029931640625,368.2854609375,493.143166015625,634.4284453125,,824.8591171875,,1197.04379296875,,1676.59071484375,,2206.656076171875,,2420.93228515625
"IMAGE 3.4","High - SSP3","Latin America (R10)","Capacity|Electricity|Wind|Offshore","GW",1,0,,0,0,0,2.021231994628906,30.8360595703125,68.97204663085938,,116.8946120605469,,132.4490302734375,,191.0861923828125,,256.110232421875,,294.790466796875
"IMAGE 3.4","High - SSP3","Latin America (R10)","Capacity|Electricity|Wind|Onshore","GW",1,28.678583984375,,49.080755859375,52.08546508789063,71.75986718749999,103.162623046875,131.9437797851563,193.3168125,,276.0233779296875,,266.545916015625,,324.104740234375,,340.14542578125,,423.369810546875
"IMAGE 3.4","High - SSP3","Middle East (R10)","Capacity|Electricity|Biomass","GW",1,37.17176953125,,36.51785929372161,36.51785929372161,44.82723819997162,98.00508976247161,126.1904569499716,118.1630585124716,,98.27012067952008,,95.056703125,,37.7636484375,,0.000004102706909179688,,0.000004102706909179688
"IMAGE 3.4","High - SSP3","Middle East (R10)","Capacity|Electricity|Coal","GW",1,6.416842821411788,,6.345870861113071,5.915789850473404,5.971046686410904,13.33685447239876,14.64898102489859,14.99580140896153,,15.95588964990548,,16.707390625,,9.8851298828125,,5.6171650390625,,5.53118310546875
"IMAGE 3.4","High - SSP3","Middle East (R10)","Capacity|Electricity|Fossil","GW",1,280.2564440558479,,280.8981624184251,271.4554660570622,285.6491252367497,274.2054907953739,269.3610498353615,305.9697170067636,,350.519623422627,,383.0460869140625,,478.228681640625,,523.0416704101563,,580.6774931640625
"IMAGE 3.4","High - SSP3","Middle East (R10)","Capacity|Electricity|Gas","GW",1,170.0984005126953,,171.5205026855469,167.6846435546875,184.6035849609375,226.1886400146485,253.7201662597656,289.1528201904297,,328.2256986083984,,357.55027734375,,454.8466015625,,501.6502749023438,,561.7433999023438
"IMAGE 3.4","High - SSP3","Middle East (R10)","Capacity|Electricity|Geothermal","GW",1,0,,0,0,0,0,0,0,,0,,0,,0,,0,,0
"IMAGE 3.4","High - SSP3","Middle East (R10)","Capacity|Electricity|Hydro","GW",1,15.5972001953125,,16.133169921875,16.06591015625,15.998650390625,22.36125,26.74351953125,32.486740234375,,36.17048828125,,47.7458203125,,49.5293515625,,46.8953515625,,49.27044921875
"IMAGE 3.4","High - SSP3","Middle East (R10)","Capacity|Electricity|Hydrogen","GW",1,0,,0,0,0.10248860168457,5.836955078125,11.3723701171875,13.2399697265625,,15.6819599609375,,15.6819599609375,,9.880663085937499,,2.285343017578125,,2.6702880859375e-7
"IMAGE 3.4","High - SSP3","Middle East (R10)","Capacity|Electricity|Nuclear","GW",1,2.26,,6.236,7.293,31.16433984375,42.31816015625,46.8365390625,47.19628125,,47.8403984375,,47.5908515625,,44.5512109375,,34.4778515625,,5.9692890625
"IMAGE 3.4","High - SSP3","Middle East (R10)","Capacity|Electricity|Oil","GW",1,103.7412007217407,,103.0317888717651,97.85503265190124,95.07449358940124,34.67999630832672,0.991902550697326,1.821095407372341,,6.338035164323038,,8.7884189453125,,13.4969501953125,,15.77423046875,,13.40291015625
"IMAGE 3.4","High - SSP3","Middle East (R10)","Capacity|Electricity|Other","GW",1,0.005059999998658,,0.005197145041078001,0.005918976366519,0.006737481173127001,0.007867601454257,0.009063236296176001,0.010281692646443,,0.012605544120073,,0.014581955488771,,0.016497608959674,,0.018408110037446,,0.020310509093105
"IMAGE 3.4","High - SSP3","Middle East (R10)","Capacity|Electricity|Solar|CSP","GW",1,0.4497099914550781,,0.9435,0.9435001220703121,0.9435,0.9435001220703121,0.9435001220703121,0.9435,,0.943499877929687,,0.9435,,0.943499877929687,,0.9435,,0.943499877929687
"IMAGE 3.4","High - SSP3","Middle East (R10)","Capacity|Electricity|Solar|PV","GW",1,7.662993896484375,,53.312568359375,143.726859375,265.3927265625,396.954046875,509.1101015625,708.2752421875,,916.006740234375,,1119.1117109375,,1383.19578125,,1800.034640625,,2208.58991015625
"IMAGE 3.4","High - SSP3","Middle East (R10)","Capacity|Electricity|Wind|Offshore","GW",1,0,,0,0,0,2.81352294921875,4.64418017578125,4.89475,,4.8603828125,,7.0009931640625,,12.468400390625,,11.71758984375,,10.3275400390625
"IMAGE 3.4","High - SSP3","Middle East (R10)","Capacity|Electricity|Wind|Onshore","GW",1,0.9336151123046871,,1.928410034179687,1.9499599609375,4.46363623046875,40.04523046875,64.819640625,86.5160625,,120.4465,,101.5831015625,,121.6725,,129.717796875,,171.936296875
"IMAGE 3.4","High - SSP3","North America (R10)","Capacity|Electricity|Biomass","GW",1,147.6660460205078,,142.3808522949219,129.0654028930664,111.5312266693115,87.10152682495118,59.0411141204834,44.6649930267334,,7.879582565307618,,0.00001203358196653425,,0.00001203358196653425,,0.00001203358196653425,,0.00001203358196653425
"IMAGE 3.4","High - SSP3","North America (R10)","Capacity|Electricity|Coal","GW",1,326.571333984375,,336.243603515625,349.183255859375,318.8717397460937,289.3329510498046,275.0721170654297,265.5184757385254,,206.8742133178711,,91.99790446424484,,76.37220412063598,,101.2950867151878,,139.264024714306
"IMAGE 3.4","High - SSP3","North America (R10)","Capacity|Electricity|Fossil","GW",1,914.9725309753418,,942.3078215332031,991.5449807128907,921.5200329589843,811.0217447662353,721.635941908121,730.6170940783471,,658.3078804321289,,487.4209353480339,,490.9610015449524,,465.7520824122093,,465.3223118389398
"IMAGE 3.4","High - SSP3","North America (R10)","Capacity|Electricity|Gas","GW",1,495.915318359375,,511.2552629394531,549.2801691894531,516.3285983886719,442.9959291992187,370.1988032226562,399.8542114257813,,439.9541069335938,,387.6352719726563,,405.9036306152344,,355.5426784667969,,310.9801711425781
"IMAGE 3.4","High - SSP3","North America (R10)","Capacity|Electricity|Geothermal","GW",1,0,,0,0,0,0,0,0,,0,,0,,0,,0,,0
"IMAGE 3.4","High - SSP3","North America (R10)","Capacity|Electricity|Hydro","GW",1,186.9084453125,,203.1576484375,200.9119453125,195.6423203125,199.5433046875,236.763796875,243.6675,,227.0858125,,215.4451875,,220.1864375,,260.3600078125,,264.088828125
"IMAGE 3.4","High - SSP3","North America (R10)","Capacity|Electricity|Hydrogen","GW",1,7.661000722691824e-10,,7.661000722691824e-10,7.661000722691824e-10,1.341845764160156,4.242620483398437,5.873227661132812,5.935568481445313,,21.24895147705078,,64.62333374023437,,99.4084072265625,,110.76369140625,,114.857009765625
"IMAGE 3.4","High - SSP3","North America (R10)","Capacity|Electricity|Nuclear","GW",1,107.3870234375,,109.6210234375,109.424337890625,87.2352138671875,56.0961318359375,34.07858276367188,17.65317492675781,,11.00021875,,8.994155334472655,,6.866770233154298,,1.979961151123046,,0.022711385756731
"IMAGE 3.4","High - SSP3","North America (R10)","Capacity|Electricity|Oil","GW",1,92.4858786315918,,94.808955078125,93.0815556640625,86.31969482421874,78.69286451721192,76.36502162003518,65.24440691404045,,11.47956018066406,,7.787758911132814,,8.68516680908203,,8.91431723022461,,15.07811598205566
"IMAGE 3.4","High - SSP3","North America (R10)","Capacity|Electricity|Other","GW",1,3.949082021474838,,4.306471658468246,4.626310521841049,4.662611013621092,4.652341517955064,4.565312651455403,4.494733491659164,,5.874488613396883,,6.054147706389427,,5.845705630570651,,5.365163943082094,,6.794648112088444
"IMAGE 3.4","High - SSP3","North America (R10)","Capacity|Electricity|Solar|CSP","GW",1,1.747900024414063,,1.723031982421875,1.658363037109375,1.48,1.48,1.48,1.48,,1.255640014648437,,0.232867004394531,,0.06239054107666001,,2.455711073707789e-7,,2.455711073707789e-7
"IMAGE 3.4","High - SSP3","North America (R10)","Capacity|Electricity|Solar|PV","GW",1,79.07220007324219,,223.2343706054687,347.1110805664063,505.805439453125,798.3780937500001,1150.804900390625,1360.163759765625,,1869.026177734375,,2198.297052734375,,2403.602553710938,,2400.609033203125,,2398.02910546875
"IMAGE 3.4","High - SSP3","North America (R10)","Capacity|Electricity|Wind|Offshore","GW",1,0.02929999923706,,0.309416687011718,0.496299987792968,0.842630981445312,4.598801940917969,8.89660302734375,30.662068359375,,78.64284960937499,,71.548380859375,,35.7605791015625,,54.63016015625,,109.73458203125
"IMAGE 3.4","High - SSP3","North America (R10)","Capacity|Electricity|Wind|Onshore","GW",1,132.166203125,,202.624876953125,212.922322265625,192.83665625,209.374984375,229.288921875,298.80200390625,,578.98871875,,595.913203125,,579.7860742187501,,687.87942578125,,878.346125
"IMAGE 3.4","High - SSP3","Pacific OECD (R10)","Capacity|Electricity|Biomass","GW",1,11.05470660400391,,11.24807088091969,10.75686027479172,9.713951740741729,8.374486164569854,5.751342457294464,3.427509506702424,,0.8735770287514171,,4.05705948325251,,8.837501639090522,,11.49743132659052,,24.11354169531916
"IMAGE 3.4","High - SSP3","Pacific OECD (R10)","Capacity|Electricity|Coal","GW",1,85.31361035156249,,92.8947171215415,86.00774797868729,78.82000080490113,72.07809265136719,68.73042847824097,72.98733917617798,,78.45812698650361,,72.46831840515136,,70.47328073120117,,60.45858007907867,,47.74609415912628
"IMAGE 3.4","High - SSP3","Pacific OECD (R10)","Capacity|Electricity|Fossil","GW",1,238.1874475073814,,258.8443557596207,245.0936500923634,232.1714583864212,216.4830519743562,209.6693412642013,204.1563725953319,,165.445604468529,,135.0268185585953,,126.105202761585,,125.5840196661801,,117.6267787200157
"IMAGE 3.4","High - SSP3","Pacific OECD (R10)","Capacity|Electricity|Gas","GW",1,98.471560546875,,107.7156380646229,101.3516461732388,97.4110910987854,93.54917611658573,92.04507931281626,85.68224314419086,,64.54209002685548,,56.04793762207032,,52.84709659039974,,62.14337440102362,,65.61106957012414
"IMAGE 3.4","High - SSP3","Pacific OECD (R10)","Capacity|Electricity|Geothermal","GW",1,0,,0,0,0,0,0,0,,0,,0,,0,,0,,0
"IMAGE 3.4","High - SSP3","Pacific OECD (R10)","Capacity|Electricity|Hydro","GW",1,60.890521484375,,62.06571875,61.3609990234375,63.602759765625,67.189587890625,66.889171875,67.156830078125,,63.374970703125,,59.54526953125,,48.122599609375,,45.99281054687501,,42.97905078125
"IMAGE 3.4","High - SSP3","Pacific OECD (R10)","Capacity|Electricity|Hydrogen","GW",1,0,,0,0,1.059553955078125,4.47042919921875,7.01582080078125,7.6793828125,,7.93494761657715,,8.83001892089844,,11.23615258789063,,12.624966796875,,16.5929267578125
"IMAGE 3.4","High - SSP3","Pacific OECD (R10)","Capacity|Electricity|Nuclear","GW",1,28.608419921875,,28.49816015625,27.94683984375,29.527779296875,27.42125,22.240369140625,22.155849609375,,30.754740234375,,36.0168515625,,38.58398046875,,37.73533984375,,27.135560546875
"IMAGE 3.4","High - SSP3","Pacific OECD (R10)","Capacity|Electricity|Oil","GW",1,54.40227660894394,,58.23400057345629,57.73425594043731,55.94036648273468,50.85578320640326,48.89383347314411,45.48679027496308,,22.44538745516991,,6.51056253137363,,2.784825439984061,,2.98206518607781,,4.269614990765311
"IMAGE 3.4","High - SSP3","Pacific OECD (R10)","Capacity|Electricity|Other","GW",1,1.7390299243927,,1.793204179763793,1.920989983320236,2.108549285650253,2.602473177433014,3.161589217901229,6.63089245414734,,22.70136263179779,,26.43212386631966,,18.53136503243446,,5.174512204408646,,12.11634579777718
"IMAGE 3.4","High - SSP3","Pacific OECD (R10)","Capacity|Electricity|Solar|CSP","GW",1,0.003,,0.003,0.003,0.003,0.003,0.003,0.003,,0.003,,0.003,,0.003,,0.003,,0.003
"IMAGE 3.4","High - SSP3","Pacific OECD (R10)","Capacity|Electricity|Solar|PV","GW",1,92.06394091796875,,153.864828125,214.06287890625,256.546228515625,275.39659375,287.4464619140625,288.911603515625,,306.7009951171875,,344.08628125,,373.767943359375,,384.5744711914063,,400.3484873046875
"IMAGE 3.4","High - SSP3","Pacific OECD (R10)","Capacity|Electricity|Wind|Offshore","GW",1,0.066,,0.351050811767578,0.7475784301757811,11.0420400390625,21.72800887298584,41.82250317382812,57.67061718750001,,65.2900625,,58.07091015625,,38.273640625,,26.370943359375,,42.71691015625
"IMAGE 3.4","High - SSP3","Pacific OECD (R10)","Capacity|Electricity|Wind|Onshore","GW",1,15.01248046875,,24.99157666015625,29.3905478515625,29.52490576171875,32.6227021484375,38.23184814453125,42.706203125,,66.41280419921875,,78.39543945312501,,70.741806640625,,87.0596015625,,105.5413901367187
"IMAGE 3.4","High - SSP3","Reforming Economies (R10)","Capacity|Electricity|Biomass","GW",1,15.05464291381836,,18.58740741729713,29.13270318603515,39.48314489746094,41.23983773803711,41.05545965576172,40.72010678100586,,29.38396834564209,,12.58992006492615,,0.228553276062015,,0.386453680276874,,0.4070788633823431
"IMAGE 3.4","High - SSP3","Reforming Economies (R10)","Capacity|Electricity|Coal","GW",1,137.4824016304016,,138.8827314348221,133.7119151916504,162.9580219726562,180.7561669921875,189.711263671875,162.29098828125,,134.77608370018,,107.7984457831886,,89.15961462402343,,78.56937792968749,,68.88816455078126
"IMAGE 3.4","High - SSP3","Reforming Economies (R10)","Capacity|Electricity|Fossil","GW",1,622.4838763618469,,565.0008654375076,440.7382551116944,391.9479397125245,426.8906133117675,437.7741931877137,434.7042651290894,,451.6800613577485,,458.0365754566654,,461.5154724773275,,463.8388504356254,,466.2575474944222
"IMAGE 3.4","High - SSP3","Reforming Economies (R10)","Capacity|Electricity|Gas","GW",1,432.5386025657654,,382.529423614502,264.0055995330811,186.4278642120362,205.681736541748,222.2390029296874,249.4689652023316,,308.939040205365,,349.4064755805796,,371.6626817016602,,384.5708954467773,,396.8149716991186
"IMAGE 3.4","High - SSP3","Reforming Economies (R10)","Capacity|Electricity|Geothermal","GW",1,0,,0,0,0,0,0,0,,0,,0,,0,,0,,0
"IMAGE 3.4","High - SSP3","Reforming Economies (R10)","Capacity|Electricity|Hydro","GW",1,63.34977075195312,,69.26246142578125,79.58104541015625,81.95655151367188,80.7540390625,79.48156689453126,77.11520678710937,,69.29944946289062,,58.73056835937501,,65.973072265625,,88.073162109375,,87.40845126342774
"IMAGE 3.4","High - SSP3","Reforming Economies (R10)","Capacity|Electricity|Hydrogen","GW",1,0,,0,0,0,0,0,0.003809205889701,,0.059328692197799,,0.690641038894653,,0.7128527545928951,,1.071326814651489,,2.622641345977783
"IMAGE 3.4","High - SSP3","Reforming Economies (R10)","Capacity|Electricity|Nuclear","GW",1,41.57,,43.935,46.49268824005127,48.23073352050781,41.01597741699219,31.70608642578125,25.09887255859375,,26.17445141601562,,23.07536962890625,,18.20053271484375,,11.65529406738281,,7.574751970291138
"IMAGE 3.4","High - SSP3","Reforming Economies (R10)","Capacity|Electricity|Oil","GW",1,52.46287216567993,,43.5887103881836,43.0207403869629,42.56205352783203,40.45270977783204,25.82392658615112,22.94431164550781,,7.964937452203362,,0.831654092897224,,0.693176151644002,,0.6985770591604811,,0.554411244522343
"IMAGE 3.4","High - SSP3","Reforming Economies (R10)","Capacity|Electricity|Other","GW",1,0.09710001373291001,,0.102016502380371,0.101588203430175,0.1013291015625,0.08675392150878901,0.108915603637695,0.119590202331543,,0.190854244232177,,0.251010795593261,,0.252432327270507,,0.204520095825195,,0.275871803283691
"IMAGE 3.4","High - SSP3","Reforming Economies (R10)","Capacity|Electricity|Solar|CSP","GW",1,0,,0,0,0,0,0,0,,0,,0,,0,,0,,0
"IMAGE 3.4","High - SSP3","Reforming Economies (R10)","Capacity|Electricity|Solar|PV","GW",1,10.27538604736328,,12.82231701660156,36.94572094726563,63.46090075683594,106.3698487548828,143.1226542968749,205.7884889526367,,365.8664500122071,,529.3591700439454,,625.5273287353515,,805.2162338867188,,1083.8169921875
"IMAGE 3.4","High - SSP3","Reforming Economies (R10)","Capacity|Electricity|Wind|Offshore","GW",1,0,,0,0,0,0,0.020172489166259,0.033620819091796,,5.730383514404297,,6.569985351562502,,4.765025634765625,,1.561041137695312,,5.296318969726563
"IMAGE 3.4","High - SSP3","Reforming Economies (R10)","Capacity|Electricity|Wind|Onshore","GW",1,3.172475036621093,,6.2234228515625,13.30476684570313,17.559416015625,18.37672094726562,24.83166943359375,23.26284802246094,,48.01527099609375,,74.98679150390625,,74.50867602539063,,52.60537548828125,,59.9207509765625
"IMAGE 3.4","High - SSP3","Rest of Asia (R10)","Capacity|Electricity|Biomass","GW",1,24.0147951207161,,24.40855250072479,23.1219455871582,28.31312716674805,26.17065727615356,22.11198771286011,18.36242206192016,,12.24562872695923,,8.814338440895082,,33.60706296286733,,93.8858202314377,,166.4872051205635
"IMAGE 3.4","High - SSP3","Rest of Asia (R10)","Capacity|Electricity|Coal","GW",1,121.44426171875,,138.5213448726237,147.650337331295,205.1193974494934,263.0285943222046,314.5897678909302,334.0511875305176,,330.2619680175781,,320.1688134765625,,266.1787332763672,,226.6648852539062,,219.4140134277343
"IMAGE 3.4","High - SSP3","Rest of Asia (R10)","Capacity|Electricity|Fossil","GW",1,227.2330046386718,,251.6001869136393,270.0557531233132,343.8336431517601,428.468740705967,514.3383648359627,551.0871219929434,,591.8182365623968,,591.5213870954663,,544.2389723844533,,495.1844973707202,,482.3793924894337
"IMAGE 3.4","High - SSP3","Rest of Asia (R10)","Capacity|Electricity|Gas","GW",1,75.23077319335937,,79.73088110351563,82.0865573001206,100.7639030561447,131.9582404026986,167.1439547787011,184.9605781825744,,233.2947089691162,,257.9297396345139,,268.5044721832276,,259.6028198013306,,255.0873147735595
"IMAGE 3.4","High - SSP3","Rest of Asia (R10)","Capacity|Electricity|Geothermal","GW",1,0,,0,0,0,0,0,0,,0,,0,,0,,0,,0
"IMAGE 3.4","High - SSP3","Rest of Asia (R10)","Capacity|Electricity|Hydro","GW",1,51.2852548828125,,63.2188505859375,96.237638671875,124.580466796875,134.229623046875,144.50903125,151.3965234375,,168.8475390625,,178.87850390625,,191.32884765625,,201.086625,,190.01655859375
"IMAGE 3.4","High - SSP3","Rest of Asia (R10)","Capacity|Electricity|Hydrogen","GW",1,0,,0,0,0.008339738845825001,0.0212043800354,0.740523530960083,1.304396883010864,,1.305145042419434,,1.314800533294678,,1.270913017272948,,0.9883738250732421,,1.196376838684081
"IMAGE 3.4","High - SSP3","Rest of Asia (R10)","Capacity|Electricity|Nuclear","GW",1,0,,0,0,0,0,0,0,,42.162900390625,,80.96398046875,,151.0061953125,,208.9676953125,,283.776296875
"IMAGE 3.4","High - SSP3","Rest of Asia (R10)","Capacity|Electricity|Oil","GW",1,30.5579697265625,,33.34796093750001,40.31885849189759,37.95034264612198,33.48190598106384,32.60464216633141,32.07535627985141,,28.26155957570256,,13.4228339843898,,9.55576692485856,,8.916792315483558,,7.878064288139809
"IMAGE 3.4","High - SSP3","Rest of Asia (R10)","Capacity|Electricity|Other","GW",1,5.08860888671875,,6.189658203125,8.33548486328125,10.9799140625,13.867958984375,16.750103515625,19.04499658203125,,25.8396611328125,,33.77391674804687,,42.6269013671875,,56.999572265625,,63.97352294921875
"IMAGE 3.4","High - SSP3","Rest of Asia (R10)","Capacity|Electricity|Solar|CSP","GW",1,0.005,,0.005,0.005,0.005,0.005,0.005,0.005,,0.003140496015548,,0.0001239664033055306,,0,,0,,0
"IMAGE 3.4","High - SSP3","Rest of Asia (R10)","Capacity|Electricity|Solar|PV","GW",1,23.17644091796875,,36.9377001953125,167.991630859375,300.93236328125,499.239072265625,734.481337890625,939.8802890625,,1017.90284765625,,1043.9586171875,,1124.672125,,1058.323765625,,1105.1702265625
"IMAGE 3.4","High - SSP3","Rest of Asia (R10)","Capacity|Electricity|Wind|Offshore","GW",1,0.09919999694824201,,1.1035,2.219994262695312,9.787132934570314,21.31836279296875,40.833529296875,56.638439453125,,179.04355078125,,264.94534375,,265.9287734375,,227.7283671875,,238.68546875
"IMAGE 3.4","High - SSP3","Rest of Asia (R10)","Capacity|Electricity|Wind|Onshore","GW",1,2.523655944824219,,12.4340244140625,18.0285888671875,42.92745703125,51.63588330078125,53.9846845703125,54.72167822265624,,59.23387011718751,,63.57542724609375,,67.87392822265625,,71.22230615234375,,72.40008691406251
"IMAGE 3.4","High - SSP3","World","Capacity|Electricity|Biomass","GW",1,482.7611875,,491.81284375,493.337875,528.9712421875,611.7260468750001,685.0360859375,653.82544140625,,525.40369921875,,512.365626953125,,359.8541353302002,,236.8579022064209,,281.2735892333985
"IMAGE 3.4","High - SSP3","World","Capacity|Electricity|Coal","GW",1,3238.5205,,3385.044625,3588.335125,3996.2613125,4467.391000000001,4445.836,4253.686845947265,,3414.56671484375,,2892.28221484375,,2171.29104296875,,1758.25380859375,,1685.659828125
"IMAGE 3.4","High - SSP3","World","Capacity|Electricity|Fossil","GW",1,5763.26669140625,,6053.8047734375,6335.26909375,6585.80297265625,6929.33015625,6870.7609296875,6856.49923828125,,6417.903479278564,,6084.919389853954,,6087.964780441284,,6062.079340332031,,6245.255845401764
"IMAGE 3.4","High - SSP3","World","Capacity|Electricity|Gas","GW",1,1914.370625,,1977.13359375,1861.21740625,1710.1215,1739.6371875,1814.5656875,2034.330109375,,2552.486890625,,3039.37709375,,3815.172984375,,4197.202203125,,4452.4544140625
"IMAGE 3.4","High - SSP3","World","Capacity|Electricity|Geothermal","GW",1,0,,0,0,0,0,0,0,,0,,0,,0,,0,,0
"IMAGE 3.4","High - SSP3","World","Capacity|Electricity|Hydro","GW",1,1377.905,,1636.19,1888.471,2006.425,2120.904,2209.084,2269.427,,2330.309,,2349.3,,2388.105,,2426.68,,2462.811
"IMAGE 3.4","High - SSP3","World","Capacity|Electricity|Hydrogen","GW",1,7.661000722691824e-10,,7.661000722691824e-10,7.661000722691824e-10,6.507509765625,41.903328125,67.817953125,78.57919160747528,,126.9828219909668,,191.3686570606232,,248.71985958004,,265.5930147059402,,351.202093756768
"IMAGE 3.4","High - SSP3","World","Capacity|Electricity|Nuclear","GW",1,380.3728125,,410.938,458.6011875,591.0843125,697.367875,655.2616875,681.342125,,860.252125,,1012.739,,1221.378,,1328.696,,1317.724
"IMAGE 3.4","High - SSP3","World","Capacity|Electricity|Oil","GW",1,610.37556640625,,691.6265546875001,885.7165625,879.4201601562501,722.30196875,610.3592421875001,568.4822829589843,,450.8498738098145,,153.2600812602043,,101.5007530975342,,106.6233286132812,,107.1416032142639
"IMAGE 3.4","High - SSP3","World","Capacity|Electricity|Other","GW",1,17.65697122192383,,19.62873294830322,23.74421752929688,29.50601036834717,35.49701531982422,41.53840002441407,50.1563740234375,,96.0994609375,,124.37480859375,,134.6938515625,,160.9723828125,,197.5141953125
"IMAGE 3.4","High - SSP3","World","Capacity|Electricity|Solar|CSP","GW",1,6.3951337890625,,7.120154785156251,6.96490478515625,5.86898291015625,4.74611083984375,4.16360009765625,3.964330078125,,3.756678955078125,,2.566541015625,,2.360531005859375,,2.465301025390625,,2.8299951171875
"IMAGE 3.4","High - SSP3","World","Capacity|Electricity|Solar|PV","GW",1,712.04371875,,2220.722625,4341.49,7150.839,9515.139000000001,11875.806,14263.378,,17105.218,,20918.024,,24343.26,,27204.096,,29211.8
"IMAGE 3.4","High - SSP3","World","Capacity|Electricity|Wind|Offshore","GW",1,34.3473515625,,80.5969765625,115.2541015625,152.190296875,223.619703125,298.7588125,459.13090625,,1028.09,,1400.33,,1403.303,,1247.288,,1572.383
"IMAGE 3.4","High - SSP3","World","Capacity|Electricity|Wind|Onshore","GW",1,694.7336875,,1107.858,1441.592,1676.55,2164.947,2416.408,2780.096,,4518.864,,4709.62,,4439.652,,4923.664,,5587.061
"IMAGE 3.4","High - SSP5","Africa (R10)","Capacity|Electricity|Biomass","GW",1,23.8842500667572,,23.14782118606567,26.06610942459107,28.19864216995239,28.55382038879394,26.73184204864502,23.99854731178284,,9.210080479204654,,6.546199255972664,,33.02761116957621,,53.24350989556269,,69.3782173349853
"IMAGE 3.4","High - SSP5","Africa (R10)","Capacity|Electricity|Coal","GW",1,63.91429504268383,,67.47957987104355,68.46939357966184,89.61582522177697,149.1200389885902,236.3271051297188,360.0186091854796,,440.6273450703711,,465.6977070336342,,429.7459068042487,,311.5811775109768,,265.0087663807869
"IMAGE 3.4","High - SSP5","Africa (R10)","Capacity|Electricity|Fossil","GW",1,198.6001241460335,,212.3740116581396,231.2394393834621,314.1715434809029,486.6830690752267,719.2601455984116,1023.084415659543,,1487.871485109399,,1987.167805969071,,2392.626993253598,,2607.505491396487,,2820.969015186774
"IMAGE 3.4","High - SSP5","Africa (R10)","Capacity|Electricity|Gas","GW",1,98.75109170598537,,105.4741731345132,112.3621021003723,173.9058167908192,312.0985114965439,468.5246345100403,644.5414611895085,,1013.831906097412,,1466.675546661377,,1884.454089767456,,2199.407490768433,,2466.188776321411
"IMAGE 3.4","High - SSP5","Africa (R10)","Capacity|Electricity|Geothermal","GW",1,0,,0,0,0,0,0,0,,0,,0,,0,,0,,0
"IMAGE 3.4","High - SSP5","Africa (R10)","Capacity|Electricity|Hydro","GW",1,35.9792763671875,,40.58188061523438,49.75145849609375,82.2726025390625,107.915890625,135.8328017578125,170.854455078125,,276.9458232421875,,331.8464111328125,,348.6899829101562,,350.2021044921875,,346.8017202148437
"IMAGE 3.4","High - SSP5","Africa (R10)","Capacity|Electricity|Hydrogen","GW",1,0,,0,0,1.427020650863648,7.485073916435241,12.83883328056335,21.02895680046082,,37.63059723281861,,42.7538377532959,,41.59017411518096,,37.79609365284443,,64.45967089845428
"IMAGE 3.4","High - SSP5","Africa (R10)","Capacity|Electricity|Nuclear","GW",1,1.854,,1.854,6.654,7.460671875,9.42853173828125,9.1037578125,9.132895751953125,,9.88428271484375,,9.88415576171875,,9.874315673828125,,6.951571044921875,,2.439256622314453
"IMAGE 3.4","High - SSP5","Africa (R10)","Capacity|Electricity|Oil","GW",1,35.93473739736434,,39.42025865258277,50.40794370342792,50.64990146830677,25.46451859009266,14.40840595865249,18.52434528455511,,33.4122339416158,,54.7945522740603,,78.42699668189232,,96.51682311707654,,89.77147248457534
"IMAGE 3.4","High - SSP5","Africa (R10)","Capacity|Electricity|Other","GW",1,1.31386003112793,,1.405164260864257,2.276386291503907,4.200427060127258,7.103911737442017,12.15027989864349,26.49386641597748,,61.91494071650506,,98.51686790859699,,128.4501878092289,,164.2914194164276,,206.4685330221653
"IMAGE 3.4","High - SSP5","Africa (R10)","Capacity|Electricity|Solar|CSP","GW",1,1.085,,1.085,1.085,1.084999877929687,1.085,1.085000213623046,1.085,,1.556856781005859,,4.01256795501709,,9.266515312194825,,10.20108949279785,,5.528994995117188
"IMAGE 3.4","High - SSP5","Africa (R10)","Capacity|Electricity|Solar|PV","GW",1,9.559068847656249,,18.82486502075195,57.23822393798828,153.2813187255859,285.9754104003906,477.095594482422,813.8442973632813,,1843.712303710937,,3395.702765625,,5971.1685,,8991.379810546874,,12916.295875
"IMAGE 3.4","High - SSP5","Africa (R10)","Capacity|Electricity|Wind|Offshore","GW",1,0,,0,0.231836296081543,0.50728271484375,2.565045516967774,10.33490481567383,27.46140893554687,,138.6459216308594,,191.3772963867187,,196.9207846679687,,182.4418974609375,,217.5441801757813
"IMAGE 3.4","High - SSP5","Africa (R10)","Capacity|Electricity|Wind|Onshore","GW",1,6.51375308561325,,12.3782283039093,21.09594506835938,33.29734326171875,83.5607537841797,165.6335070800781,270.2688022460937,,597.0299414062499,,935.656203125,,1277.947453125,,1852.19801953125,,2131.3974453125
"IMAGE 3.4","High - SSP5","China+ (R10)","Capacity|Electricity|Biomass","GW",1,28.82788864135775,,29.32642868042026,32.87415914917026,38.58683883667025,35.19648715209995,29.57910951614414,23.60880917739901,,100.0091201032698,,141.3730829938948,,205.3368507055342,,344.4629071230291,,358.5640124817564
"IMAGE 3.4","High - SSP5","China+ (R10)","Capacity|Electricity|Coal","GW",1,1885.970357910156,,1932.62017602539,2009.352840209961,2060.226799072266,2224.704525512695,2129.559338134765,1924.79995388794,,1331.976362548829,,1083.942472900391,,906.936037841797,,703.387338470459,,711.1732438502312
"IMAGE 3.4","High - SSP5","China+ (R10)","Capacity|Electricity|Fossil","GW",1,2051.615669036865,,2197.937095885277,2439.335915079117,2482.382037759781,2717.352641031266,2763.663071054458,2743.762410837173,,2398.230620458246,,2066.538928291854,,1736.557616048209,,1404.862332775861,,1351.415290731147
"IMAGE 3.4","High - SSP5","China+ (R10)","Capacity|Electricity|Gas","GW",1,131.8127232666016,,177.4617955322266,197.9225661621094,182.579107421875,258.4673245849609,398.1028037109375,575.6709033203125,,811.4896528320312,,901.4776536254883,,767.1630836486815,,630.7440630023779,,576.0765875010939
"IMAGE 3.4","High - SSP5","China+ (R10)","Capacity|Electricity|Geothermal","GW",1,0,,0,0,0,0,0,0,,0,,0,,0,,0,,0
"IMAGE 3.4","High - SSP5","China+ (R10)","Capacity|Electricity|Hydro","GW",1,386.3990224609375,,564.510974609375,685.502802734375,713.4648798828125,755.0444570312501,760.6797851562501,765.0246220703125,,753.5274052734375,,730.170125,,672.781671875,,569.0928811035157,,502.2530101928701
"IMAGE 3.4","High - SSP5","China+ (R10)","Capacity|Electricity|Hydrogen","GW",1,0,,0,0,0.337024597167968,3.515029052734375,7.569308105468751,12.2521396484375,,17.366220703125,,20.5500390625,,74.905158203125,,80.650810546875,,81.99680664062501
"IMAGE 3.4","High - SSP5","China+ (R10)","Capacity|Electricity|Nuclear","GW",1,70.599,,87.015,117.0700078125,128.09019140625,155.01442578125,163.3682578125,176.733380859375,,175.871666015625,,159.961642578125,,124.2078330078125,,83.394791015625,,43.46669262695312
"IMAGE 3.4","High - SSP5","China+ (R10)","Capacity|Electricity|Oil","GW",1,33.83258786010742,,87.85512432765961,232.0605087070465,239.5761312656403,234.180790933609,236.0009292087555,243.2915536289215,,254.7646050773859,,81.11880176597461,,62.45849455773109,,70.7309313030243,,64.16545937982201
"IMAGE 3.4","High - SSP5","China+ (R10)","Capacity|Electricity|Other","GW",1,0.300191000372171,,0.320085047155618,0.343132486730814,0.375335185915231,0.418211253166198,1.310101237207651,2.304911413580178,,2.712012746781111,,2.667370064526796,,2.710698073357343,,2.684850673556327,,2.548386074632406
"IMAGE 3.4","High - SSP5","China+ (R10)","Capacity|Electricity|Solar|CSP","GW",1,0.45020000000298,,0.57020000000298,0.57020000000298,0.5701272726953031,0.4651272755265231,0.208090896632522,0.014000040080398,,0.001107499029487,,6.624683737577186e-8,,6.624683737577186e-8,,6.624683737577186e-8,,6.624683737577186e-8
"IMAGE 3.4","High - SSP5","China+ (R10)","Capacity|Electricity|Solar|PV","GW",1,274.2601402587891,,1060.505592041016,2065.838624023438,3534.618565429687,4615.3874453125,5797.507794921875,6779.297009765624,,9406.909201171875,,11171.30633007813,,10056.94277539063,,9590.11278125,,9789.623416015625
"IMAGE 3.4","High - SSP5","China+ (R10)","Capacity|Electricity|Wind|Offshore","GW",1,9.254,,43.22396405029297,66.6498203125,78.669279296875,117.928140625,125.556673828125,206.24763671875,,295.3304609375,,646.54537890625,,1326.39816015625,,1255.9025078125,,659.4493046875
"IMAGE 3.4","High - SSP5","China+ (R10)","Capacity|Electricity|Wind|Onshore","GW",1,275.479193725586,,498.5108186035156,689.087392578125,789.318830078125,1202.90741015625,1419.284860351562,1858.8960703125,,2088.83358984375,,2239.426540039063,,2126.893740234375,,1900.354559570312,,1727.694280273437
"IMAGE 3.4","High - SSP5","Europe (R10)","Capacity|Electricity|Biomass","GW",1,98.24092578125001,,103.2447353515625,105.3465888671875,96.38542431640624,82.40678100585937,66.09075366210938,49.28146362304688,,18.1182705078125,,13.12509771728516,,32.59562016868591,,173.9999524917602,,418.3713014907837
"IMAGE 3.4","High - SSP5","Europe (R10)","Capacity|Electricity|Coal","GW",1,290.3141398010254,,313.5283048095703,288.5410185852051,344.426078125,349.01554296875,317.4162231445313,322.4044129333496,,279.0662542114258,,202.2112113990784,,120.0621287383584,,86.21323693084717,,74.03492736053467
"IMAGE 3.4","High - SSP5","Europe (R10)","Capacity|Electricity|Fossil","GW",1,634.569574859619,,700.132575378418,655.2893759002686,664.1768274536132,636.200398513794,785.7430693360567,980.2886426627971,,1124.21552486795,,1154.635159641266,,1066.226761138871,,894.1983005676269,,741.6039487838746
"IMAGE 3.4","High - SSP5","Europe (R10)","Capacity|Electricity|Gas","GW",1,255.9599440917969,,276.9774200439453,220.2763327636718,155.1547805175781,130.2775390167236,301.0904664155246,477.4535923154689,,666.5827731619999,,815.5191788330078,,813.6605211334228,,698.0249009399414,,563.8780003356934
"IMAGE 3.4","High - SSP5","Europe (R10)","Capacity|Electricity|Geothermal","GW",1,0,,0,0,0,0,0,0,,0,,0,,0,,0,,0
"IMAGE 3.4","High - SSP5","Europe (R10)","Capacity|Electricity|Hydro","GW",1,238.4844296875,,253.01634765625,261.08260546875,287.82475,312.08652734375,331.62028515625,331.1206328125,,314.9690703125,,318.4722421875,,313.05433984375,,332.4540078125,,311.85286328125
"IMAGE 3.4","High - SSP5","Europe (R10)","Capacity|Electricity|Hydrogen","GW",1,0,,0,0,0.253450592041015,2.458736938476562,8.662216674804688,23.42195629882812,,55.41632031250001,,87.52934765625,,105.52462109375,,101.619345703125,,102.01078125
"IMAGE 3.4","High - SSP5","Europe (R10)","Capacity|Electricity|Nuclear","GW",1,116.037,,117.3236015625,118.9318984375,115.0893427734375,90.780390625,63.7849501953125,43.3650244140625,,37.20921371459216,,37.55627230834216,,37.41260238646716,,30.48965414427966,,17.38846908568591
"IMAGE 3.4","High - SSP5","Europe (R10)","Capacity|Electricity|Oil","GW",1,88.29549096679688,,109.6268505249023,146.4720245513916,164.5959688110352,156.9073165283203,167.236379776001,180.4306374139786,,178.5664974945244,,136.9047694091797,,132.5041112670899,,109.9601626968384,,103.6910210876465
"IMAGE 3.4","High - SSP5","Europe (R10)","Capacity|Electricity|Other","GW",1,3.360221954345703,,3.450399507522584,3.807043199539185,4.253906202316285,4.732999771118164,5.772590690612792,7.260592758178712,,8.852659629821778,,9.399524681091307,,10.42866608047485,,10.88799816131592,,10.4334557762146
"IMAGE 3.4","High - SSP5","Europe (R10)","Capacity|Electricity|Solar|CSP","GW",1,2.311823910154402,,2.311766048826277,2.212017025388777,1.294530941225588,0.276477067910134,0.0003653625510632992,0.0002778828032314777,,0.00009991235699271785,,7.391836843453348e-7,,7.391836843453348e-7,,7.391836843453348e-7,,7.391836843453348e-7
"IMAGE 3.4","High - SSP5","Europe (R10)","Capacity|Electricity|Solar|PV","GW",1,156.621666015625,,409.5374189453125,673.1194609375,1072.50406640625,1389.339048828125,1677.76801171875,1796.15978515625,,2061.97816796875,,2209.56238671875,,2296.9723125,,2272.1715703125,,2305.5159453125
"IMAGE 3.4","High - SSP5","Europe (R10)","Capacity|Electricity|Wind|Offshore","GW",1,24.898849609375,,35.60905078125,40.5304609375,44.22716323852539,77.03499755859374,138.264626953125,228.46650390625,,298.126921875,,310.8412890625,,421.064544921875,,713.2604003906249,,639.58287109375
"IMAGE 3.4","High - SSP5","Europe (R10)","Capacity|Electricity|Wind|Onshore","GW",1,190.2747412109375,,244.5506337890625,277.4437900390625,282.665943359375,411.197626953125,581.24103125,605.10737109375,,529.60903515625,,515.3298125,,567.030771484375,,458.8965234375,,491.281609375
"IMAGE 3.4","High - SSP5","India+ (R10)","Capacity|Electricity|Biomass","GW",1,30.65612987136841,,31.20299160766602,30.71197073364258,33.83353021240234,32.96147775268555,29.54996267700195,23.25863580322266,,10.5201955871582,,15.60444587707519,,93.63455992126465,,335.0812546615601,,763.9662663574219
"IMAGE 3.4","High - SSP5","India+ (R10)","Capacity|Electricity|Coal","GW",1,296.3172001953125,,327.9813309175968,470.6617658920288,647.5422297821045,802.741689453125,977.3696281738281,1178.714770874023,,1297.320260070801,,1313.773112304688,,1269.934487915039,,1239.630240356445,,1300.557758728027
"IMAGE 3.4","High - SSP5","India+ (R10)","Capacity|Electricity|Fossil","GW",1,362.0256343994141,,398.532053207636,550.6027675671577,730.9738151893616,943.0423517742157,1272.975189194217,1732.403547202585,,2368.348721870134,,2916.206143068086,,3324.972409111164,,3466.917396389149,,3377.148042999267
"IMAGE 3.4","High - SSP5","India+ (R10)","Capacity|Electricity|Gas","GW",1,44.10248156738282,,46.52659533691406,52.77068516874314,66.59920613098146,134.7533117542267,289.027279296875,541.3055286254883,,1037.031285705566,,1537.805373291016,,1922.63213269043,,2032.790425048828,,1851.370526000976
"IMAGE 3.4","High - SSP5","India+ (R10)","Capacity|Electricity|Geothermal","GW",1,0,,0,0,0,0,0,0,,0,,0,,0,,0,,0
"IMAGE 3.4","High - SSP5","India+ (R10)","Capacity|Electricity|Hydro","GW",1,67.7740390625,,90.60578125,166.2055078125,180.04552734375,204.81582421875,235.7684140625,256.3052734375,,289.73440625,,307.8368984375,,311.068703125,,331.662296875,,347.3273984375
"IMAGE 3.4","High - SSP5","India+ (R10)","Capacity|Electricity|Hydrogen","GW",1,0,,0,0,0,0,0,0.535016479492187,,8.608396484375,,23.85594372558594,,49.391716796875,,80.7927392578125,,139.8121875
"IMAGE 3.4","High - SSP5","India+ (R10)","Capacity|Electricity|Nuclear","GW",1,6.978,,11.3766650390625,19.682,49.76497949218749,60.877427734375,74.29798046875001,106.27647265625,,164.348421875,,219.0686484375,,281.068296875,,313.2236953125,,305.9420390625
"IMAGE 3.4","High - SSP5","India+ (R10)","Capacity|Electricity|Oil","GW",1,21.60595263671875,,24.024126953125,27.1703165063858,16.83237927627564,5.547350566864014,6.578281723514199,12.38324770307355,,33.99717609376665,,64.62765747238265,,132.4057885056948,,194.4967309838751,,225.2197582702637
"IMAGE 3.4","High - SSP5","India+ (R10)","Capacity|Electricity|Other","GW",1,0,,0,0,0,0,4.650002410888672,20.82686889648437,,29.9441435546875,,29.5849443359375,,29.97422900390625,,31.3513916015625,,30.38566015625
"IMAGE 3.4","High - SSP5","India+ (R10)","Capacity|Electricity|Solar|CSP","GW",1,0.3425,,0.3425,0.3425,0.3425,0.3425,0.231090896606445,0.226,,0.139095092773437,,2.908707028836943e-8,,2.908707028836943e-8,,2.908707028836943e-8,,2.908707028836943e-8
"IMAGE 3.4","High - SSP5","India+ (R10)","Capacity|Electricity|Solar|PV","GW",1,41.15172283935546,,159.9465668945313,482.1453354492188,921.53863671875,1552.7940546875,2501.0879609375,3256.386109375,,4716.121296875,,6423.206375,,6943.786875,,6795.129875000001,,6678.429125000001
"IMAGE 3.4","High - SSP5","India+ (R10)","Capacity|Electricity|Wind|Offshore","GW",1,0,,0,5.801087646484375,9.875684814453125,23.16343090820313,86.71414013671875,235.0504404296875,,662.7484648437501,,951.2715000000001,,779.98540625,,857.358515625,,1175.644375
"IMAGE 3.4","High - SSP5","India+ (R10)","Capacity|Electricity|Wind|Onshore","GW",1,39.97896252441407,,55.1258486328125,129.09718359375,274.20096484375,417.193890625,508.958796875,628.140890625,,928.4288750000001,,1019.7601875,,1053.01371875,,1067.023875,,1072.67678125
"IMAGE 3.4","High - SSP5","Latin America (R10)","Capacity|Electricity|Biomass","GW",1,66.19002571868896,,71.76339359283448,71.00189934539794,92.78440995788574,156.9694732437134,293.0933404560089,417.6348910713197,,410.5246159415245,,395.9937475056652,,290.3083611466888,,45.06269464874305,,2.808106838118658
"IMAGE 3.4","High - SSP5","Latin America (R10)","Capacity|Electricity|Coal","GW",1,24.77602484783716,,30.39024187569634,34.29700891113281,68.42429273223878,162.9064784660339,274.9492395458221,380.3578267593385,,466.641254275322,,479.7790358036011,,366.0616898803711,,190.8351291809082,,122.6419328842163
"IMAGE 3.4","High - SSP5","Latin America (R10)","Capacity|Electricity|Fossil","GW",1,233.3226700744775,,246.0605120100124,245.6959040869481,275.5793646048314,357.1807322860963,450.2800589979801,574.6545290058602,,735.4844792322313,,833.9738161639771,,765.5717818011199,,693.5288276223373,,621.1015629965514
"IMAGE 3.4","High - SSP5","Latin America (R10)","Capacity|Electricity|Gas","GW",1,111.4900600364037,,117.9527526540619,117.5305671691901,126.0455019836433,134.8427748718269,142.644978096009,175.5945389822728,,261.1748667740001,,347.4889556600305,,393.2438913161451,,488.9857356643677,,482.0432526969909
"IMAGE 3.4","High - SSP5","Latin America (R10)","Capacity|Electricity|Geothermal","GW",1,0,,0,0,0,0,0,0,,0,,0,,0,,0,,0
"IMAGE 3.4","High - SSP5","Latin America (R10)","Capacity|Electricity|Hydro","GW",1,271.2366420898438,,273.922162109375,274.4438759765625,290.4762587890625,296.8023583984375,327.1599169921875,369.18709765625,,509.9050986328125,,499.9143388671876,,529.0041455078125,,554.7232294921876,,567.691908203125
"IMAGE 3.4","High - SSP5","Latin America (R10)","Capacity|Electricity|Hydrogen","GW",1,0,,0,0,0.088037948608398,2.760741271972656,7.354668518066407,12.87591592407226,,16.4293134765625,,21.26589685058594,,18.34015686035156,,20.00239688110352,,34.56657507324219
"IMAGE 3.4","High - SSP5","Latin America (R10)","Capacity|Electricity|Nuclear","GW",1,5.079333339929581,,5.078500007033348,5.106454552412033,8.534359529912471,9.773316901520593,9.705837897614343,9.595179938629968,,9.186579223632812,,8.811818115234376,,8.240489013671876,,7.373941711425782,,3.329334551960172
"IMAGE 3.4","High - SSP5","Latin America (R10)","Capacity|Electricity|Oil","GW",1,97.05658519023658,,97.71751748025417,93.86832800662518,81.1095698889494,59.43147894823552,32.68584135614895,18.70216326424899,,7.668358182908964,,6.705824700345282,,6.266200604603622,,13.70796277706133,,16.41637741534412
"IMAGE 3.4","High - SSP5","Latin America (R10)","Capacity|Electricity|Other","GW",1,1.803814602661878,,2.056536335755139,2.335577206421642,3.250448158774525,4.315356658291073,8.805192416489124,20.19961123591661,,53.33044261087851,,57.17783778781444,,60.42830673233419,,75.76394923543931,,87.575460040804
"IMAGE 3.4","High - SSP5","Latin America (R10)","Capacity|Electricity|Solar|CSP","GW",1,0,,0.136156997680664,0.145324996948242,0.145324996948242,0.145324996948242,0.145324996948242,0.145324996948242,,0.145324996948242,,0.145324996948242,,0.145324996948242,,0.145324996948242,,0.13530434179306
"IMAGE 3.4","High - SSP5","Latin America (R10)","Capacity|Electricity|Solar|PV","GW",1,18.20018146111071,,91.42114382934571,173.4345651855469,305.189076171875,427.24190234375,675.4987109375,1062.99341015625,,1959.8021875,,3035.3233046875,,4050.9185234375,,4840.02724609375,,4954.15516015625
"IMAGE 3.4","High - SSP5","Latin America (R10)","Capacity|Electricity|Wind|Offshore","GW",1,0,,0,0.006346292972564001,0.125191543579101,13.55443321228027,67.89857202148438,118.3875283203125,,271.39482421875,,329.1837578125,,406.998125,,513.490015625,,557.130859375
"IMAGE 3.4","High - SSP5","Latin America (R10)","Capacity|Electricity|Wind|Onshore","GW",1,28.678583984375,,49.080755859375,53.22121533203125,92.257330078125,133.2839189453125,170.332607421875,355.786294921875,,651.4986582031249,,726.3572080078125,,734.472828125,,834.1180668945312,,940.7606816406251
"IMAGE 3.4","High - SSP5","Middle East (R10)","Capacity|Electricity|Biomass","GW",1,37.17176953125,,36.51785929372161,36.51785929372161,55.27662882497162,127.4659569499716,133.0781522624716,125.0508553874716,,105.1578394295201,,99.8306484375,,80.4357734375,,65.0544296875,,65.0544296875
"IMAGE 3.4","High - SSP5","Middle East (R10)","Capacity|Electricity|Coal","GW",1,6.416842821411788,,6.345870861113071,6.027522760629654,3.548789850473404,0.3457463935613631,0.014231375053524,0.003370855497661,,3.547381106470637,,3.813798095703125,,8.0384609375,,14.6365595703125,,11.874419921875
"IMAGE 3.4","High - SSP5","Middle East (R10)","Capacity|Electricity|Fossil","GW",1,280.2564440558479,,280.8598499184251,272.5965349047184,288.7740871508121,270.608696193099,284.4680362695009,334.9132266464759,,394.5286297717703,,415.8135112304687,,491.4212985839844,,459.8285834960938,,444.5479499511719
"IMAGE 3.4","High - SSP5","Middle East (R10)","Capacity|Electricity|Gas","GW",1,170.0984005126953,,171.5185886230469,168.3299013671875,188.7714287109375,233.4210238037109,283.3902940673828,334.8689760131836,,386.3942178955078,,406.8320021972656,,473.5153210449219,,428.4861840820313,,419.5228200683594
"IMAGE 3.4","High - SSP5","Middle East (R10)","Capacity|Electricity|Geothermal","GW",1,0,,0,0,0,0,0,0,,0,,0,,0,,0,,0
"IMAGE 3.4","High - SSP5","Middle East (R10)","Capacity|Electricity|Hydro","GW",1,15.5972001953125,,16.133169921875,16.06591015625,15.998650390625,25.047080078125,33.13798046875,33.8329609375,,37.5645,,37.89448046875,,35.99787109375,,31.754599609375,,32.272189453125
"IMAGE 3.4","High - SSP5","Middle East (R10)","Capacity|Electricity|Hydrogen","GW",1,0,,0,0,0.8866829833984371,13.1554404296875,29.707369140625,32.4270703125,,39.0702109375,,39.5335703125,,25.54326953125,,7.246005859375,,1.9243330078125
"IMAGE 3.4","High - SSP5","Middle East (R10)","Capacity|Electricity|Nuclear","GW",1,2.26,,6.236,7.293,14.5177900390625,14.5177900390625,15.50675,15.50675,,15.50675,,15.2572001953125,,12.2175703125,,5.62060693359375,,0.7192401123046871
"IMAGE 3.4","High - SSP5","Middle East (R10)","Capacity|Electricity|Oil","GW",1,103.7412007217407,,102.9953904342651,98.23911077690124,96.45386858940125,36.84192599582672,1.063510827064514,0.040879777794703,,4.587030769791788,,5.1677109375,,9.8675166015625,,16.70583984375,,13.1507099609375
"IMAGE 3.4","High - SSP5","Middle East (R10)","Capacity|Electricity|Other","GW",1,0.005059999998658,,0.005197145041078001,0.005927289545536001,0.006764543104916001,0.008243928968906,0.010063841879367,0.012019792698323,,0.015288874685764,,0.017695576198399,,0.020073239184916,,0.0221422791332,,0.023826048113405
"IMAGE 3.4","High - SSP5","Middle East (R10)","Capacity|Electricity|Solar|CSP","GW",1,0.4497099914550781,,0.9435,0.9435001220703121,0.9435,0.9435001220703121,0.9435001220703121,0.9435,,0.943499877929687,,0.9435,,0.943499877929687,,0.9435,,0.943499877929687
"IMAGE 3.4","High - SSP5","Middle East (R10)","Capacity|Electricity|Solar|PV","GW",1,7.662993896484375,,53.286298828125,151.01778515625,302.976203125,412.6273984375,583.8029765625,814.538390625,,1163.38594921875,,1723.68209375,,2361.89859375,,2834.2405,,3273.171703125
"IMAGE 3.4","High - SSP5","Middle East (R10)","Capacity|Electricity|Wind|Offshore","GW",1,0,,0,0,0,4.13894091796875,6.87664306640625,7.64835107421875,,11.64541015625,,8.3049892578125,,7.746046875,,16.87226953125,,15.115349609375
"IMAGE 3.4","High - SSP5","Middle East (R10)","Capacity|Electricity|Wind|Onshore","GW",1,0.9336151123046871,,1.928410034179687,1.9499599609375,5.22963720703125,76.01346875,166.3735,237.88409375,,307.1941875,,187.389,,119.508796875,,211.37009375,,200.470703125
"IMAGE 3.4","High - SSP5","North America (R10)","Capacity|Electricity|Biomass","GW",1,147.6660460205078,,142.3808522949219,129.0654028930664,111.5312266693115,87.10152682495118,59.0411141204834,44.6649930267334,,7.879582565307618,,0.00001203358196653425,,0.00001203358196653425,,0.00001203358196653425,,0.00001203358196653425
"IMAGE 3.4","High - SSP5","North America (R10)","Capacity|Electricity|Coal","GW",1,326.571333984375,,336.245103515625,349.15830859375,317.8458461914062,293.5741538085937,317.8029738769532,345.2804063720703,,315.405333984375,,193.9639079589844,,160.3643598632812,,130.5643701171875,,103.8446646118164
"IMAGE 3.4","High - SSP5","North America (R10)","Capacity|Electricity|Fossil","GW",1,914.9725309753418,,942.3094309082031,994.4525666503906,926.7314262695313,853.9723515777588,900.6902833387852,959.8669832079858,,1005.851702148438,,901.6437575683594,,821.9178930664064,,724.4126121826173,,582.145110168457
"IMAGE 3.4","High - SSP5","North America (R10)","Capacity|Electricity|Gas","GW",1,495.915318359375,,511.2553723144531,552.2127023925782,522.5576650390625,480.1789799804687,503.6290063476562,543.6132319335937,,668.8943764648437,,689.5311928710938,,640.3983315429687,,546.4879390869141,,416.4190056152344
"IMAGE 3.4","High - SSP5","North America (R10)","Capacity|Electricity|Geothermal","GW",1,0,,0,0,0,0,0,0,,0,,0,,0,,0,,0
"IMAGE 3.4","High - SSP5","North America (R10)","Capacity|Electricity|Hydro","GW",1,186.9084453125,,203.1576484375,200.9119453125,197.85965625,245.7383984375,270.40759375,271.637796875,,261.18584375,,235.0499296875,,220.279328125,,277.3274140625,,275.70715625
"IMAGE 3.4","High - SSP5","North America (R10)","Capacity|Electricity|Hydrogen","GW",1,7.661000722691824e-10,,7.661000722691824e-10,7.661000722691824e-10,0.5206235961914061,1.927335144042968,2.342614013671874,7.227426757812499,,26.58515734863282,,76.52646118164063,,97.52591052246093,,118.1394589233398,,165.1826639404297
"IMAGE 3.4","High - SSP5","North America (R10)","Capacity|Electricity|Nuclear","GW",1,107.3870234375,,109.6210234375,109.503837890625,86.78809375,55.14490185546875,33.19065673828125,16.77143640136719,,10.30541993713379,,8.711186538696289,,6.60922853088379,,1.796466445922851,,0.082278652220964
"IMAGE 3.4","High - SSP5","North America (R10)","Capacity|Electricity|Oil","GW",1,92.4858786315918,,94.808955078125,93.0815556640625,86.3279150390625,80.2192177886963,79.25830311417579,70.9733449023217,,21.55199169921875,,18.14865673828125,,21.15520166015625,,47.36030297851563,,61.88143994140625
"IMAGE 3.4","High - SSP5","North America (R10)","Capacity|Electricity|Other","GW",1,3.949082021474838,,4.306471658468246,4.625304189443589,4.713457708567381,5.197966685801744,10.49013179284334,12.41780980849266,,19.64996034267545,,16.11494840753079,,16.49884323051572,,14.35311301496625,,13.60284987524152
"IMAGE 3.4","High - SSP5","North America (R10)","Capacity|Electricity|Solar|CSP","GW",1,1.747900024414063,,1.723031982421875,1.658363037109375,1.48,1.48,1.48,1.48,,1.142948974609375,,0.120176300048828,,1.464280940126628e-7,,1.464280940126628e-7,,1.464280940126628e-7
"IMAGE 3.4","High - SSP5","North America (R10)","Capacity|Electricity|Solar|PV","GW",1,79.07220007324219,,223.2996127929687,346.818716796875,556.8143901367188,985.1085810546875,1309.145673828125,1637.51074609375,,2656.8985,,3807.347828125,,4588.67289453125,,4616.9561875,,4496.10297265625
"IMAGE 3.4","High - SSP5","North America (R10)","Capacity|Electricity|Wind|Offshore","GW",1,0.02929999923706,,0.309416687011718,0.496299987792968,0.573974494934081,9.428000976562501,56.088068359375,97.20637890625,,144.6001484375,,113.76171875,,79.699958984375,,149.71963671875,,188.74302734375
"IMAGE 3.4","High - SSP5","North America (R10)","Capacity|Electricity|Wind|Onshore","GW",1,132.166203125,,202.645076171875,212.687029296875,192.587509765625,248.3636015625,343.32171875,450.2605390625,,899.3277109375,,1266.9030234375,,1007.2728125,,1475.82809375,,1951.894203125
"IMAGE 3.4","High - SSP5","Pacific OECD (R10)","Capacity|Electricity|Biomass","GW",1,11.05470660400391,,11.24807281121612,10.75699336385727,9.71415048789978,8.374684911727906,5.751541204452515,3.439067924022675,,8.808248954772992,,13.02017478247736,,14.9296634068117,,14.73984545584773,,7.730460287772163
"IMAGE 3.4","High - SSP5","Pacific OECD (R10)","Capacity|Electricity|Coal","GW",1,85.31361035156249,,92.89385044074058,85.92262619781495,82.00041360616686,87.10956662130357,97.24444482469559,114.2161927089691,,129.0810087380409,,122.7526368103027,,101.0934256095886,,65.92846035766601,,51.56841875076294
"IMAGE 3.4","High - SSP5","Pacific OECD (R10)","Capacity|Electricity|Fossil","GW",1,238.1874475073814,,258.8431516529918,244.533405829668,235.0833275651931,237.0912124558091,254.5225717221032,283.01225884491,,306.838925904801,,307.0518389562055,,284.0933428677007,,243.2215703699275,,207.4919941062753
"IMAGE 3.4","High - SSP5","Pacific OECD (R10)","Capacity|Electricity|Gas","GW",1,98.471560546875,,107.7151343712211,101.0479567377567,97.21258829450608,97.95837126493454,105.7751899588406,117.6235010290146,,140.2972107963562,,157.6801406269074,,161.2241831226349,,159.2247113132477,,142.8444000174999
"IMAGE 3.4","High - SSP5","Pacific OECD (R10)","Capacity|Electricity|Geothermal","GW",1,0,,0,0,0,0,0,0,,0,,0,,0,,0,,0
"IMAGE 3.4","High - SSP5","Pacific OECD (R10)","Capacity|Electricity|Hydro","GW",1,60.890521484375,,62.0645986328125,61.3226884765625,66.843970703125,71.35980078125,70.475119140625,70.667951171875,,65.903390625,,66.00737890625,,62.094818359375,,71.80448046875,,69.08291015625
"IMAGE 3.4","High - SSP5","Pacific OECD (R10)","Capacity|Electricity|Hydrogen","GW",1,0,,0,0,0.608345059633255,2.475660055160522,2.915968746185302,3.051025756835937,,7.372437866210937,,16.46771362304688,,25.252884765625,,25.5113798828125,,29.285859375
"IMAGE 3.4","High - SSP5","Pacific OECD (R10)","Capacity|Electricity|Nuclear","GW",1,28.608419921875,,28.49816015625,27.94683984375,24.3127109375,17.2343203125,11.4345302734375,8.782999023437501,,10.0780703125,,10.133900390625,,10.133900390625,,9.9546396484375,,7.34533203125
"IMAGE 3.4","High - SSP5","Pacific OECD (R10)","Capacity|Electricity|Oil","GW",1,54.40227660894394,,58.23416684103012,57.56282289409637,55.87032566452027,52.02327456957102,51.50293693856707,51.17256510692631,,37.46070637040386,,26.61906151899537,,21.77573413547715,,18.06839869901379,,13.07917533801244
"IMAGE 3.4","High - SSP5","Pacific OECD (R10)","Capacity|Electricity|Other","GW",1,1.7390299243927,,1.793204179763793,1.924772515058517,2.353006658315658,7.546851809024811,22.57803385901451,26.6686918926239,,29.51670522212982,,29.82102093052864,,31.47189225411415,,32.71771120834351,,33.04329654145241
"IMAGE 3.4","High - SSP5","Pacific OECD (R10)","Capacity|Electricity|Solar|CSP","GW",1,0.003,,0.003,0.003,0.003,0.003,0.003,0.003,,0.003,,0.003,,0.003,,0.003,,0.003
"IMAGE 3.4","High - SSP5","Pacific OECD (R10)","Capacity|Electricity|Solar|PV","GW",1,92.06394091796875,,153.86720703125,213.70837109375,266.99895703125,293.54535546875,326.2446640625,342.27809375,,464.60475390625,,681.90816015625,,946.3742851562499,,1241.04165625,,1432.3385546875
"IMAGE 3.4","High - SSP5","Pacific OECD (R10)","Capacity|Electricity|Wind|Offshore","GW",1,0.066,,0.351050811767578,0.54,13.759240234375,46.125736328125,81.171173828125,108.5683828125,,125.67525,,113.7088671875,,144.68640234375,,205.57179296875,,213.5745546875
"IMAGE 3.4","High - SSP5","Pacific OECD (R10)","Capacity|Electricity|Wind|Onshore","GW",1,15.01248046875,,24.99177587890625,29.3537734375,31.27559765625,47.1831923828125,67.34493798828125,81.43411718750001,,133.6541508789063,,174.52374609375,,202.2641948242187,,206.2164409179688,,197.955953125
"IMAGE 3.4","High - SSP5","Reforming Economies (R10)","Capacity|Electricity|Biomass","GW",1,15.05464291381836,,18.59058332061744,28.81208416748046,39.24431726074219,40.96999948120117,40.79379333496094,40.45844046020508,,29.12230184173584,,12.50416477012634,,0.4224734892845151,,3.415536512374878,,5.890917875289916
"IMAGE 3.4","High - SSP5","Reforming Economies (R10)","Capacity|Electricity|Coal","GW",1,137.4824016304016,,138.9343720598221,136.0685835571289,177.0893515625,201.5261323242187,217.7331821289063,192.3614379882812,,163.9134989738464,,120.0533786621094,,86.70202259802818,,46.71312059020995,,17.01474510192871
"IMAGE 3.4","High - SSP5","Reforming Economies (R10)","Capacity|Electricity|Fossil","GW",1,622.4838763618469,,565.0786660966874,444.9123393249512,411.4564979095459,480.3166074066161,544.1253587207794,638.4482111851573,,752.0986092507937,,768.7100878255799,,704.076184574252,,588.8420259250458,,455.0587490588165
"IMAGE 3.4","High - SSP5","Reforming Economies (R10)","Capacity|Electricity|Gas","GW",1,432.5386025657654,,382.5517976379394,265.2842306518555,190.5334190063477,237.1282538452148,300.2155658874512,422.8810914306641,,578.4421671676636,,644.6963878555298,,612.9353939208984,,537.5556477050782,,434.8178061523437
"IMAGE 3.4","High - SSP5","Reforming Economies (R10)","Capacity|Electricity|Geothermal","GW",1,0,,0,0,0,0,0,0,,0,,0,,0,,0,,0
"IMAGE 3.4","High - SSP5","Reforming Economies (R10)","Capacity|Electricity|Hydro","GW",1,63.34977075195312,,69.27782958984375,79.97526611328125,79.92575390625,79.51771044921875,79.68766650390626,84.7902685546875,,85.82861279296874,,81.04902368164063,,88.76481274414063,,93.75283618164062,,90.57722686767578
"IMAGE 3.4","High - SSP5","Reforming Economies (R10)","Capacity|Electricity|Hydrogen","GW",1,0,,0,0,0,0.397444765567779,0.5611677742004391,1.359115829467773,,1.798685775756836,,1.983490310668945,,1.669530403137207,,0.7705278511047361,,0.6337566070556641
"IMAGE 3.4","High - SSP5","Reforming Economies (R10)","Capacity|Electricity|Nuclear","GW",1,41.57,,43.935,46.49268824005127,46.33097601318359,39.28442333984375,30.48701513671875,24.68416064453125,,22.41073132324219,,18.62319836425781,,13.85022839355469,,8.053804016113281,,4.324222378730308
"IMAGE 3.4","High - SSP5","Reforming Economies (R10)","Capacity|Electricity|Oil","GW",1,52.46287216567993,,43.59249639892578,43.5595251159668,43.83372734069824,41.66222123718262,26.176610704422,23.20568176621199,,9.74294310928369,,3.960321307940786,,4.438768055325403,,4.573257629757776,,3.22619780454415
"IMAGE 3.4","High - SSP5","Reforming Economies (R10)","Capacity|Electricity|Other","GW",1,0.09710001373291001,,0.102016502380371,0.101573097229003,0.101314002990722,0.08583809661865201,0.173347957611083,0.244038505554199,,0.752241310119628,,3.083301490783691,,3.054235008239745,,7.437952194213867,,16.25891522979736
"IMAGE 3.4","High - SSP5","Reforming Economies (R10)","Capacity|Electricity|Solar|CSP","GW",1,0,,0,0,0,0,0,0,,0,,0,,0,,0,,0
"IMAGE 3.4","High - SSP5","Reforming Economies (R10)","Capacity|Electricity|Solar|PV","GW",1,10.27538604736328,,12.82237902832031,37.73546447753907,73.03193103027344,142.8525728759766,257.8617086181641,399.3873239746094,,893.9647109375001,,1505.174512207031,,1966.93959765625,,2383.46547265625,,2733.21052734375
"IMAGE 3.4","High - SSP5","Reforming Economies (R10)","Capacity|Electricity|Wind|Offshore","GW",1,0,,0,0,0,1.380965942382812,4.656109283447265,8.20365478515625,,12.30397729492188,,13.72263488769531,,8.914711791992186,,17.53258666992188,,18.76588720703125
"IMAGE 3.4","High - SSP5","Reforming Economies (R10)","Capacity|Electricity|Wind|Onshore","GW",1,3.172475036621093,,6.2234228515625,13.47412084960938,20.71372705078125,43.612216796875,74.08390283203124,97.58054150390626,,149.4542734375,,164.7788828125,,125.830080078125,,185.2762734375,,366.69578125
"IMAGE 3.4","High - SSP5","Rest of Asia (R10)","Capacity|Electricity|Biomass","GW",1,24.0147951207161,,24.40855213069916,23.02432479858399,27.03268867111206,24.31095671844483,20.25228617858886,16.50273029327393,,14.26808863067627,,68.94934766864776,,219.1416691516526,,681.2133106021881,,762.0594344100953
"IMAGE 3.4","High - SSP5","Rest of Asia (R10)","Capacity|Electricity|Coal","GW",1,121.44426171875,,138.5181631099582,148.9456913833618,225.7659494724274,344.4920159988404,481.4427132720947,604.4364417114258,,737.7453176574708,,795.2394992370606,,743.956189605713,,595.7560899047852,,466.0420281066894
"IMAGE 3.4","High - SSP5","Rest of Asia (R10)","Capacity|Electricity|Fossil","GW",1,227.2330046386718,,251.5801233150363,272.4336555572748,368.321066839695,523.3886560630798,714.0649833838493,904.312438416579,,1119.792021216962,,1208.736860931396,,1148.509149131775,,922.2366658096314,,708.6477946472169
"IMAGE 3.4","High - SSP5","Rest of Asia (R10)","Capacity|Electricity|Gas","GW",1,75.23077319335937,,79.73031079101563,82.7649539834261,103.6649410552979,140.8833425178528,193.3838693609536,258.276201710945,,338.5529428119659,,383.7477366943359,,373.6885276412964,,296.3654416275024,,215.7564662475586
"IMAGE 3.4","High - SSP5","Rest of Asia (R10)","Capacity|Electricity|Geothermal","GW",1,0,,0,0,0,0,0,0,,0,,0,,0,,0,,0
"IMAGE 3.4","High - SSP5","Rest of Asia (R10)","Capacity|Electricity|Hydro","GW",1,51.2852548828125,,63.2076103515625,97.197443359375,126.68359765625,139.92998828125,156.483171875,177.29101953125,,206.18940625,,204.9635859375,,223.40113671875,,235.213140625,,245.47
"IMAGE 3.4","High - SSP5","Rest of Asia (R10)","Capacity|Electricity|Hydrogen","GW",1,0,,0,0,0.010278189659118,0.034050308227539,0.188192066192626,3.135464138031006,,9.358080612182617,,10.76348023986816,,26.29874188232422,,43.07875784301758,,45.75093110656739
"IMAGE 3.4","High - SSP5","Rest of Asia (R10)","Capacity|Electricity|Nuclear","GW",1,0,,0,0,0,0,0,0,,9.34107275390625,,13.66170751953125,,16.85829296875,,16.91844482421875,,16.91844482421875
"IMAGE 3.4","High - SSP5","Rest of Asia (R10)","Capacity|Electricity|Oil","GW",1,30.5579697265625,,33.3316494140625,40.72301019048691,38.89017631196976,38.01329754638672,39.23840075080097,41.59979499420803,,43.49376074752506,,29.749625,,30.86443188476563,,30.11513427734375,,26.84930029296875
"IMAGE 3.4","High - SSP5","Rest of Asia (R10)","Capacity|Electricity|Other","GW",1,5.08860888671875,,6.189658203125,8.382492919921875,11.09864208984375,15.24500537109375,25.14487451171875,52.66175146484375,,74.8451337890625,,84.751869140625,,90.6576953125,,92.71323583984375,,93.16807666015625
"IMAGE 3.4","High - SSP5","Rest of Asia (R10)","Capacity|Electricity|Solar|CSP","GW",1,0.005,,0.005,0.005,0.005,0.005,0.004090909004211001,0.004090909004211001,,0.00223140501976,,0,,0,,0,,0
"IMAGE 3.4","High - SSP5","Rest of Asia (R10)","Capacity|Electricity|Solar|PV","GW",1,23.17644091796875,,36.90370428466797,181.821484375,340.2456484375,610.6182441406249,923.2209726562501,1191.07778125,,1436.727875,,1645.6403125,,1549.360625,,1413.627921875,,1471.899359375
"IMAGE 3.4","High - SSP5","Rest of Asia (R10)","Capacity|Electricity|Wind|Offshore","GW",1,0.09919999694824201,,1.1035,2.436906921386719,12.13590771484375,32.3910400390625,86.954548828125,191.6006484375,,608.9012031249999,,709.9399999999999,,770.8436875,,970.27271875,,1278.8853125
"IMAGE 3.4","High - SSP5","Rest of Asia (R10)","Capacity|Electricity|Wind|Onshore","GW",1,2.523655944824219,,12.43404345703125,18.3614091796875,44.51776904296875,51.9925703125,54.33222265625,56.19106494140625,,59.34710546875,,63.4316982421875,,67.8522880859375,,71.20142529296875,,72.5299453125
"IMAGE 3.4","High - SSP5","World","Capacity|Electricity|Biomass","GW",1,482.7611875,,491.8313125,494.17734375,532.587859375,624.3111796875,703.9618702583313,767.8983970832825,,713.6183037147522,,766.9469130897522,,969.832510925293,,1716.273554107666,,2453.823704086304
"IMAGE 3.4","High - SSP5","World","Capacity|Electricity|Coal","GW",1,3238.5205,,3384.936875,3597.444875,4016.4863125,4615.535897949218,5049.8588515625,5422.59339453125,,5165.3236875,,4781.2275,,4192.895109375,,3385.245419921875,,3123.760744140625
"IMAGE 3.4","High - SSP5","World","Capacity|Electricity|Fossil","GW",1,5763.26669140625,,6053.70732421875,6351.092390625,6697.65106640625,7505.836565917969,8689.792640136719,10174.74717822266,,11693.26030725098,,12560.47864001465,,12735.97412582398,,12005.55393322754,,11310.12844805908
"IMAGE 3.4","High - SSP5","World","Capacity|Electricity|Gas","GW",1,1914.370625,,1977.16390625,1870.50228125,1807.0246875,2160.0093125,2985.784203125,4091.82959375,,5902.69121875,,7351.4541875,,8042.91571875,,8018.073,,7568.916828125
"IMAGE 3.4","High - SSP5","World","Capacity|Electricity|Geothermal","GW",1,0,,0,0,0,0,0,0,,0,,0,,0,,0,,0
"IMAGE 3.4","High - SSP5","World","Capacity|Electricity|Hydro","GW",1,1377.905,,1636.478,1892.46,2041.396,2238.258,2401.253,2530.712,,2801.754,,2813.204,,2805.137,,2847.987,,2789.037
"IMAGE 3.4","High - SSP5","World","Capacity|Electricity|Hydrogen","GW",1,7.661000722691824e-10,,7.661000722691824e-10,7.661000722691824e-10,4.1314638671875,34.20951953125,72.140328125,117.31405509758,,219.63543516922,,341.2297621307373,,466.042151471138,,515.6075887089968,,665.6236250000168
"IMAGE 3.4","High - SSP5","World","Capacity|Electricity|Nuclear","GW",1,380.3728125,,410.938,458.6806875,480.88909375,452.0555,410.8798125,410.8483125,,464.1421875,,501.6698125,,520.4726875,,483.77759375,,401.9553125
"IMAGE 3.4","High - SSP5","World","Capacity|Electricity|Oil","GW",1,610.37556640625,,691.60654296875,883.145234375,874.1400664062501,730.29135546875,654.1495854492188,660.3241899414063,,625.2454010009766,,427.7969525146485,,500.1632976989746,,602.2355133056641,,617.450875793457
"IMAGE 3.4","High - SSP5","World","Capacity|Electricity|Other","GW",1,17.65697122192383,,19.62873294830322,23.80220776367188,30.35329711914062,44.65438134765625,91.08462109375,169.090203125,,281.533609375,,331.13540625,,373.694796875,,432.2238125,,493.508515625
"IMAGE 3.4","High - SSP5","World","Capacity|Electricity|Solar|CSP","GW",1,6.3951337890625,,7.120154785156251,6.96490478515625,5.86898291015625,4.74592919921875,4.100462890625,3.901194091796875,,3.9341650390625,,5.22456982421875,,10.35833984375,,11.292919921875,,6.61080078125
"IMAGE 3.4","High - SSP5","World","Capacity|Electricity|Solar|PV","GW",1,712.04371875,,2220.414625,4382.878,7527.199000000001,10715.49,14529.239,18093.47,,26604.106,,35598.851,,40733.032,,44978.147,,50050.743
"IMAGE 3.4","High - SSP5","World","Capacity|Electricity|Wind|Offshore","GW",1,34.3473515625,,80.5969765625,116.692796875,159.873703125,327.7106875,664.5153750000001,1228.841,,2569.373,,3388.658,,4143.258,,4882.422,,4964.436
"IMAGE 3.4","High - SSP5","World","Capacity|Electricity|Wind|Onshore","GW",1,694.7336875,,1107.869,1445.772,1766.065,2715.309,3550.907,4641.55,,6344.378,,7293.557,,7282.087,,8262.484,,9153.357
"IMAGE 3.4","High-to-Low - SSP5","Africa (R10)","Capacity|Electricity|Biomass","GW",1,23.8842500667572,,23.14782118606567,26.06610942459107,28.19864216995239,28.55382038879394,26.73184205818176,23.99854734230041,,9.210063639834523,,12.94672858762698,,251.1975740656848,,537.3441249475479,,730.915219124794
"IMAGE 3.4","High-to-Low - SSP5","Africa (R10)","Capacity|Electricity|Coal","GW",1,63.91429504268383,,67.47957987104355,68.46939357966184,89.6158252208233,149.1200170445442,236.3268902516365,360.0187250073179,,440.6614195141882,,391.7961164445877,,15.37184883816075,,10.97595239841372,,8.241390611300588
"IMAGE 3.4","High-to-Low - SSP5","Africa (R10)","Capacity|Electricity|Fossil","GW",1,198.6001241460335,,212.3740116581396,231.2394393834621,314.1715434807986,486.683055833459,719.2601899461746,1023.088812361475,,1487.98350110159,,1827.398279054577,,784.3224405065803,,1234.91402706227,,1178.667749102747
"IMAGE 3.4","High-to-Low - SSP5","Africa (R10)","Capacity|Electricity|Gas","GW",1,98.75109170598537,,105.4741731345132,112.3621021003723,173.9058167908192,312.0985201883316,468.5248775291443,644.5456663591862,,1013.904977462769,,1384.245908432007,,629.6881171112061,,1072.176669510333,,1035.864343975303
"IMAGE 3.4","High-to-Low - SSP5","Africa (R10)","Capacity|Electricity|Geothermal","GW",1,0,,0,0,0,0,0,0,,0,,0,,0,,0,,0
"IMAGE 3.4","High-to-Low - SSP5","Africa (R10)","Capacity|Electricity|Hydro","GW",1,35.9792763671875,,40.58188061523438,49.75145849609375,82.2726025390625,107.9158818359375,135.832849609375,170.8546103515625,,276.9494990234375,,355.4672778320312,,421.560796875,,496.6923271484376,,517.1911909179687
"IMAGE 3.4","High-to-Low - SSP5","Africa (R10)","Capacity|Electricity|Hydrogen","GW",1,0,,0,0,1.427020650863648,7.485074160575866,12.83884639549255,21.0295498752594,,37.63259148406983,,47.27575758422166,,417.4179010686875,,855.6909607086183,,1293.010385848999
"IMAGE 3.4","High-to-Low - SSP5","Africa (R10)","Capacity|Electricity|Nuclear","GW",1,1.854,,1.854,6.654,7.460671875,9.42853173828125,9.103767822265626,9.132938842773438,,9.884702880859376,,10.36981274414062,,85.532119140625,,100.979771484375,,96.46745312499999
"IMAGE 3.4","High-to-Low - SSP5","Africa (R10)","Capacity|Electricity|Oil","GW",1,35.93473739736434,,39.42025865258277,50.40794370342792,50.64990146915615,25.46451860058308,14.40842216539383,18.52442099497095,,33.41710412463337,,51.35625417798189,,139.2624745572135,,151.7614051535234,,134.5620145161434
"IMAGE 3.4","High-to-Low - SSP5","Africa (R10)","Capacity|Electricity|Other","GW",1,1.31386003112793,,1.405164260864257,2.276386291503907,4.200427060127258,7.103911737442017,12.15029500484466,26.4941027135849,,61.92125223994255,,102.713744861722,,145.00636659199,,210.2584945363999,,262.2876019257307
"IMAGE 3.4","High-to-Low - SSP5","Africa (R10)","Capacity|Electricity|Solar|CSP","GW",1,1.085,,1.085,1.085,1.084999877929687,1.085,1.085000213623046,1.085,,1.556794372558593,,14.549943359375,,325.8574736938476,,731.1711290893554,,1286.266257720947
"IMAGE 3.4","High-to-Low - SSP5","Africa (R10)","Capacity|Electricity|Solar|PV","GW",1,9.559068847656249,,18.82486502075195,57.23822393798828,153.2813187255859,285.9753371582032,477.0955390625001,813.844638671875,,1843.54382421875,,3444.717453125,,10078.5555234375,,15668.1393515625,,17615.0769921875
"IMAGE 3.4","High-to-Low - SSP5","Africa (R10)","Capacity|Electricity|Wind|Offshore","GW",1,0,,0,0.231836296081543,0.50728271484375,2.565046195983886,10.33487411499023,27.45905500793457,,138.5445686035156,,224.1898857421875,,356.653048828125,,1365.75136328125,,1974.787743164062
"IMAGE 3.4","High-to-Low - SSP5","Africa (R10)","Capacity|Electricity|Wind|Onshore","GW",1,6.51375308561325,,12.3782283039093,21.09594506835938,33.29734326171875,83.5607537841797,165.6327424316406,270.2603515625,,596.80340625,,1058.477171875,,2131.653734375,,3814.3868125,,5053.72003125
"IMAGE 3.4","High-to-Low - SSP5","China+ (R10)","Capacity|Electricity|Biomass","GW",1,28.82788864135775,,29.32642868042026,32.87415914917026,38.58437985229525,35.19211172485386,29.56587952232395,23.59339580535923,,100.0368030678332,,149.8183279701769,,282.0063954102099,,317.5591784206331,,263.6918086259589
"IMAGE 3.4","High-to-Low - SSP5","China+ (R10)","Capacity|Electricity|Coal","GW",1,1885.970357910156,,1932.62017602539,2009.352840209961,2060.225916259766,2224.693758911133,2129.537672363281,1924.764476745605,,1331.972345703125,,1016.98201586914,,138.5515052900315,,26.3368697777316,,7.333208440909162
"IMAGE 3.4","High-to-Low - SSP5","China+ (R10)","Capacity|Electricity|Fossil","GW",1,2051.615669036865,,2197.937095885277,2439.335915079117,2482.37069944191,2717.279708047866,2763.549759622575,2743.580232049942,,2398.070233730793,,1981.736582508691,,500.7238018961179,,367.5999415036738,,435.0707020218774
"IMAGE 3.4","High-to-Low - SSP5","China+ (R10)","Capacity|Electricity|Gas","GW",1,131.8127232666016,,177.4617955322266,197.9225661621094,182.5787720336914,258.45441796875,398.0692000732422,575.6049360351562,,811.424907836914,,883.9302861328126,,169.7680842781067,,140.8924767084479,,241.5650839755492
"IMAGE 3.4","High-to-Low - SSP5","China+ (R10)","Capacity|Electricity|Geothermal","GW",1,0,,0,0,0,0,0,0,,0,,0,,0,,0,,0
"IMAGE 3.4","High-to-Low - SSP5","China+ (R10)","Capacity|Electricity|Hydro","GW",1,386.3990224609375,,564.510974609375,685.502802734375,713.4648798828125,755.0444570312501,760.6797851562501,765.0244970703126,,753.5274052734375,,730.170125,,842.0125859375,,730.488544921875,,779.2497363281251
"IMAGE 3.4","High-to-Low - SSP5","China+ (R10)","Capacity|Electricity|Hydrogen","GW",1,0,,0,0,0.350266998291015,3.569864990234375,7.63121484375,12.34416015625,,17.4721796875,,21.131029296875,,574.5151000976563,,698.5290888671875,,998.3136337890626
"IMAGE 3.4","High-to-Low - SSP5","China+ (R10)","Capacity|Electricity|Nuclear","GW",1,70.599,,87.015,117.0700078125,128.0901640625,155.0127578125,163.36459765625,176.72867578125,,175.8671875,,159.957080078125,,403.603244140625,,406.39200390625,,659.4716249999999
"IMAGE 3.4","High-to-Low - SSP5","China+ (R10)","Capacity|Electricity|Oil","GW",1,33.83258786010742,,87.85512432765961,232.0605087070465,239.5660111484528,234.131531167984,235.9428871860504,243.2108192691803,,254.6729801907539,,80.82428050673754,,192.4042123279798,,200.3705950174943,,186.1724096054191
"IMAGE 3.4","High-to-Low - SSP5","China+ (R10)","Capacity|Electricity|Other","GW",1,0.300191000372171,,0.320085047155618,0.343132486730814,0.375335277467966,0.41818973827362,1.309889414697885,2.304727194219827,,2.711765668839217,,2.672215920239686,,2.756120940178632,,2.735052326083183,,2.713254505723715
"IMAGE 3.4","High-to-Low - SSP5","China+ (R10)","Capacity|Electricity|Solar|CSP","GW",1,0.45020000000298,,0.57020000000298,0.57020000000298,0.5701272726953031,0.4651272755265231,0.208090896632522,0.014000040080398,,0.001107499029487,,6.624683737577186e-8,,6.624683737577186e-8,,6.624683737577186e-8,,6.624683737577186e-8
"IMAGE 3.4","High-to-Low - SSP5","China+ (R10)","Capacity|Electricity|Solar|PV","GW",1,274.2601402587891,,1060.505592041016,2065.838624023438,3534.618514648437,4615.382875,5797.497576171875,6779.3115625,,9406.780343749999,,11223.08787109375,,10344.84608007812,,10173.60089257812,,11086.91413671875
"IMAGE 3.4","High-to-Low - SSP5","China+ (R10)","Capacity|Electricity|Wind|Offshore","GW",1,9.254,,43.22396405029297,66.6498203125,78.669279296875,117.92815625,125.546814453125,206.177453125,,295.0501015625,,636.4950859375,,2293.3941875,,2193.0203125,,2067.2635
"IMAGE 3.4","High-to-Low - SSP5","China+ (R10)","Capacity|Electricity|Wind|Onshore","GW",1,275.479193725586,,498.5108186035156,689.087392578125,789.318830078125,1202.90741015625,1419.282860351562,1858.877950195312,,2088.817599609375,,2239.517780273437,,2174.668900390625,,1996.086309570313,,2053.705110351562
"IMAGE 3.4","High-to-Low - SSP5","Europe (R10)","Capacity|Electricity|Biomass","GW",1,98.24092578125001,,103.2447353515625,105.3465888671875,96.38542431640624,82.40678100585937,66.090478515625,49.28085571289063,,18.117662109375,,23.26205740356446,,547.4801292595864,,1077.231607757568,,1314.147845062256
"IMAGE 3.4","High-to-Low - SSP5","Europe (R10)","Capacity|Electricity|Coal","GW",1,290.3141398010254,,313.5283048095703,288.5410185852051,344.4228203125,348.9646591796875,317.3487954101562,325.7105164489746,,289.0442014770508,,205.5144635210484,,5.958576195135479,,13.78675992187366,,12.46746923106725
"IMAGE 3.4","High-to-Low - SSP5","Europe (R10)","Capacity|Electricity|Fossil","GW",1,634.569574859619,,700.132575378418,655.2893759002686,664.1695092163086,635.9706597442628,785.64182257092,989.9832151897289,,1152.307419110127,,1148.628246724174,,224.1732415746597,,109.8305873166609,,99.44899378088736
"IMAGE 3.4","High-to-Low - SSP5","Europe (R10)","Capacity|Electricity|Gas","GW",1,255.9599440917969,,276.9774200439453,220.2763327636718,155.1510266113281,130.1293167266846,301.0531251679658,480.3938514707423,,678.4664096366093,,814.8066210937501,,122.2473503046036,,46.72223356253282,,47.17299425679479
"IMAGE 3.4","High-to-Low - SSP5","Europe (R10)","Capacity|Electricity|Geothermal","GW",1,0,,0,0,0,0,0,0,,0,,0,,0,,0,,0
"IMAGE 3.4","High-to-Low - SSP5","Europe (R10)","Capacity|Electricity|Hydro","GW",1,238.4844296875,,253.01634765625,261.08260546875,287.81925,312.1607734375,331.72178515625,331.6016640625,,315.94941796875,,333.9315859375,,383.97931640625,,401.9271953125,,380.33812890625
"IMAGE 3.4","High-to-Low - SSP5","Europe (R10)","Capacity|Electricity|Hydrogen","GW",1,0,,0,0,0.388974395751953,2.843395019531249,9.047629638671875,24.04950830078125,,56.713310546875,,89.13091015625,,236.1713129882813,,277.1682866210937,,290.0637016601563
"IMAGE 3.4","High-to-Low - SSP5","Europe (R10)","Capacity|Electricity|Nuclear","GW",1,116.037,,117.3236015625,118.9318984375,115.0893427734375,90.780390625,63.7887607421875,43.3340849609375,,37.20513363646716,,40.50298034667969,,153.58838671875,,189.47512109375,,186.64465234375
"IMAGE 3.4","High-to-Low - SSP5","Europe (R10)","Capacity|Electricity|Oil","GW",1,88.29549096679688,,109.6268505249023,146.4720245513916,164.5956622924805,156.8766838378906,167.2399019927978,183.8788472700119,,184.7968079964668,,128.307162109375,,95.96731507492066,,49.32159383225441,,39.80853029302531
"IMAGE 3.4","High-to-Low - SSP5","Europe (R10)","Capacity|Electricity|Other","GW",1,3.360221954345703,,3.450399507522584,3.807043199539185,4.25390009880066,4.732537765502929,5.7722952003479,7.261050575256347,,8.868638137817381,,9.457425792694092,,10.36162240600586,,11.61414582061768,,12.33388724899292
"IMAGE 3.4","High-to-Low - SSP5","Europe (R10)","Capacity|Electricity|Solar|CSP","GW",1,2.311823910154402,,2.311766048826277,2.212017025388777,1.294530941225588,0.276477067910134,0.0003653625510632992,0.0002778828032314777,,0.00009991235699271785,,7.391836843453348e-7,,7.391836843453348e-7,,7.391836843453348e-7,,7.391836843453348e-7
"IMAGE 3.4","High-to-Low - SSP5","Europe (R10)","Capacity|Electricity|Solar|PV","GW",1,156.621666015625,,409.5374189453125,673.1194609375,1072.37923828125,1389.08908203125,1677.35409375,1783.360517578125,,1884.54133203125,,2167.85815234375,,2248.80214453125,,2084.775265625,,2145.346953125
"IMAGE 3.4","High-to-Low - SSP5","Europe (R10)","Capacity|Electricity|Wind|Offshore","GW",1,24.898849609375,,35.60905078125,40.5304609375,44.22716323852539,77.02208544921875,138.4341015625,208.545494140625,,259.21727734375,,253.907140625,,846.48692578125,,1283.70876953125,,1142.36693359375
"IMAGE 3.4","High-to-Low - SSP5","Europe (R10)","Capacity|Electricity|Wind|Onshore","GW",1,190.2747412109375,,244.5506337890625,277.4437900390625,282.66006640625,410.953953125,578.996046875,588.54208984375,,518.91823046875,,372.89821484375,,580.396841796875,,513.4413046875,,564.0831484375
"IMAGE 3.4","High-to-Low - SSP5","India+ (R10)","Capacity|Electricity|Biomass","GW",1,30.65612987136841,,31.20299160766602,30.71197073364258,33.83353021240234,32.96147775268555,29.54996267700195,23.25862603759766,,10.52017074584961,,67.90022901916504,,398.5756264953613,,597.355836517334,,997.3977438659668
"IMAGE 3.4","High-to-Low - SSP5","India+ (R10)","Capacity|Electricity|Coal","GW",1,296.3172001953125,,327.9813309175968,470.6617658920288,647.5422297821045,802.7416739501953,977.3689239501953,1178.720970947266,,1295.767585174561,,1169.963821838379,,31.00095020818711,,99.28722940162383,,789.946925717565
"IMAGE 3.4","High-to-Low - SSP5","India+ (R10)","Capacity|Electricity|Fossil","GW",1,362.0256343994141,,398.532053207636,550.6027675671577,730.9738151893616,943.0423650798798,1272.974440201298,1732.415666068552,,2365.079864066789,,2720.491928040504,,1620.149427027851,,1469.716884825903,,1730.155784485603
"IMAGE 3.4","High-to-Low - SSP5","India+ (R10)","Capacity|Electricity|Gas","GW",1,44.10248156738282,,46.52659533691406,52.77068516874314,66.59920613098146,134.7533405628205,289.0272555236816,541.3114586486815,,1036.203583129883,,1486.975557495117,,775.2951803131104,,423.2480485254229,,931.1156617351558
"IMAGE 3.4","High-to-Low - SSP5","India+ (R10)","Capacity|Electricity|Geothermal","GW",1,0,,0,0,0,0,0,0,,0,,0,,0,,0,,0
"IMAGE 3.4","High-to-Low - SSP5","India+ (R10)","Capacity|Electricity|Hydro","GW",1,67.7740390625,,90.60578125,166.2055078125,180.04552734375,204.81582421875,235.7683203125,256.3056796875,,289.4531953125,,319.0599921875,,649.46459375,,976.970109375,,1710.021375
"IMAGE 3.4","High-to-Low - SSP5","India+ (R10)","Capacity|Electricity|Hydrogen","GW",1,0,,0,0,0,0,0,0.5353704833984371,,8.654634521484375,,52.54942420434952,,539.2865109100342,,1168.491888427734,,1682.082888427735
"IMAGE 3.4","High-to-Low - SSP5","India+ (R10)","Capacity|Electricity|Nuclear","GW",1,6.978,,11.3766650390625,19.682,49.76497949218749,60.877427734375,74.2979921875,106.27716015625,,164.3391796875,,356.2879921875,,680.673296875,,1104.6170625,,1578.9713125
"IMAGE 3.4","High-to-Low - SSP5","India+ (R10)","Capacity|Electricity|Oil","GW",1,21.60595263671875,,24.024126953125,27.1703165063858,16.83237927627564,5.547350566864014,6.578260727420449,12.3832364726048,,33.10869576234575,,63.55254870700837,,813.8532965065538,,947.1816068988569,,9.093197032882246
"IMAGE 3.4","High-to-Low - SSP5","India+ (R10)","Capacity|Electricity|Other","GW",1,0,,0,0,0,0,4.650004913330078,20.82688623046875,,29.92020166015625,,30.31532421875,,31.1153837890625,,31.48267578125,,27.777720703125
"IMAGE 3.4","High-to-Low - SSP5","India+ (R10)","Capacity|Electricity|Solar|CSP","GW",1,0.3425,,0.3425,0.3425,0.3425,0.3425,0.231090896606445,0.226,,0.139095092773437,,2.908707028836943e-8,,2.908707028836943e-8,,2.908707028836943e-8,,2.908707028836943e-8
"IMAGE 3.4","High-to-Low - SSP5","India+ (R10)","Capacity|Electricity|Solar|PV","GW",1,41.15172283935546,,159.9465668945313,482.1453354492188,921.53863671875,1552.7938203125,2501.0875859375,3256.3850078125,,4716.418296875,,6411.440500000001,,6837.6038125,,5976.3651875,,5560.4576875
"IMAGE 3.4","High-to-Low - SSP5","India+ (R10)","Capacity|Electricity|Wind|Offshore","GW",1,0,,0,5.801087646484375,9.875684814453125,23.16345043945313,86.71417724609375,235.03006640625,,679.763484375,,1006.399625,,1272.21571875,,1358.6306875,,1163.84859375
"IMAGE 3.4","High-to-Low - SSP5","India+ (R10)","Capacity|Electricity|Wind|Onshore","GW",1,39.97896252441407,,55.1258486328125,129.09718359375,274.20096484375,417.1939062500001,508.95859375,628.137390625,,925.68271875,,1021.6210625,,1054.511,,1067.674125,,1079.0516875
"IMAGE 3.4","High-to-Low - SSP5","Latin America (R10)","Capacity|Electricity|Biomass","GW",1,66.19002571868896,,71.76339359283448,71.00189934539794,92.78440995788574,156.9695748062134,293.0956373310089,417.6371723213196,,410.5273345565796,,396.1146779413223,,291.0257610661983,,127.5353547210694,,155.4122759857178
"IMAGE 3.4","High-to-Low - SSP5","Latin America (R10)","Capacity|Electricity|Coal","GW",1,24.77602484783716,,30.39024187569634,34.29700891113281,68.42430054473877,162.9064508781433,274.948196598053,380.3574303131103,,466.6604640464783,,462.475421892926,,11.75053419886116,,5.225609855481132,,4.070492646467651
"IMAGE 3.4","High-to-Low - SSP5","Latin America (R10)","Capacity|Electricity|Fossil","GW",1,233.3226700744775,,246.0605120100124,245.6959040869481,275.5793733938939,357.1806993271119,450.2793895853672,574.6606967686165,,735.6528196280021,,794.3965252760124,,254.0952032369168,,297.0677942493095,,251.396221658006
"IMAGE 3.4","High-to-Low - SSP5","Latin America (R10)","Capacity|Electricity|Gas","GW",1,111.4900600364037,,117.9527526540619,117.5305671691901,126.0455029602058,134.8427695007331,142.6453506546027,175.6001774100072,,261.3026859020368,,325.6459444867822,,221.7162558972532,,267.3569398358296,,224.7101979603692
"IMAGE 3.4","High-to-Low - SSP5","Latin America (R10)","Capacity|Electricity|Geothermal","GW",1,0,,0,0,0,0,0,0,,0,,0,,0,,0,,0
"IMAGE 3.4","High-to-Low - SSP5","Latin America (R10)","Capacity|Electricity|Hydro","GW",1,271.2366420898438,,273.922162109375,274.4438759765625,290.4762587890625,296.8023505859375,327.160169921875,369.1877705078125,,510.0812998046875,,523.0814033203125,,621.0938999023438,,764.92029296875,,791.75502734375
"IMAGE 3.4","High-to-Low - SSP5","Latin America (R10)","Capacity|Electricity|Hydrogen","GW",1,0,,0,0,0.0880386428833,2.760701629638672,7.354653778076171,12.87586578369141,,16.41795031738281,,21.72719984793663,,98.76722376823426,,190.7271216239929,,252.7983449478149
"IMAGE 3.4","High-to-Low - SSP5","Latin America (R10)","Capacity|Electricity|Nuclear","GW",1,5.079333339929581,,5.078500007033348,5.106454552412033,8.534359529912471,9.773317878083093,9.705835944489342,9.595232184723717,,9.186107421875,,9.739986267089844,,78.15064599609376,,109.1397998046875,,195.4723671875
"IMAGE 3.4","High-to-Low - SSP5","Latin America (R10)","Capacity|Electricity|Oil","GW",1,97.05658519023658,,97.71751748025417,93.86832800662518,81.1095698889494,59.43147894823552,32.68584233271145,18.70308904549898,,7.68966967948712,,6.275158896304195,,20.6284131408024,,24.48524455799863,,22.61553105116915
"IMAGE 3.4","High-to-Low - SSP5","Latin America (R10)","Capacity|Electricity|Other","GW",1,1.803814602661878,,2.056536335755139,2.335577206421642,3.250448158785701,4.315356658272446,8.805174800217152,20.19990884333848,,53.32757740702107,,57.27536476533488,,56.82262832612172,,128.0389656534791,,143.4006666453294
"IMAGE 3.4","High-to-Low - SSP5","Latin America (R10)","Capacity|Electricity|Solar|CSP","GW",1,0,,0.136156997680664,0.145324996948242,0.145324996948242,0.145324996948242,0.145324996948242,0.145324996948242,,0.145324996948242,,0.145324996948242,,0.145324996948242,,0.129445848464965,,0.119281294822692
"IMAGE 3.4","High-to-Low - SSP5","Latin America (R10)","Capacity|Electricity|Solar|PV","GW",1,18.20018146111071,,91.42114382934571,173.4345651855469,305.189076171875,427.241603515625,675.4963515625,1063.174046875,,1959.326546875,,3059.36003125,,4359.577906250001,,5688.3548359375,,5858.107585937501
"IMAGE 3.4","High-to-Low - SSP5","Latin America (R10)","Capacity|Electricity|Wind|Offshore","GW",1,0,,0,0.006346292972564001,0.125191543579101,13.55444367980957,67.89875695800782,118.2050861816406,,270.36487890625,,348.94226953125,,1025.570978515625,,1538.875421875,,1776.180125
"IMAGE 3.4","High-to-Low - SSP5","Latin America (R10)","Capacity|Electricity|Wind|Onshore","GW",1,28.678583984375,,49.080755859375,53.22121533203125,92.257330078125,133.2839111328125,170.3328984375,355.794466796875,,651.809994140625,,739.3691523437501,,785.363388671875,,1120.760005859375,,1316.327677734375
"IMAGE 3.4","High-to-Low - SSP5","Middle East (R10)","Capacity|Electricity|Biomass","GW",1,37.17176953125,,36.51785929372161,36.51785929372161,55.27662882497162,127.4659569499716,133.0781522624716,125.0508553874716,,105.1579409920201,,105.5285297851563,,125.9926986923218,,119.1362932002258,,120.0535900752258
"IMAGE 3.4","High-to-Low - SSP5","Middle East (R10)","Capacity|Electricity|Coal","GW",1,6.416842821411788,,6.345870861113071,6.027522760629654,3.548789850473404,0.3457463935613631,0.014231375053524,0.003370855497661,,3.549434084986262,,3.795635986328125,,0.676687896728515,,133.9734637670517,,133.3680341196992
"IMAGE 3.4","High-to-Low - SSP5","Middle East (R10)","Capacity|Electricity|Fossil","GW",1,280.2564440558479,,280.8598499184251,272.5965349047184,288.7740871508121,270.608696193099,284.4677669823915,334.9149209213783,,394.5646689563406,,405.9784892578125,,71.92655533599854,,233.218364007622,,231.660396064613
"IMAGE 3.4","High-to-Low - SSP5","Middle East (R10)","Capacity|Electricity|Gas","GW",1,170.0984005126953,,171.5185886230469,168.3299013671875,188.7714287109375,233.4210238037109,283.3900247802734,334.8706702880859,,386.4258120117187,,397.0808820800781,,65.20793824005128,,98.70137222543359,,98.06631523776055
"IMAGE 3.4","High-to-Low - SSP5","Middle East (R10)","Capacity|Electricity|Geothermal","GW",1,0,,0,0,0,0,0,0,,0,,0,,0,,0,,0
"IMAGE 3.4","High-to-Low - SSP5","Middle East (R10)","Capacity|Electricity|Hydro","GW",1,15.5972001953125,,16.133169921875,16.06591015625,15.998650390625,25.047080078125,33.138,33.83298828125,,37.5700703125,,38.49519921875,,66.7715,,235.770296875,,233.427296875
"IMAGE 3.4","High-to-Low - SSP5","Middle East (R10)","Capacity|Electricity|Hydrogen","GW",1,0,,0,0,0.8866829833984371,13.1555302734375,29.707380859375,32.4270703125,,39.0776015625,,39.63876953125,,125.7638096694946,,227.0773334350586,,408.5878334350586
"IMAGE 3.4","High-to-Low - SSP5","Middle East (R10)","Capacity|Electricity|Nuclear","GW",1,2.26,,6.236,7.293,14.5177900390625,14.5177900390625,15.5067197265625,15.5067197265625,,15.5067197265625,,15.314099609375,,45.4108515625,,169.162203125,,280.3746875
"IMAGE 3.4","High-to-Low - SSP5","Middle East (R10)","Capacity|Electricity|Oil","GW",1,103.7412007217407,,102.9953904342651,98.23911077690124,96.45386858940125,36.84192599582672,1.063510827064514,0.040879777794703,,4.589422859635538,,5.10197119140625,,6.04192919921875,,0.543528015136718,,0.22604670715332
"IMAGE 3.4","High-to-Low - SSP5","Middle East (R10)","Capacity|Electricity|Other","GW",1,0.005059999998658,,0.005197145041078001,0.005927289545536001,0.006764543104916001,0.008243928968906,0.01006383138895,0.012019763134419,,0.015288834631443,,0.017699175365269,,0.020108019687235,,0.031489170681685,,0.036154393259435
"IMAGE 3.4","High-to-Low - SSP5","Middle East (R10)","Capacity|Electricity|Solar|CSP","GW",1,0.4497099914550781,,0.9435,0.9435001220703121,0.9435,0.9435001220703121,0.9435001220703121,0.9435,,0.943499877929687,,0.9435,,1.58906494140625,,8.111263183593751,,7.5473681640625
"IMAGE 3.4","High-to-Low - SSP5","Middle East (R10)","Capacity|Electricity|Solar|PV","GW",1,7.662993896484375,,53.286298828125,151.01778515625,302.976203125,412.6273046875,583.8024765625,814.536203125,,1163.318921875,,1719.652703125,,3162.2895,,8364.11340625,,7163.645500000001
"IMAGE 3.4","High-to-Low - SSP5","Middle East (R10)","Capacity|Electricity|Wind|Offshore","GW",1,0,,0,0,0,4.13894189453125,6.87661279296875,7.64830615234375,,11.633240234375,,9.0314599609375,,20.393439453125,,467.3788125,,630.645875
"IMAGE 3.4","High-to-Low - SSP5","Middle East (R10)","Capacity|Electricity|Wind|Onshore","GW",1,0.9336151123046871,,1.928410034179687,1.9499599609375,5.22963720703125,76.013203125,166.372,237.8765,,307.1521875,,205.62659375,,378.26,,1536.079,,1901.16
"IMAGE 3.4","High-to-Low - SSP5","North America (R10)","Capacity|Electricity|Biomass","GW",1,147.6660460205078,,142.3808522949219,129.0654028930664,111.5312266693115,87.10152682495118,59.0411141204834,44.6649930267334,,7.879582565307618,,0.8470116349461021,,76.15588209736393,,264.1238979034424,,302.4244587554932
"IMAGE 3.4","High-to-Low - SSP5","North America (R10)","Capacity|Electricity|Coal","GW",1,326.571333984375,,336.245103515625,349.15830859375,317.8458461914062,293.574041381836,317.8023439941406,345.2802159423828,,315.4147819824219,,186.0816071777344,,145.73925390625,,96.53943872070313,,46.0998184967041
"IMAGE 3.4","High-to-Low - SSP5","North America (R10)","Capacity|Electricity|Fossil","GW",1,914.9725309753418,,942.3094309082031,994.4525666503906,926.7314252929688,853.972325088501,900.6901768934728,959.8699060595483,,1005.887076416016,,840.0243390221596,,348.2859247492776,,317.7726542991043,,222.1985811025531
"IMAGE 3.4","High-to-Low - SSP5","North America (R10)","Capacity|Electricity|Gas","GW",1,495.915318359375,,511.2553723144531,552.2127023925782,522.5576650390625,480.1790708007812,503.6295327148438,543.6163178710938,,668.9200229492188,,640.734700439453,,171.5981840591431,,171.363080291897,,131.1564487657697
"IMAGE 3.4","High-to-Low - SSP5","North America (R10)","Capacity|Electricity|Geothermal","GW",1,0,,0,0,0,0,0,0,,0,,0,,0,,0,,0
"IMAGE 3.4","High-to-Low - SSP5","North America (R10)","Capacity|Electricity|Hydro","GW",1,186.9084453125,,203.1576484375,200.9119453125,197.85965625,245.7383984375,270.4075,271.6378984375,,261.186140625,,234.3955859375,,322.6353984375,,375.5558046875,,370.66009375
"IMAGE 3.4","High-to-Low - SSP5","North America (R10)","Capacity|Electricity|Hydrogen","GW",1,7.661000722691824e-10,,7.661000722691824e-10,7.661000722691824e-10,0.520623359680175,1.927341064453125,2.342626098632812,7.228056762695312,,26.59626916503906,,77.22342068481446,,252.588601196289,,397.3150223388672,,450.9203836669922
"IMAGE 3.4","High-to-Low - SSP5","North America (R10)","Capacity|Electricity|Nuclear","GW",1,107.3870234375,,109.6210234375,109.503837890625,86.78809375,55.14490283203125,33.19065893554688,16.77143774414062,,10.30542112731934,,8.711187728881836,,8.742182373046875,,29.60762725830078,,30.19276806640625
"IMAGE 3.4","High-to-Low - SSP5","North America (R10)","Capacity|Electricity|Oil","GW",1,92.4858786315918,,94.808955078125,93.0815556640625,86.3279140625,80.2192129058838,79.25830018448829,70.9733722460717,,21.552271484375,,13.20803140497208,,30.94848678388447,,49.87013528650398,,44.94231384007926
"IMAGE 3.4","High-to-Low - SSP5","North America (R10)","Capacity|Electricity|Other","GW",1,3.949082021474838,,4.306471658468246,4.625304189443589,4.713457708567381,5.197967113047838,10.49016985970736,12.41789376235008,,19.65318926647306,,18.83936917626858,,18.46109741142392,,51.7230674674809,,47.79204124334455
"IMAGE 3.4","High-to-Low - SSP5","North America (R10)","Capacity|Electricity|Solar|CSP","GW",1,1.747900024414063,,1.723031982421875,1.658363037109375,1.48,1.48,1.48,1.48,,1.142948974609375,,0.120176300048828,,1.464280940126628e-7,,1.464280940126628e-7,,1.464280940126628e-7
"IMAGE 3.4","High-to-Low - SSP5","North America (R10)","Capacity|Electricity|Solar|PV","GW",1,79.07220007324219,,223.2996127929687,346.818716796875,556.8143784179688,985.1076601562501,1309.1418125,1637.51309765625,,2656.667140625,,3899.52602734375,,4519.1435703125,,4400.1574140625,,4689.0328203125
"IMAGE 3.4","High-to-Low - SSP5","North America (R10)","Capacity|Electricity|Wind|Offshore","GW",1,0.02929999923706,,0.309416687011718,0.496299987792968,0.5739745712280271,9.4280458984375,56.08816015625,97.20196875,,144.5163515625,,119.629390625,,231.42767578125,,762.2422265625,,731.5243203125001
"IMAGE 3.4","High-to-Low - SSP5","North America (R10)","Capacity|Electricity|Wind|Onshore","GW",1,132.166203125,,202.645076171875,212.687029296875,192.5875,248.36383203125,343.3216015625,450.250859375,,899.2500234375,,1254.350203125,,1631.842,,2207.1051875,,2206.64540625
"IMAGE 3.4","High-to-Low - SSP5","Pacific OECD (R10)","Capacity|Electricity|Biomass","GW",1,11.05470660400391,,11.24807281121612,10.75699336385727,9.71415048789978,8.374684911727906,5.751541204452515,3.439071120977402,,8.80891004943852,,14.8214262015447,,53.28674873229115,,80.45454243087768,,78.12164144515991
"IMAGE 3.4","High-to-Low - SSP5","Pacific OECD (R10)","Capacity|Electricity|Coal","GW",1,85.31361035156249,,92.89385044074058,85.92262619781495,82.00041360616686,87.10956662130357,97.24448390245438,114.2167046966553,,129.0892218666077,,104.1986764297485,,1.174571881443262,,4.911031439130457,,4.815993226625467
"IMAGE 3.4","High-to-Low - SSP5","Pacific OECD (R10)","Capacity|Electricity|Fossil","GW",1,238.1874475073814,,258.8431516529918,244.533405829668,235.0833275651931,237.0912124558091,254.5226781879795,283.0134174037555,,306.8605726972128,,283.6311321663559,,114.2229609100558,,123.9231174094313,,113.0455361984359
"IMAGE 3.4","High-to-Low - SSP5","Pacific OECD (R10)","Capacity|Electricity|Gas","GW",1,98.471560546875,,107.7151343712211,101.0479567377567,97.21258829450608,97.95837126493454,105.7752495344579,117.624124162674,,140.3097293434143,,153.9700015602112,,85.31007128238679,,61.02137419179361,,59.06437232619978
"IMAGE 3.4","High-to-Low - SSP5","Pacific OECD (R10)","Capacity|Electricity|Geothermal","GW",1,0,,0,0,0,0,0,0,,0,,0,,0,,0,,0
"IMAGE 3.4","High-to-Low - SSP5","Pacific OECD (R10)","Capacity|Electricity|Hydro","GW",1,60.890521484375,,62.0645986328125,61.3226884765625,66.843970703125,71.35980078125,70.475130859375,70.667990234375,,65.90605859375,,71.37416210937499,,82.04416796875,,88.051521484375,,88.19365039062501
"IMAGE 3.4","High-to-Low - SSP5","Pacific OECD (R10)","Capacity|Electricity|Hydrogen","GW",1,0,,0,0,0.608345059633255,2.475661947250366,2.915972904205322,3.051048263549805,,7.374046142578125,,20.96928272008896,,68.90870305824279,,160.7414934310913,,164.3388839950561
"IMAGE 3.4","High-to-Low - SSP5","Pacific OECD (R10)","Capacity|Electricity|Nuclear","GW",1,28.608419921875,,28.49816015625,27.94683984375,24.3127109375,17.2343203125,11.4345498046875,8.7830615234375,,10.0785703125,,13.612009765625,,33.093328125,,54.3679232788086,,73.61130517578125
"IMAGE 3.4","High-to-Low - SSP5","Pacific OECD (R10)","Capacity|Electricity|Oil","GW",1,54.40227660894394,,58.23416684103012,57.56282289409637,55.87032566452027,52.02327456957102,51.50294475106709,51.17258854442633,,37.46162148719083,,25.46245417639614,,27.73831774622574,,57.99071177850723,,49.16517064561064
"IMAGE 3.4","High-to-Low - SSP5","Pacific OECD (R10)","Capacity|Electricity|Other","GW",1,1.7390299243927,,1.793204179763793,1.924772515058517,2.353006658315658,7.546855715274811,22.57803263831138,26.66869225883483,,29.5167182226181,,30.19209832310677,,31.69107609200477,,36.66229706549645,,36.94825655364991
"IMAGE 3.4","High-to-Low - SSP5","Pacific OECD (R10)","Capacity|Electricity|Solar|CSP","GW",1,0.003,,0.003,0.003,0.003,0.003,0.003,0.003,,0.003,,0.003,,0.003,,27.479259765625,,28.016740234375
"IMAGE 3.4","High-to-Low - SSP5","Pacific OECD (R10)","Capacity|Electricity|Solar|PV","GW",1,92.06394091796875,,153.86720703125,213.70837109375,266.99895703125,293.54523046875,326.244158203125,342.278431640625,,464.6227109375,,678.10969921875,,971.0924765625,,2278.986556640625,,1941.552898925781
"IMAGE 3.4","High-to-Low - SSP5","Pacific OECD (R10)","Capacity|Electricity|Wind|Offshore","GW",1,0.066,,0.351050811767578,0.54,13.759240234375,46.1257392578125,81.170853515625,108.566462890625,,125.615875,,136.24533984375,,235.21741015625,,583.16990625,,625.2017812500001
"IMAGE 3.4","High-to-Low - SSP5","Pacific OECD (R10)","Capacity|Electricity|Wind|Onshore","GW",1,15.01248046875,,24.99177587890625,29.3537734375,31.27559765625,47.1831845703125,67.34490673828125,81.4333359375,,133.6539555664063,,187.5508017578125,,263.9433569335937,,995.4945317382812,,878.9136635742187
"IMAGE 3.4","High-to-Low - SSP5","Reforming Economies (R10)","Capacity|Electricity|Biomass","GW",1,15.05464291381836,,18.59058332061744,28.81208416748046,39.2443173828125,40.97000045776367,40.79379541015625,40.45844253540039,,29.12230391693115,,12.50416123008728,,21.46381190898994,,27.00096347469282,,29.33591836971236
"IMAGE 3.4","High-to-Low - SSP5","Reforming Economies (R10)","Capacity|Electricity|Coal","GW",1,137.4824016304016,,138.9343720598221,136.0685835571289,177.089369140625,201.5261166992188,217.7320375976562,192.3593872070313,,163.9234947624207,,115.2217787818201,,56.4422278531415,,31.32827018851764,,5.464084612913196
"IMAGE 3.4","High-to-Low - SSP5","Reforming Economies (R10)","Capacity|Electricity|Fossil","GW",1,622.4838763618469,,565.0786660966874,444.9123393249512,411.4565352325439,480.3166485443116,544.1207670459747,638.4392226902843,,752.1268769357303,,751.5232161099635,,212.8936899747329,,210.2480014529119,,172.1116220142588
"IMAGE 3.4","High-to-Low - SSP5","Reforming Economies (R10)","Capacity|Electricity|Gas","GW",1,432.5386025657654,,382.5517976379394,265.2842306518555,190.5334387512207,237.1283106079102,300.2121197204589,422.8741407775879,,578.4604310073853,,633.0703489608765,,149.154032027483,,165.8641019957066,,155.298799308313
"IMAGE 3.4","High-to-Low - SSP5","Reforming Economies (R10)","Capacity|Electricity|Geothermal","GW",1,0,,0,0,0,0,0,0,,0,,0,,0,,0,,0
"IMAGE 3.4","High-to-Low - SSP5","Reforming Economies (R10)","Capacity|Electricity|Hydro","GW",1,63.34977075195312,,69.27782958984375,79.97526611328125,79.92575390625,79.51771044921875,79.68726806640625,84.7902470703125,,85.83031396484375,,89.31350415039063,,125.272390625,,146.3792592773437,,144.194689453125
"IMAGE 3.4","High-to-Low - SSP5","Reforming Economies (R10)","Capacity|Electricity|Hydrogen","GW",1,0,,0,0,0,0.39744763469696,0.561102294921875,1.359535957336425,,1.79907568359375,,3.205666015625,,133.1964299316406,,215.193822265625,,238.257029296875
"IMAGE 3.4","High-to-Low - SSP5","Reforming Economies (R10)","Capacity|Electricity|Nuclear","GW",1,41.57,,43.935,46.49268824005127,46.33097601318359,39.28442333984375,30.48703466796875,24.68421435546875,,22.41132983398438,,20.11188330078125,,77.106921875,,105.799130859375,,122.7872421875
"IMAGE 3.4","High-to-Low - SSP5","Reforming Economies (R10)","Capacity|Electricity|Oil","GW",1,52.46287216567993,,43.59249639892578,43.5595251159668,43.83372734069824,41.66222123718262,26.1766097278595,23.20569470566511,,9.742951165924314,,3.231088367266959,,7.297430094108423,,13.05562926868765,,11.34873809303247
"IMAGE 3.4","High-to-Low - SSP5","Reforming Economies (R10)","Capacity|Electricity|Other","GW",1,0.09710001373291001,,0.102016502380371,0.101573097229003,0.101314002990722,0.08583809661865201,0.173347957611083,0.244035301208495,,0.752523200988769,,4.811869819641114,,46.68683557891845,,53.48259561920166,,43.98508267211915
"IMAGE 3.4","High-to-Low - SSP5","Reforming Economies (R10)","Capacity|Electricity|Solar|CSP","GW",1,0,,0,0,0,0,0,0,,0,,0,,0.234009399414062,,0.585023376464843,,0.585023376464843
"IMAGE 3.4","High-to-Low - SSP5","Reforming Economies (R10)","Capacity|Electricity|Solar|PV","GW",1,10.27538604736328,,12.82237902832031,37.73546447753907,73.03193103027344,142.8525313720703,257.8607209472657,399.3853972167968,,893.8809350585936,,1489.990581542969,,3486.829278320312,,6754.57425390625,,6298.665160156251
"IMAGE 3.4","High-to-Low - SSP5","Reforming Economies (R10)","Capacity|Electricity|Wind|Offshore","GW",1,0,,0,0,0,1.380967041015625,4.656073455810547,8.203338134765625,,12.29755834960937,,17.5605439453125,,142.627572265625,,389.9778046875,,377.3415390625
"IMAGE 3.4","High-to-Low - SSP5","Reforming Economies (R10)","Capacity|Electricity|Wind|Onshore","GW",1,3.172475036621093,,6.2234228515625,13.47412084960938,20.71372705078125,43.61221435546874,74.08382373046875,97.58030419921874,,149.4260439453125,,190.74380859375,,870.3947265625,,2631.4903984375,,2497.640671875
"IMAGE 3.4","High-to-Low - SSP5","Rest of Asia (R10)","Capacity|Electricity|Biomass","GW",1,24.0147951207161,,24.40855213069916,23.02432479858399,27.03268867111206,24.31094499969483,20.25227641296387,16.50271955108643,,14.26821851348877,,92.5153777704239,,934.0304018859863,,2355.475316680908,,2795.742410430908
"IMAGE 3.4","High-to-Low - SSP5","Rest of Asia (R10)","Capacity|Electricity|Coal","GW",1,121.44426171875,,138.5181631099582,148.9456913833618,225.7659494724274,344.4919066238403,481.4417218170166,604.4404588012694,,737.7740610961914,,736.5415263366699,,6.734274528265,,2.098475547456881,,2.032527279333294
"IMAGE 3.4","High-to-Low - SSP5","Rest of Asia (R10)","Capacity|Electricity|Fossil","GW",1,227.2330046386718,,251.5801233150363,272.4336555572748,368.3210756402016,523.388543712616,714.0640943457634,904.3199143687273,,1119.857712494466,,1152.581597306594,,129.8376429201364,,29.70201949685478,,24.84404962113934
"IMAGE 3.4","High-to-Low - SSP5","Rest of Asia (R10)","Capacity|Electricity|Gas","GW",1,75.23077319335937,,79.73031079101563,82.7649539834261,103.6649498558045,140.8833297767639,193.3839620123208,258.2795394794997,,338.5838623304367,,384.5428437423707,,95.93043976759911,,23.29801413405174,,22.77664943813738
"IMAGE 3.4","High-to-Low - SSP5","Rest of Asia (R10)","Capacity|Electricity|Geothermal","GW",1,0,,0,0,0,0,0,0,,0,,0,,0,,0,,0
"IMAGE 3.4","High-to-Low - SSP5","Rest of Asia (R10)","Capacity|Electricity|Hydro","GW",1,51.2852548828125,,63.2076103515625,97.197443359375,126.68359765625,139.93008984375,156.48322265625,177.29283984375,,206.32058984375,,216.3132890625,,319.066296875,,370.094,,346.386796875
"IMAGE 3.4","High-to-Low - SSP5","Rest of Asia (R10)","Capacity|Electricity|Hydrogen","GW",1,0,,0,0,0.010278189659118,0.034049930572509,0.188191493988037,3.135769695281982,,9.363073364257813,,14.83593217536807,,119.6015545196533,,141.8323826446533,,137.9747655792236
"IMAGE 3.4","High-to-Low - SSP5","Rest of Asia (R10)","Capacity|Electricity|Nuclear","GW",1,0,,0,0,0,0,0,0,,9.34614599609375,,24.7893505859375,,124.67380859375,,171.1168671875,,172.3847734375
"IMAGE 3.4","High-to-Low - SSP5","Rest of Asia (R10)","Capacity|Electricity|Oil","GW",1,30.5579697265625,,33.3316494140625,40.72301019048691,38.89017631196976,38.01330731201172,39.23841051642597,41.59991608795804,,43.49978906783756,,31.49722722755373,,27.17292862427234,,4.305529815346147,,0.034872903668664
"IMAGE 3.4","High-to-Low - SSP5","Rest of Asia (R10)","Capacity|Electricity|Other","GW",1,5.08860888671875,,6.189658203125,8.382492919921875,11.09864208984375,15.24500439453125,25.14490270996094,52.66172705078125,,74.84528320312499,,85.26337109375,,89.5302744140625,,107.0907456054688,,112.6670556640625
"IMAGE 3.4","High-to-Low - SSP5","Rest of Asia (R10)","Capacity|Electricity|Solar|CSP","GW",1,0.005,,0.005,0.005,0.005,0.005,0.004090909004211001,0.004090909004211001,,0.00223140501976,,0,,0,,0,,0
"IMAGE 3.4","High-to-Low - SSP5","Rest of Asia (R10)","Capacity|Electricity|Solar|PV","GW",1,23.17644091796875,,36.90370428466797,181.821484375,340.2456484375,610.617759765625,923.21870703125,1191.0758046875,,1436.38003125,,1642.364125,,1539.594796875,,1274.1340859375,,1271.7883046875
"IMAGE 3.4","High-to-Low - SSP5","Rest of Asia (R10)","Capacity|Electricity|Wind|Offshore","GW",1,0.09919999694824201,,1.1035,2.436906921386719,12.13590771484375,32.391099609375,86.95448828125001,191.5836796875,,608.2845,,759.565328125,,1648.132375,,2844.8058125,,3197.796875
"IMAGE 3.4","High-to-Low - SSP5","Rest of Asia (R10)","Capacity|Electricity|Wind|Onshore","GW",1,2.523655944824219,,12.43404345703125,18.3614091796875,44.51776904296875,51.9925703125,54.3322109375,56.19106494140625,,59.34709765625001,,63.4830283203125,,69.5704306640625,,71.62879296875,,72.13988623046876
"IMAGE 3.4","High-to-Low - SSP5","World","Capacity|Electricity|Biomass","GW",1,482.7611875,,491.8313125,494.17734375,532.585453125,624.30696875,703.9506109523774,767.8846917648316,,713.6489227561951,,876.2585034179688,,2981.215240234375,,5503.217232421875,,6787.243107421875
"IMAGE 3.4","High-to-Low - SSP5","World","Capacity|Electricity|Coal","GW",1,3238.5205,,3384.936875,3597.444875,4016.482,4615.473889892578,5049.765724609375,5425.873015625,,5173.857453125,,4392.5712890625,,413.4004107666016,,424.4631320504546,,1013.839906327196
"IMAGE 3.4","High-to-Low - SSP5","World","Capacity|Electricity|Fossil","GW",1,5763.26669140625,,6053.70732421875,6351.092390625,6697.6323359375,7505.534171142578,8689.571853515625,10184.28680615234,,11718.39107617187,,11906.39044384766,,4260.631915153504,,4393.993205545276,,4458.599814971237
"IMAGE 3.4","High-to-Low - SSP5","World","Capacity|Electricity|Gas","GW",1,1914.370625,,1977.16390625,1870.50228125,1807.02078125,2159.8488125,2985.711015625,4094.7208125,,5914.0023125,,7105.00290625,,2485.91614453125,,2470.644085865021,,2946.7910288401
"IMAGE 3.4","High-to-Low - SSP5","World","Capacity|Electricity|Geothermal","GW",1,0,,0,0,0,0,0,0,,0,,0,,0,,0,,0
"IMAGE 3.4","High-to-Low - SSP5","World","Capacity|Electricity|Hydro","GW",1,1377.905,,1636.478,1892.46,2041.39,2238.332,2401.354,2531.196,,2802.774,,2911.602,,3833.901,,4586.85,,5361.418
"IMAGE 3.4","High-to-Low - SSP5","World","Capacity|Electricity|Hydrogen","GW",1,7.661000722691824e-10,,7.661000722691824e-10,7.661000722691824e-10,4.28022998046875,34.6490703125,72.587609375,118.0359536151886,,221.1007476196289,,387.6873902893067,,2566.21690625,,4332.7676875,,5916.3485
"IMAGE 3.4","High-to-Low - SSP5","World","Capacity|Electricity|Nuclear","GW",1,380.3728125,,410.938,458.6806875,480.88909375,452.05390625,410.88,410.8135,,464.1305,,659.396375,,1690.575,,2440.658,,3396.378
"IMAGE 3.4","High-to-Low - SSP5","World","Capacity|Electricity|Oil","GW",1,610.37556640625,,691.60654296875,883.145234375,874.1295546875,730.21146875,654.0951132812501,663.6929780273438,,630.531310546875,,408.8162485351563,,1361.315359855652,,1498.885987629801,,497.9688798039406
"IMAGE 3.4","High-to-Low - SSP5","World","Capacity|Electricity|Other","GW",1,17.65697122192383,,19.62873294830322,23.80220776367188,30.35329711914062,44.65390576171875,91.0841796875,169.091046875,,281.5325,,341.5585,,432.451609375,,633.1195,,689.9418125
"IMAGE 3.4","High-to-Low - SSP5","World","Capacity|Electricity|Solar|CSP","GW",1,6.3951337890625,,7.120154785156251,6.96490478515625,5.86898291015625,4.74592919921875,4.100462890625,3.901194091796875,,3.93410205078125,,15.7619501953125,,327.82890625,,767.476125,,1322.535
"IMAGE 3.4","High-to-Low - SSP5","World","Capacity|Electricity|Solar|PV","GW",1,712.04371875,,2220.414625,4382.878,7527.073,10715.233,14528.801,18080.871,,26425.477,,35736.106,,47548.34,,62663.202,,63630.586
"IMAGE 3.4","High-to-Low - SSP5","World","Capacity|Electricity|Wind|Offshore","GW",1,34.3473515625,,80.5969765625,116.692796875,159.873703125,327.698,664.674875,1208.621,,2545.288,,3511.966,,8072.12,,12787.56,,13686.96
"IMAGE 3.4","High-to-Low - SSP5","World","Capacity|Electricity|Wind|Onshore","GW",1,694.7336875,,1107.869,1445.772,1766.059,2715.065,3548.658,4624.944,,6330.861,,7333.638,,9940.604,,15954.15,,17623.39
"MESSAGEix-GLOBIOM-GAINS 2.1-M-R12","Low - SSP1","Africa (R10)","Capacity|Electricity|Biomass","GW",1,1.113321,,1.113321,1.113321,0.8761869999999999,0.8761869999999999,0,0,0,0,,0,,0,,0,,0
"MESSAGEix-GLOBIOM-GAINS 2.1-M-R12","Low - SSP1","Africa (R10)","Capacity|Electricity|Coal","GW",1,41.306,,38.68049714256306,28.40998046862033,2.206775933988219,0,0,0,0,0,,0,,0,,0,,0
"MESSAGEix-GLOBIOM-GAINS 2.1-M-R12","Low - SSP1","Africa (R10)","Capacity|Electricity|Gas","GW",1,18.69870472046891,,14.09212317182084,20.62036954178264,20.17036954178264,19.38376954178264,14.33178954178264,7.471789541782639,7.471789541782639,0,,0,,0,,0,,0
"MESSAGEix-GLOBIOM-GAINS 2.1-M-R12","Low - SSP1","Africa (R10)","Capacity|Electricity|Geothermal","GW",1,0.893440965427266,,1.300346850553046,1.357074767302201,1.291774767302201,1.151774767302201,0.8912213592319411,0.689610098866516,0.5336071488104001,0.5336071488104001,,0.5336071488104001,,0.340445704349739,,0.203837418999217,,0.203837418999217
"MESSAGEix-GLOBIOM-GAINS 2.1-M-R12","Low - SSP1","Africa (R10)","Capacity|Electricity|Hydro","GW",1,27.66276923678868,,35.32506947625536,35.70749985353913,83.08107117355532,102.8493136510749,114.8393136510748,126.8293136510749,136.0293136510748,145.2293136510748,,157.5693136510749,,165.1293136510749,,169.4893136510748,,171.9293136510749
"MESSAGEix-GLOBIOM-GAINS 2.1-M-R12","Low - SSP1","Africa (R10)","Capacity|Electricity|Nuclear","GW",1,1.854,,1.854,0,0,0,0,0,0,0,,0,,0,,0,,0
"MESSAGEix-GLOBIOM-GAINS 2.1-M-R12","Low - SSP1","Africa (R10)","Capacity|Electricity|Oil","GW",1,5.164152862944163,,3.785137,15.434865,12.0190500821159,12.0190500821159,12.0190500821159,11.738397,0,0,,0,,0,,0,,0
"MESSAGEix-GLOBIOM-GAINS 2.1-M-R12","Low - SSP1","Africa (R10)","Capacity|Electricity|Solar|CSP","GW",1,0.5,,0.5,0.5,0.5,0.5,0.5,0.5,0.5,0.5,,0.5,,0.5,,0.5,,0.5
"MESSAGEix-GLOBIOM-GAINS 2.1-M-R12","Low - SSP1","Africa (R10)","Capacity|Electricity|Solar|PV","GW",1,5.14251299,,16.99393156999995,71.33,129.9722103725219,208.4684738982258,357.0931397479864,487.7147954696588,712.2702331468463,1011.459207573653,,1930.825522382692,,2711.942584657231,,3313.160640401706,,3721.922203341336
"MESSAGEix-GLOBIOM-GAINS 2.1-M-R12","Low - SSP1","Africa (R10)","Capacity|Electricity|Wind|Offshore","GW",1,0,,0,0,0,0,0,0,0,0,,0,,0,,0,,0
"MESSAGEix-GLOBIOM-GAINS 2.1-M-R12","Low - SSP1","Africa (R10)","Capacity|Electricity|Wind|Onshore","GW",1,3.443760000000001,,5.467051599999996,13,15.33811934400845,46.91162881475578,102.6700260178897,197.3617489570446,329.9905007720453,499.0735890549192,,1016.587115704942,,1484.045613224153,,1874.86026514104,,2228.930034470552
"MESSAGEix-GLOBIOM-GAINS 2.1-M-R12","Low - SSP1","China+ (R10)","Capacity|Electricity|Biomass","GW",1,17.59559803921568,,7.780474148235297,2.185409826850286,0,0,0,0,0,0,,0,,0,,0,,0
"MESSAGEix-GLOBIOM-GAINS 2.1-M-R12","Low - SSP1","China+ (R10)","Capacity|Electricity|Coal","GW",1,1016.415192884399,,1290.551123227147,1145.889474022563,941.142195723415,821.0253242112361,661.2663515372797,378.2040391597751,0,0,,0,,0,,0,,0
"MESSAGEix-GLOBIOM-GAINS 2.1-M-R12","Low - SSP1","China+ (R10)","Capacity|Electricity|Gas","GW",1,70.32903617940805,,100.4809718122855,86.62258271628436,110.7698520139984,106.2901520139984,56.76664408049461,34.92501408049462,1.302221838410827,0,,0,,0,,0,,0
"MESSAGEix-GLOBIOM-GAINS 2.1-M-R12","Low - SSP1","China+ (R10)","Capacity|Electricity|Geothermal","GW",1,0.02604336810622,,0.027305635065168,0.03434598567173301,0.122454062527931,0.313431698461957,0.56079646324978,0.8795719654484211,1.294559868650161,1.839749794648999,,3.424735760182735,,4.487582953040338,,5.783187750440847,,7.362522768990507
"MESSAGEix-GLOBIOM-GAINS 2.1-M-R12","Low - SSP1","China+ (R10)","Capacity|Electricity|Hydro","GW",1,375.4594046215433,,478.7472251327483,471.8131710452453,478.2447168120975,486.0714285714287,486.3169642857143,486.5625,486.5848214285714,486.607142857143,,486.607142857143,,486.6071428571429,,486.6071428571429,,486.6071428571429
"MESSAGEix-GLOBIOM-GAINS 2.1-M-R12","Low - SSP1","China+ (R10)","Capacity|Electricity|Nuclear","GW",1,47.74499999999999,,54.794,77.1,78.23899999999999,78.23899999999999,78.23899999999999,78.23899999999999,73.73899999999999,70.109,,43.14209025314337,,18.91442189105383,,4.40842189105383,,4.40842189105383
"MESSAGEix-GLOBIOM-GAINS 2.1-M-R12","Low - SSP1","China+ (R10)","Capacity|Electricity|Oil","GW",1,0.545602564102564,,0.523602564102564,5.298799384615384,1.116713309791356,0,0,0,0,0,,0,,0,,0,,0
"MESSAGEix-GLOBIOM-GAINS 2.1-M-R12","Low - SSP1","China+ (R10)","Capacity|Electricity|Solar|CSP","GW",1,0.546,,0.5700000000000001,0.5700000000000001,0.5700000000000001,0.5700000000000001,0.5700000000000001,0.5700000000000001,0.5700000000000001,0.5700000000000001,,0.5700000000000001,,0.5700000000000001,,0.5700000000000001,,0.5700000000000001
"MESSAGEix-GLOBIOM-GAINS 2.1-M-R12","Low - SSP1","China+ (R10)","Capacity|Electricity|Solar|PV","GW",1,284.294031188,,982.8490845265495,2064.412143553654,3079.938829911919,3860.746247844697,4139.681226340151,4279.36076662817,4715.100906867028,4675.571838361207,,4575.228454288329,,4353.453170492661,,4034.98533362438,,3674.236591788042
"MESSAGEix-GLOBIOM-GAINS 2.1-M-R12","Low - SSP1","China+ (R10)","Capacity|Electricity|Wind|Offshore","GW",1,9.089200000000002,,56.99273507000004,56.99273507000001,56.99273507000004,56.99273507000004,162.9862548116522,166.5356064313849,175.9713751696735,191.1886636898886,,237.5060012361158,,250.5537252020601,,264.0512361779926,,232.1844234037857
"MESSAGEix-GLOBIOM-GAINS 2.1-M-R12","Low - SSP1","China+ (R10)","Capacity|Electricity|Wind|Onshore","GW",1,273.5801199999995,,550.337080789999,830.7,844.338802565863,985.2802591865973,1385.431584939316,1782.223310495123,2176.10946785157,2182.967376135919,,2297.342836198598,,2427.819695678334,,2332.040649718809,,2308.720324208902
"MESSAGEix-GLOBIOM-GAINS 2.1-M-R12","Low - SSP1","Europe (R10)","Capacity|Electricity|Biomass","GW",1,19.66899035361752,,3.817094039978162,0,0,0,0,0,0,0,,0,,0,,0,,0
"MESSAGEix-GLOBIOM-GAINS 2.1-M-R12","Low - SSP1","Europe (R10)","Capacity|Electricity|Coal","GW",1,131.5718626890809,,126.8438582656826,35.36315408844062,6.503251720478161,4.86416921585479,4.00616921585479,0.375848454177914,0,0,,0,,0,,0,,0
"MESSAGEix-GLOBIOM-GAINS 2.1-M-R12","Low - SSP1","Europe (R10)","Capacity|Electricity|Gas","GW",1,215.0796984297791,,179.3405459325626,84.22682152230259,58.01648716531703,58.01648716531703,58.01648716531703,57.35011323617156,3.980178160102165,7.549173769690053,,0,,0,,0,,0
"MESSAGEix-GLOBIOM-GAINS 2.1-M-R12","Low - SSP1","Europe (R10)","Capacity|Electricity|Geothermal","GW",1,1.61717,,1.902239432375606,1.98006632816915,2.462172540925059,3.031974289815403,4.26544084329502,5.940372944404704,8.221837227190566,11.33735614740721,,14.13302305260373,,11.1463538279355,,7.657925179972576,,8.832113195938817
"MESSAGEix-GLOBIOM-GAINS 2.1-M-R12","Low - SSP1","Europe (R10)","Capacity|Electricity|Hydro","GW",1,207.1625370759525,,216.457285529931,221.1504582265435,226.6500586722511,232.8962432291142,232.8962432291142,232.8962432291142,232.8962432291142,232.8962432291142,,232.8962432291142,,232.8962432291142,,232.8962432291142,,232.8962432291142
"MESSAGEix-GLOBIOM-GAINS 2.1-M-R12","Low - SSP1","Europe (R10)","Capacity|Electricity|Nuclear","GW",1,104.0473684210526,,108.8063684210526,112.2233684210526,112.7843684210526,77.67966324481246,41.34639922689591,28.36918289994222,22.93336842105263,14.33036842105263,,12.126,,11.801,,5.151000000000001,,0
"MESSAGEix-GLOBIOM-GAINS 2.1-M-R12","Low - SSP1","Europe (R10)","Capacity|Electricity|Oil","GW",1,37.38208495389576,,37.38208495389576,0,0,0,0,0,0,0,,0,,0,,0,,0
"MESSAGEix-GLOBIOM-GAINS 2.1-M-R12","Low - SSP1","Europe (R10)","Capacity|Electricity|Solar|CSP","GW",1,2.31213,,2.322174,2.322174,2.322174,2.322174,2.322174,2.322174,2.322174,2.322174,,2.322174,,2.322174,,2.322174,,2.322174
"MESSAGEix-GLOBIOM-GAINS 2.1-M-R12","Low - SSP1","Europe (R10)","Capacity|Electricity|Solar|PV","GW",1,174.4364499999999,,348.1967539099994,938.3126004722681,938.312599700768,948.9119899757708,1148.315041045415,1178.933129500697,1271.613215705265,1342.760582267439,,1408.77400834263,,1448.364555227915,,1532.598972377572,,1624.1078742099
"MESSAGEix-GLOBIOM-GAINS 2.1-M-R12","Low - SSP1","Europe (R10)","Capacity|Electricity|Wind|Offshore","GW",1,24.9399,,39.30720262999995,46.35583980914986,46.35583980914988,47.37927194167642,61.13828188038327,82.15542928840131,101.6646273407561,103.0333003751987,,124.5971791155356,,124.5971791155356,,127.3989023796137,,127.3989023796137
"MESSAGEix-GLOBIOM-GAINS 2.1-M-R12","Low - SSP1","Europe (R10)","Capacity|Electricity|Wind|Onshore","GW",1,190.2000999999999,,265.6607075899993,334.7629322352106,334.7629322352106,334.7629322352107,334.7629322352106,354.0277522416953,431.1602256754942,506.7829827665636,,556.0694392392132,,596.3482343481427,,612.7391203685027,,617.0480819690027
"MESSAGEix-GLOBIOM-GAINS 2.1-M-R12","Low - SSP1","India+ (R10)","Capacity|Electricity|Biomass","GW",1,4.930473,,4.930473,10,10,9.999999999999996,10,10,10,10,,9.999999999999998,,10,,10,,10
"MESSAGEix-GLOBIOM-GAINS 2.1-M-R12","Low - SSP1","India+ (R10)","Capacity|Electricity|Coal","GW",1,239.0917185,,244.9547705707079,254.5953840535468,141.5322732057494,138.4172942764183,95.8003063353768,39.91814868317415,9.081448683174145,0,,0,,0,,0,,0
"MESSAGEix-GLOBIOM-GAINS 2.1-M-R12","Low - SSP1","India+ (R10)","Capacity|Electricity|Gas","GW",1,57.12988824999999,,135.2836632818976,135.1164132818976,132.0012732818976,131.4114932818977,121.8185882818976,111.0759042818976,0,0,,0,,0,,0,,0
"MESSAGEix-GLOBIOM-GAINS 2.1-M-R12","Low - SSP1","India+ (R10)","Capacity|Electricity|Geothermal","GW",1,0,,0,0,0,0,0,0,0,0,,0,,0,,0,,0.15642458571054
"MESSAGEix-GLOBIOM-GAINS 2.1-M-R12","Low - SSP1","India+ (R10)","Capacity|Electricity|Hydro","GW",1,61.5104934365328,,70.18211219213997,62.62541389453028,173.1646107757149,171.6101694915254,172.6694915254237,173.728813559322,174.7881355932204,175.8474576271186,,175.8474576271186,,175.8474576271187,,175.8474576271186,,175.8474576271186
"MESSAGEix-GLOBIOM-GAINS 2.1-M-R12","Low - SSP1","India+ (R10)","Capacity|Electricity|Nuclear","GW",1,7.483,,10.777,16.201,17.945,16.852,15.952,14.654,12.614,10.852,,4.696,,0,,0,,0
"MESSAGEix-GLOBIOM-GAINS 2.1-M-R12","Low - SSP1","India+ (R10)","Capacity|Electricity|Oil","GW",1,24.78252330438446,,24.78252330438446,18.7325142,14.2469742,14.0301742,14.0301742,8.956825199999999,0,0,,0,,0,,0,,0
"MESSAGEix-GLOBIOM-GAINS 2.1-M-R12","Low - SSP1","India+ (R10)","Capacity|Electricity|Solar|CSP","GW",1,0.3285,,0.3425,0.3425,0.3425,0.3425,0.3425,0.3425,0.3425,0.3425,,0.3425,,0.3425,,0.3425,,0.3425
"MESSAGEix-GLOBIOM-GAINS 2.1-M-R12","Low - SSP1","India+ (R10)","Capacity|Electricity|Solar|PV","GW",1,52.8740834113499,,117.0767878646999,527.5038806865836,928.3163053657197,1347.46127543286,2034.905643782671,2634.46695733146,3209.421952311542,3855.081819437535,,4272.993795724252,,5569.071201143868,,5643.390724179766,,4908.557807390669
"MESSAGEix-GLOBIOM-GAINS 2.1-M-R12","Low - SSP1","India+ (R10)","Capacity|Electricity|Wind|Offshore","GW",1,0,,0,0,0,0,0,0,0,0,,0,,0,,0,,0
"MESSAGEix-GLOBIOM-GAINS 2.1-M-R12","Low - SSP1","India+ (R10)","Capacity|Electricity|Wind|Onshore","GW",1,39.97896999999995,,56.05794807999995,86,173.2490788195264,366.3752549388691,690.6019091964284,1234.924410906865,1871.814057712593,2425.65665976733,,2982.24008439269,,2984.153107840446,,2984.219357440446,,2984.219357440446
"MESSAGEix-GLOBIOM-GAINS 2.1-M-R12","Low - SSP1","Latin America (R10)","Capacity|Electricity|Biomass","GW",1,10.39858823529412,,0,13.35099776385633,13.41,13.41,13.41,13.41,13.32245076703175,13.2638091901523,,13.2638091901523,,12.72075398776026,,12.32895967473475,,12.32895967473475
"MESSAGEix-GLOBIOM-GAINS 2.1-M-R12","Low - SSP1","Latin America (R10)","Capacity|Electricity|Coal","GW",1,18.69986881995844,,9.926406924084823,0,0,0,0,0,0,0,,0,,0,,0,,0
"MESSAGEix-GLOBIOM-GAINS 2.1-M-R12","Low - SSP1","Latin America (R10)","Capacity|Electricity|Gas","GW",1,90.00464469678911,,70.18548226803753,55.08960112813896,47.76705909751273,48.06739411941221,48.06739411941221,40.78192911941221,8.56514564547223,8.56514564547223,,3.968156862588284,,2.196425125675249,,1.31508085701307,,0.7873874871789891
"MESSAGEix-GLOBIOM-GAINS 2.1-M-R12","Low - SSP1","Latin America (R10)","Capacity|Electricity|Geothermal","GW",1,1.735269907727328,,1.732899219168629,1.328197703382967,1.018101372808791,0.780472265685318,0.6039145614347341,0.46729757551687,0.3615859560749211,0.3615859560749211,,0.297944294640187,,0.178390255036403,,0.10680883529045,,0.10680883529045
"MESSAGEix-GLOBIOM-GAINS 2.1-M-R12","Low - SSP1","Latin America (R10)","Capacity|Electricity|Hydro","GW",1,197.5379286509483,,209.6477850184081,201.6744141373424,203.9055584300281,206.1896923996649,206.1896923996649,206.1896923996649,206.1896923996649,206.1896923996649,,206.1896923996649,,206.1896923996649,,206.1896923996649,,206.1896923996649
"MESSAGEix-GLOBIOM-GAINS 2.1-M-R12","Low - SSP1","Latin America (R10)","Capacity|Electricity|Nuclear","GW",1,5.369489863081315,,5.369489863081315,6.369489863081315,4.400489863081314,0,0,0,0,0,,0,,0,,0,,0
"MESSAGEix-GLOBIOM-GAINS 2.1-M-R12","Low - SSP1","Latin America (R10)","Capacity|Electricity|Oil","GW",1,18.059195,,0,0,0,0,0,0,0,0,,0,,0,,0,,0
"MESSAGEix-GLOBIOM-GAINS 2.1-M-R12","Low - SSP1","Latin America (R10)","Capacity|Electricity|Solar|CSP","GW",1,0,,0.12527,0.12527,0.12527,0.12527,0.12527,0.12527,0.12527,0.12527,,0.12527,,0.12527,,0.12527,,0.12527
"MESSAGEix-GLOBIOM-GAINS 2.1-M-R12","Low - SSP1","Latin America (R10)","Capacity|Electricity|Solar|PV","GW",1,24.684652,,107.6925152754499,285.4235809528641,510.2490503137672,679.0028100199577,828.3901872563431,1027.838703159229,1217.491770924416,1472.289255279427,,1863.802578317169,,1963.097159464827,,2050.202083251595,,2023.855859423584
"MESSAGEix-GLOBIOM-GAINS 2.1-M-R12","Low - SSP1","Latin America (R10)","Capacity|Electricity|Wind|Offshore","GW",1,0,,0,0,0,0,0,0,0,0,,0,,0,,0,,0
"MESSAGEix-GLOBIOM-GAINS 2.1-M-R12","Low - SSP1","Latin America (R10)","Capacity|Electricity|Wind|Onshore","GW",1,33.07356999999995,,68.72819046999994,80.00000000000001,80.00000000000001,158.8006885535613,236.6822988858755,381.5267720910554,542.5361911525063,730.357863366569,,963.7182190274942,,1062.067559540614,,1137.354170549292,,1156.383631275298
"MESSAGEix-GLOBIOM-GAINS 2.1-M-R12","Low - SSP1","Middle East (R10)","Capacity|Electricity|Biomass","GW",1,0.00038,,0,0,0,0,0,0,0,0,,0,,0,,0,,0
"MESSAGEix-GLOBIOM-GAINS 2.1-M-R12","Low - SSP1","Middle East (R10)","Capacity|Electricity|Coal","GW",1,9.439,,9.439,7.489000000000001,1.161361301554125,0.8700000000000001,0,0,0,0,,0,,0,,0,,0
"MESSAGEix-GLOBIOM-GAINS 2.1-M-R12","Low - SSP1","Middle East (R10)","Capacity|Electricity|Gas","GW",1,328.5380204153607,,288.5954190057466,287.6287790057466,286.9959806879237,275.7039176858144,258.9692572079652,212.4179535670999,134.6225385613533,134.6225385613533,,12.9353650689832,,0,,0,,0
"MESSAGEix-GLOBIOM-GAINS 2.1-M-R12","Low - SSP1","Middle East (R10)","Capacity|Electricity|Geothermal","GW",1,0,,0,0,0.07434343085714201,0.176964304949362,0.318618297481501,0.514152137724014,0.784059692015575,1.156629922177777,,2.293748350071835,,4.395017037860087,,5.513925830643873,,6.877869405530378
"MESSAGEix-GLOBIOM-GAINS 2.1-M-R12","Low - SSP1","Middle East (R10)","Capacity|Electricity|Hydro","GW",1,20.07953120323607,,23.49615387504161,17.51878754243113,16.77230532497451,15.7664046204742,15.7664046204742,15.7664046204742,15.7664046204742,15.7664046204742,,15.7664046204742,,15.7664046204742,,15.7664046204742,,15.7664046204742
"MESSAGEix-GLOBIOM-GAINS 2.1-M-R12","Low - SSP1","Middle East (R10)","Capacity|Electricity|Nuclear","GW",1,2.252,,6.236,6.236,11.61,7.242467949247044,7.242467949247044,7.242467949247044,7.242467949247044,7.242467949247044,,5.374,,0,,0,,0
"MESSAGEix-GLOBIOM-GAINS 2.1-M-R12","Low - SSP1","Middle East (R10)","Capacity|Electricity|Oil","GW",1,109.6202029230769,,109.6202029230769,121.5132304431083,120.3665513153991,85.60245292307694,55.27187126133476,53.93492292307693,0,0,,0,,0,,0,,0
"MESSAGEix-GLOBIOM-GAINS 2.1-M-R12","Low - SSP1","Middle East (R10)","Capacity|Electricity|Solar|CSP","GW",1,1.02711,,1.236594325946717,1.236594325946717,1.236594325946717,1.236594325946717,1.236594325946717,1.236594325946717,1.236594325946717,1.236594325946717,,1.236594325946717,,1.236594325946717,,1.236594325946717,,1.236594325946717
"MESSAGEix-GLOBIOM-GAINS 2.1-M-R12","Low - SSP1","Middle East (R10)","Capacity|Electricity|Solar|PV","GW",1,10.95094799249994,,32.1075880523999,225.9,466.7792587179952,722.9511892785199,925.2756059914052,1217.330963932784,1391.644418530863,1747.406088751748,,2187.046716946736,,2415.656482938546,,2712.843992762663,,2562.131791164349
"MESSAGEix-GLOBIOM-GAINS 2.1-M-R12","Low - SSP1","Middle East (R10)","Capacity|Electricity|Wind|Offshore","GW",1,0,,0,0,0,4.962908019830969,23.9940500320467,62.46097312624742,125.952296673087,215.7541485511319,,177.4895449918158,,251.3985411056184,,386.8851052106119,,303.6894854193551
"MESSAGEix-GLOBIOM-GAINS 2.1-M-R12","Low - SSP1","Middle East (R10)","Capacity|Electricity|Wind|Onshore","GW",1,4.003619999999994,,7.614001049999995,11.2,11.2,41.30723565478124,129.4496463824338,268.9570622232203,354.5745633378384,354.5745633378384,,1148.369119850623,,1301.665456545245,,1301.665456545245,,1301.665456545245
"MESSAGEix-GLOBIOM-GAINS 2.1-M-R12","Low - SSP1","North America (R10)","Capacity|Electricity|Biomass","GW",1,10.84316666666667,,0,2.873844818794444,2.947101,2.947101,2.947101,0,0,0,,0,,0,,0,,0
"MESSAGEix-GLOBIOM-GAINS 2.1-M-R12","Low - SSP1","North America (R10)","Capacity|Electricity|Coal","GW",1,249.042128,,249.042128,138.446368697474,135.8399505484897,52.21133241244507,1.188617192706984,1.188617192706984,0,0,,0,,0,,0,,0
"MESSAGEix-GLOBIOM-GAINS 2.1-M-R12","Low - SSP1","North America (R10)","Capacity|Electricity|Gas","GW",1,518.6846510425038,,530.5109674146349,529.6020390325542,526.3747038501513,517.9870738501513,482.1996758501513,246.1267018501512,21.39435386537676,21.39435386537676,,0,,0,,0,,0
"MESSAGEix-GLOBIOM-GAINS 2.1-M-R12","Low - SSP1","North America (R10)","Capacity|Electricity|Geothermal","GW",1,3.0796,,3.241035861132952,3.241035861132952,3.652708907616816,4.107229215434511,4.609056361960585,5.163114080964656,5.77483857238183,6.450231840202814,,8.019221206590284,,5.413655046653329,,3.942119200690675,,2.360292384334379
"MESSAGEix-GLOBIOM-GAINS 2.1-M-R12","Low - SSP1","North America (R10)","Capacity|Electricity|Hydro","GW",1,153.0939603039292,,160.2334524641383,166.536539581002,174.3082476750058,182.8642351726511,182.8642351726511,182.8642351726511,182.8642351726511,182.8642351726511,,182.8642351726511,,182.8642351726511,,182.864235172651,,182.864235172651
"MESSAGEix-GLOBIOM-GAINS 2.1-M-R12","Low - SSP1","North America (R10)","Capacity|Electricity|Nuclear","GW",1,112.9162438857682,,115.1502438857682,111.7512438857682,87.84224388576821,70.80324388576821,40.60724388576821,12.0432438857682,9.092243885768198,7.935243885768198,,3.604185062238806,,2.919092531119403,,0,,0
"MESSAGEix-GLOBIOM-GAINS 2.1-M-R12","Low - SSP1","North America (R10)","Capacity|Electricity|Oil","GW",1,61.342633,,61.342633,53.79030429998981,26.431433,14.281679,3.787036000000001,3.535486,0,0,,0,,0,,0,,0
"MESSAGEix-GLOBIOM-GAINS 2.1-M-R12","Low - SSP1","North America (R10)","Capacity|Electricity|Solar|CSP","GW",1,1.7579,,1.74748,1.7579,1.747314882352941,1.747314882352941,1.747314882352941,1.747314882352941,1.747314882352941,1.747314882352941,,1.747314882352941,,1.747314882352941,,1.747314882352941,,1.747314882352941
"MESSAGEix-GLOBIOM-GAINS 2.1-M-R12","Low - SSP1","North America (R10)","Capacity|Electricity|Solar|PV","GW",1,98.88475899999996,,227.8469516999999,293.14388107,427.4562708378345,594.8705848740112,788.6730843788324,1097.028747405573,1436.491143277543,1539.808724527946,,1714.552363007972,,1748.135192357452,,1787.028383615822,,1874.598293121111
"MESSAGEix-GLOBIOM-GAINS 2.1-M-R12","Low - SSP1","North America (R10)","Capacity|Electricity|Wind|Offshore","GW",1,0.0293,,0.0413,0.0413,0.0413,0.0413,0.0413,0.0413001,0.0413,0.0413,,0.0413,,0.0413,,0.0413,,0.0413
"MESSAGEix-GLOBIOM-GAINS 2.1-M-R12","Low - SSP1","North America (R10)","Capacity|Electricity|Wind|Onshore","GW",1,132.26562,,182.90245927,250,250,318.0107934892494,541.2104003053896,676.1920418725359,725.0799506679053,781.7092366279592,,964.2407803726314,,1082.537982523991,,1145.47914663857,,1164.96265668229
"MESSAGEix-GLOBIOM-GAINS 2.1-M-R12","Low - SSP1","Pacific OECD (R10)","Capacity|Electricity|Biomass","GW",1,3.898757062146893,,1.662876856779399,0,0,0,0,0,0,0,,0,,0,,0,,0
"MESSAGEix-GLOBIOM-GAINS 2.1-M-R12","Low - SSP1","Pacific OECD (R10)","Capacity|Electricity|Coal","GW",1,70.36024575531668,,70.36024575531668,60.31345492439412,26.76667515758967,22.12295779274822,16.89668,3.61075,0,0,,0,,0,,0,,0
"MESSAGEix-GLOBIOM-GAINS 2.1-M-R12","Low - SSP1","Pacific OECD (R10)","Capacity|Electricity|Gas","GW",1,109.6979882601871,,84.07589520176454,54.34294725718218,69.258933,68.621003,45.832245,14.377635,0,0,,0,,0,,0,,0
"MESSAGEix-GLOBIOM-GAINS 2.1-M-R12","Low - SSP1","Pacific OECD (R10)","Capacity|Electricity|Geothermal","GW",1,1.5301,,1.828163479082504,1.828163479082504,1.828163479082504,1.828163479082504,2.09278363322346,2.384945665550315,2.707516156866294,3.063660044007058,,3.891009084116037,,4.899542947396901,,6.128940099112027,,7.627568367010214
"MESSAGEix-GLOBIOM-GAINS 2.1-M-R12","Low - SSP1","Pacific OECD (R10)","Capacity|Electricity|Hydro","GW",1,39.49249770017558,,41.42462981460719,42.0365625,43.4626817447496,44.98896321070234,44.98896321070234,44.98896321070234,44.98896321070234,44.98896321070234,,44.98896321070234,,44.98896321070234,,44.98896321070235,,44.98896321070235
"MESSAGEix-GLOBIOM-GAINS 2.1-M-R12","Low - SSP1","Pacific OECD (R10)","Capacity|Electricity|Nuclear","GW",1,31.679,,31.679,34.332,32.772,0,0,0,0,0,,0,,0,,0,,0
"MESSAGEix-GLOBIOM-GAINS 2.1-M-R12","Low - SSP1","Pacific OECD (R10)","Capacity|Electricity|Oil","GW",1,8.685885442300794,,8.685885442300794,0.28692,7.466735740657163,7.466735740657163,4.524945000000001,1.508703,0,0,,0,,0,,0,,0
"MESSAGEix-GLOBIOM-GAINS 2.1-M-R12","Low - SSP1","Pacific OECD (R10)","Capacity|Electricity|Solar|CSP","GW",1,0.003,,0.003,0.003,0.003,0.003,0.003,0.003,0.003,0.003,,0.003,,0.003,,0.003,,0.003
"MESSAGEix-GLOBIOM-GAINS 2.1-M-R12","Low - SSP1","Pacific OECD (R10)","Capacity|Electricity|Solar|PV","GW",1,93.92997399999996,,147.2843810499999,165.2483118499999,167.6970566596808,230.0667216241753,253.7849232985115,271.7376775831141,279.566938655025,279.5728085993446,,260.9268499710836,,257.079327638571,,257.2306574271236,,259.9176829565889
"MESSAGEix-GLOBIOM-GAINS 2.1-M-R12","Low - SSP1","Pacific OECD (R10)","Capacity|Electricity|Wind|Offshore","GW",1,0.066,,0.19,0.19,0.19,0.19,0.19,0.19,0.19,0.19,,0.19,,0.19,,0.19,,0.19
"MESSAGEix-GLOBIOM-GAINS 2.1-M-R12","Low - SSP1","Pacific OECD (R10)","Capacity|Electricity|Wind|Onshore","GW",1,14.95799999999999,,24.86854156,45.00000000000001,45,45,45,53.53606530935781,74.26752081910996,64.42357308728212,,97.5509236448718,,96.06503769186125,,132.153282562305,,131.930771050635
"MESSAGEix-GLOBIOM-GAINS 2.1-M-R12","Low - SSP1","Reforming Economies (R10)","Capacity|Electricity|Biomass","GW",1,0.144166666666666,,0.144166666666666,0,0,0,0,0,0,0,,0,,0,,0,,0
"MESSAGEix-GLOBIOM-GAINS 2.1-M-R12","Low - SSP1","Reforming Economies (R10)","Capacity|Electricity|Coal","GW",1,71.88830946112428,,71.07310130708373,59.59621874575183,22.8868694163184,14.8274,10.0884,4.006,0.7328226415289081,0.7328226415289081,,0,,0,,0,,0
"MESSAGEix-GLOBIOM-GAINS 2.1-M-R12","Low - SSP1","Reforming Economies (R10)","Capacity|Electricity|Gas","GW",1,163.3161130289362,,67.7110311965961,65.64486473774822,67.1110311965961,71.10106334358781,86.4939201224964,106.1735767719688,82.51974557537267,82.51974557537267,,5.714746628733257,,0,,0,,0
"MESSAGEix-GLOBIOM-GAINS 2.1-M-R12","Low - SSP1","Reforming Economies (R10)","Capacity|Electricity|Geothermal","GW",1,1.704028049575995,,4.057033224398767,4.057033224398767,4.553635931860417,5.101925447985972,5.707281377336015,7.95245985459224,11.05161972887637,15.32958338462572,,28.48379381374149,,52.79131518464116,,64.5087432199726,,78.79222261173175
"MESSAGEix-GLOBIOM-GAINS 2.1-M-R12","Low - SSP1","Reforming Economies (R10)","Capacity|Electricity|Hydro","GW",1,71.62413617170489,,72.16587777771306,70.42018651816431,70.65909580393738,70.93614182512167,71.06643360302901,71.20337157105506,71.3472947516907,71.49855946098111,,71.82463053534687,,72.1848158585479,,72.1848158585479,,72.1848158585479
"MESSAGEix-GLOBIOM-GAINS 2.1-M-R12","Low - SSP1","Reforming Economies (R10)","Capacity|Electricity|Nuclear","GW",1,41.435,,43.745,44.94500000000001,45.166,32.74357772482277,21.22057772482277,11.74557772482277,9.845577724822771,9.845577724822771,,9.845577724822771,,7.402788862411386,,2.05,,0
"MESSAGEix-GLOBIOM-GAINS 2.1-M-R12","Low - SSP1","Reforming Economies (R10)","Capacity|Electricity|Oil","GW",1,2.288153846153846,,2.288153846153846,1.092153846153846,8.733413846153846,0.452307692307692,0.452307692307692,0,0,0,,0,,0,,0,,0
"MESSAGEix-GLOBIOM-GAINS 2.1-M-R12","Low - SSP1","Reforming Economies (R10)","Capacity|Electricity|Solar|CSP","GW",1,0,,0,0,0,0,0,0,0,0,,0,,0,,0,,0
"MESSAGEix-GLOBIOM-GAINS 2.1-M-R12","Low - SSP1","Reforming Economies (R10)","Capacity|Electricity|Solar|PV","GW",1,11.551139,,14.69517620999999,16.70513715,89.7710979382129,204.1762453269009,287.5160363568542,439.7629342702458,512.8620029648564,537.6073337173582,,620.1987145408294,,669.8055749248365,,746.8847772244558,,855.2245428731148
"MESSAGEix-GLOBIOM-GAINS 2.1-M-R12","Low - SSP1","Reforming Economies (R10)","Capacity|Electricity|Wind|Offshore","GW",1,0,,0,0,0,0,0,0,0,0,,0,,0,,0,,0
"MESSAGEix-GLOBIOM-GAINS 2.1-M-R12","Low - SSP1","Reforming Economies (R10)","Capacity|Electricity|Wind|Onshore","GW",1,3.077279999999995,,7.65204334999999,10.8,10.8,19.20660000804646,59.35614477853242,123.7843024516114,154.6991000760667,156.6056484357677,,242.632894051632,,271.7849402843614,,329.9234433265901,,396.1094705120216
"MESSAGEix-GLOBIOM-GAINS 2.1-M-R12","Low - SSP1","Rest of Asia (R10)","Capacity|Electricity|Biomass","GW",1,6.273094170403588,,1.749498611130558,0.2,0.2,0.2,0.2,0.2,0.2,0.2,,0.2,,0.199617644941363,,0.189026945156539,,0.185593716242681
"MESSAGEix-GLOBIOM-GAINS 2.1-M-R12","Low - SSP1","Rest of Asia (R10)","Capacity|Electricity|Coal","GW",1,122.006779,,122.006779,106.641779,84.46805445526701,80.46206778513647,23.13184841441396,20.629,0,0,,0,,0,,0,,0
"MESSAGEix-GLOBIOM-GAINS 2.1-M-R12","Low - SSP1","Rest of Asia (R10)","Capacity|Electricity|Gas","GW",1,149.8460147591296,,194.5609616434291,158.7635383215778,157.5883363215779,132.432146499761,109.5779637686541,88.08833876865413,27.30288644707628,27.30288644707628,,0,,0,,0,,0
"MESSAGEix-GLOBIOM-GAINS 2.1-M-R12","Low - SSP1","Rest of Asia (R10)","Capacity|Electricity|Geothermal","GW",1,4.108487925049457,,4.763584209632405,3.729667657782741,2.920568939008377,2.287321978600859,1.769886144966127,1.369504160520151,1.059696213237433,1.059696213237433,,1.448188356536546,,1.921758111429968,,2.499037000123334,,3.202736744221323
"MESSAGEix-GLOBIOM-GAINS 2.1-M-R12","Low - SSP1","Rest of Asia (R10)","Capacity|Electricity|Hydro","GW",1,24.02399432742623,,26.96635058915755,114.4446588156673,146.0487871034727,165.4888888888889,171.6333333333333,177.7777777777778,180.7888888888889,183.8,,186.6,,187.8666666666667,,188.4222222222222,,188.6666666666667
"MESSAGEix-GLOBIOM-GAINS 2.1-M-R12","Low - SSP1","Rest of Asia (R10)","Capacity|Electricity|Nuclear","GW",1,24.945,,27.699,25.842,19.97,16.23,12.25,11.254,8.267999999999999,5.433999999999999,,1.34,,0,,0,,0
"MESSAGEix-GLOBIOM-GAINS 2.1-M-R12","Low - SSP1","Rest of Asia (R10)","Capacity|Electricity|Oil","GW",1,43.82799934063739,,43.82799934063739,41.32170592307692,33.104629,22.697095,13.06583,5.276747,0,0,,0,,0,,0,,0
"MESSAGEix-GLOBIOM-GAINS 2.1-M-R12","Low - SSP1","Rest of Asia (R10)","Capacity|Electricity|Solar|CSP","GW",1,0,,0.005,0.005,0.005,0.005,0.005,0.005,0.005,0.005,,0.005,,0.005,,0.005,,0.005
"MESSAGEix-GLOBIOM-GAINS 2.1-M-R12","Low - SSP1","Rest of Asia (R10)","Capacity|Electricity|Solar|PV","GW",1,24.04987,,45.75635057965,212.0218507625897,423.9353859154396,773.5246470075522,1124.442282303467,1340.292253566902,1673.577235799666,1831.78411253246,,2019.902495084813,,2180.394121273918,,2266.19050675728,,2245.796928878913
"MESSAGEix-GLOBIOM-GAINS 2.1-M-R12","Low - SSP1","Rest of Asia (R10)","Capacity|Electricity|Wind|Offshore","GW",1,0.264,,6.192845349999951,6.192845349999951,6.192845349999951,16.72371336206016,49.71446015302995,49.71446015302995,49.71446015302995,49.71446015302995,,49.71446015302995,,120.7593731113971,,221.5049822858146,,239.8956078778519
"MESSAGEix-GLOBIOM-GAINS 2.1-M-R12","Low - SSP1","Rest of Asia (R10)","Capacity|Electricity|Wind|Onshore","GW",1,4.51015,,7.35773843,11.3,73.34234299296101,121.0187869156968,196.1903903141043,429.6729334027597,579.3482100273376,754.0727949512666,,1064.008964217343,,1189.847680147766,,1189.847680147766,,1189.847680147766
"MESSAGEix-GLOBIOM-GAINS 2.1-M-R12","Low - SSP1","World","Capacity|Electricity|Biomass","GW",1,74.86653519401115,,21.19790432279008,29.72357340950105,27.433288,27.433288,26.557101,23.61,23.52245076703175,23.4638091901523,,23.4638091901523,,22.92037163270162,,22.51798661989129,,22.51455339097744
"MESSAGEix-GLOBIOM-GAINS 2.1-M-R12","Low - SSP1","World","Capacity|Electricity|Coal","GW",1,1969.821105109879,,2232.877910192587,1836.74481400079,1362.50740746285,1134.800545693839,812.3783726956323,447.9324034898342,9.814271324703054,0.7328226415289081,,0,,0,,0,,0
"MESSAGEix-GLOBIOM-GAINS 2.1-M-R12","Low - SSP1","World","Capacity|Electricity|Gas","GW",1,1721.324759782563,,1664.837060928775,1477.657956545215,1476.054026156757,1429.014500501722,1282.073965138171,918.7889562176326,287.1588596349468,281.9538438643413,,22.61826856030474,,2.196425125675249,,1.31508085701307,,0.7873874871789891
"MESSAGEix-GLOBIOM-GAINS 2.1-M-R12","Low - SSP1","World","Capacity|Electricity|Geothermal","GW",1,14.69414021588627,,18.85260791140908,17.55558500692302,17.92392343198924,18.77925744731809,20.81899904217916,25.36102848358789,31.78932056410355,41.13210045119234,,62.52527106729325,,85.57406106834341,,96.3445245352456,,115.5223963177576
"MESSAGEix-GLOBIOM-GAINS 2.1-M-R12","Low - SSP1","World","Capacity|Electricity|Hydro","GW",1,1177.647252728238,,1334.645941870141,1403.927692114465,1616.297133515787,1679.661481060646,1699.231075031182,1718.807315191837,1732.243992946053,1745.688012228924,,1761.15408330329,,1770.340935293158,,1775.256490848713,,1777.940935293158
"MESSAGEix-GLOBIOM-GAINS 2.1-M-R12","Low - SSP1","World","Capacity|Electricity|Nuclear","GW",1,379.7261021699021,,406.1101021699021,435.0001021699021,410.7291021699021,299.7899528046505,216.8576887867339,163.5474724597802,143.7346579808906,125.7486579808906,,80.12785304020495,,41.03730328458462,,11.60942189105383,,4.40842189105383
"MESSAGEix-GLOBIOM-GAINS 2.1-M-R12","Low - SSP1","World","Capacity|Electricity|Oil","GW",1,311.6984332374959,,292.2382223745518,257.4704930969443,223.4855004941173,156.5494946381577,103.1512142357584,84.95108112307692,0,0,,0,,0,,0,,0
"MESSAGEix-GLOBIOM-GAINS 2.1-M-R12","Low - SSP1","World","Capacity|Electricity|Solar|CSP","GW",1,6.474639999999999,,6.852018325946716,6.862438325946716,6.851853208299658,6.851853208299658,6.851853208299658,6.851853208299658,6.851853208299658,6.851853208299658,,6.851853208299658,,6.851853208299658,,6.851853208299658,,6.851853208299658
"MESSAGEix-GLOBIOM-GAINS 2.1-M-R12","Low - SSP1","World","Capacity|Electricity|Solar|PV","GW",1,780.7984195818497,,2040.499520738749,4800.001386497959,7162.42806573386,9570.180185282672,11888.07717050164,13974.46692884783,16420.03981818305,18293.34177104812,,20854.25149860651,,23316.99937011983,,24344.51607162236,,23750.34957514761
"MESSAGEix-GLOBIOM-GAINS 2.1-M-R12","Low - SSP1","World","Capacity|Electricity|Wind|Offshore","GW",1,34.3884,,102.7240830499999,109.7727202291498,109.7727202291499,126.2899283935676,298.0643468771121,361.0977690990636,453.5340593365466,559.9218727692493,,589.5384854964972,,747.5401185346112,,1000.071526054033,,903.3997190806065
"MESSAGEix-GLOBIOM-GAINS 2.1-M-R12","Low - SSP1","World","Capacity|Electricity|Wind|Onshore","GW",1,699.0911899999993,,1176.645762189998,1672.76293223521,1838.03127595757,2436.674179796768,3721.355333055181,5502.206399951267,7239.579788092467,8456.224287531415,,11332.76037670004,,12496.33530782491,,13040.28257243857,,13479.81746430216
"MESSAGEix-GLOBIOM-GAINS 2.1-M-R12","Very Low - SSP1","Africa (R10)","Capacity|Electricity|Biomass","GW",1,1.113321,,1.113321,1.24094915625,0,0,0,0,0,0,,0,,0,,0,,0
"MESSAGEix-GLOBIOM-GAINS 2.1-M-R12","Very Low - SSP1","Africa (R10)","Capacity|Electricity|Coal","GW",1,41.306,,38.68049714256306,12.63396218221907,0,0,0,0,0,0,,0,,0,,0,,0
"MESSAGEix-GLOBIOM-GAINS 2.1-M-R12","Very Low - SSP1","Africa (R10)","Capacity|Electricity|Gas","GW",1,18.69870472046891,,14.09212317182084,12.69858,11.43739,6.860000000000001,6.860000000000001,0,0,0,,0,,0,,0,,0
"MESSAGEix-GLOBIOM-GAINS 2.1-M-R12","Very Low - SSP1","Africa (R10)","Capacity|Electricity|Geothermal","GW",1,0.893440965427266,,1.300346850553046,1.357074767302201,1.291774767302201,1.151774767302201,0.8912213592319411,0.689610098866516,0.5336071488104001,0.5336071488104001,,0.5336071488104001,,0.340445704349739,,0.203837418999217,,0.203837418999217
"MESSAGEix-GLOBIOM-GAINS 2.1-M-R12","Very Low - SSP1","Africa (R10)","Capacity|Electricity|Hydro","GW",1,27.66276923678868,,35.32506947625536,69.13590159259772,84.8047250395791,102.8493136510749,114.8393136510748,126.8293136510749,136.0293136510748,145.2293136510748,,157.5693136510748,,165.1293136510748,,169.4893136510748,,171.9293136510748
"MESSAGEix-GLOBIOM-GAINS 2.1-M-R12","Very Low - SSP1","Africa (R10)","Capacity|Electricity|Nuclear","GW",1,1.854,,1.854,0,0,0,0,0,0,0,,0,,0,,0,,0
"MESSAGEix-GLOBIOM-GAINS 2.1-M-R12","Very Low - SSP1","Africa (R10)","Capacity|Electricity|Oil","GW",1,5.164152862944163,,3.785137,13.31518224865341,1.767920713773538,1.767920713773538,1.767920713773538,1.767920713773538,0,0,,0,,0,,0,,0
"MESSAGEix-GLOBIOM-GAINS 2.1-M-R12","Very Low - SSP1","Africa (R10)","Capacity|Electricity|Solar|CSP","GW",1,0.5,,0.5,0.5,0.5,0.5,0.5,0.5,0.5,0.5,,0.5,,0.5,,0.5,,0.5
"MESSAGEix-GLOBIOM-GAINS 2.1-M-R12","Very Low - SSP1","Africa (R10)","Capacity|Electricity|Solar|PV","GW",1,5.14251299,,16.99393156999995,88.14229397066848,167.8052149031822,257.9755149594836,386.6304613788333,537.4749641644761,776.0581007192238,1134.696767268695,,2097.341575507159,,2827.041745832728,,3425.381418260052,,3889.396333854387
"MESSAGEix-GLOBIOM-GAINS 2.1-M-R12","Very Low - SSP1","Africa (R10)","Capacity|Electricity|Wind|Offshore","GW",1,0,,0,0,0,0,0,0,0,0,,0,,0,,0,,0
"MESSAGEix-GLOBIOM-GAINS 2.1-M-R12","Very Low - SSP1","Africa (R10)","Capacity|Electricity|Wind|Onshore","GW",1,3.443760000000001,,5.467051599999996,17.61618105187642,42.64340848237665,78.8604840980847,146.4042027296725,252.4555867006631,417.4184347792384,635.7175872498033,,1157.863026810262,,1535.503710278789,,1909.131669929325,,2298.484344837065
"MESSAGEix-GLOBIOM-GAINS 2.1-M-R12","Very Low - SSP1","China+ (R10)","Capacity|Electricity|Biomass","GW",1,17.59559803921568,,7.780474148235297,2.185409826850286,0,0,0,0,0,0,,0,,0,,0,,0
"MESSAGEix-GLOBIOM-GAINS 2.1-M-R12","Very Low - SSP1","China+ (R10)","Capacity|Electricity|Coal","GW",1,1016.415192884399,,1290.551123227147,1156.726970881166,443.1148792370641,213.0004833592956,213.0004833592956,111.107,0,0,,0,,0,,0,,0
"MESSAGEix-GLOBIOM-GAINS 2.1-M-R12","Very Low - SSP1","China+ (R10)","Capacity|Electricity|Gas","GW",1,70.32903617940805,,100.4809718122855,94.10615621110739,63.5523443575077,59.5278443575077,56.8278443575077,35.21336424835786,1.590572006274063,0,,0,,0,,0,,0
"MESSAGEix-GLOBIOM-GAINS 2.1-M-R12","Very Low - SSP1","China+ (R10)","Capacity|Electricity|Geothermal","GW",1,0.02604336810622,,0.027305635065168,0.03434598567173301,0.196797493385073,0.416052572554177,0.674098200342604,1.004666238341822,1.257919569090647,1.537531709916886,,2.187091746374763,,2.978901806268505,,3.944113850974693,,5.120701947583266
"MESSAGEix-GLOBIOM-GAINS 2.1-M-R12","Very Low - SSP1","China+ (R10)","Capacity|Electricity|Hydro","GW",1,375.4594046215433,,478.7472251327483,472.1929320074063,485.8453078865919,486.0714285714287,486.3169642857143,486.5625,486.5848214285714,486.6071428571429,,486.6071428571429,,486.607142857143,,486.607142857143,,486.6071428571429
"MESSAGEix-GLOBIOM-GAINS 2.1-M-R12","Very Low - SSP1","China+ (R10)","Capacity|Electricity|Nuclear","GW",1,47.74499999999999,,54.794,77.1,80.88168464834352,113.8273417947832,113.8273417947832,113.8273417947832,109.3273417947832,105.6973417947832,,78.75084179478326,,41.28838135460362,,16.23230280596806,,2.802538119376731
"MESSAGEix-GLOBIOM-GAINS 2.1-M-R12","Very Low - SSP1","China+ (R10)","Capacity|Electricity|Oil","GW",1,0.545602564102564,,0.523602564102564,4.621790153846152,0,0,0,0,0,0,,0,,0,,0,,0
"MESSAGEix-GLOBIOM-GAINS 2.1-M-R12","Very Low - SSP1","China+ (R10)","Capacity|Electricity|Solar|CSP","GW",1,0.546,,0.5700000000000001,0.5700000000000001,0.5700000000000001,0.5700000000000001,0.5700000000000001,0.5700000000000001,0.5700000000000001,0.5700000000000001,,0.5700000000000001,,0.5700000000000001,,0.5700000000000001,,0.5700000000000001
"MESSAGEix-GLOBIOM-GAINS 2.1-M-R12","Very Low - SSP1","China+ (R10)","Capacity|Electricity|Solar|PV","GW",1,284.294031188,,982.8490845265495,2066.963600662758,3892.577739770484,4388.975273768393,4749.101964772013,4979.108034959455,5039.84326547973,5025.592129508696,,4747.11848621815,,4604.783482243335,,4289.943795706488,,3884.621370279648
"MESSAGEix-GLOBIOM-GAINS 2.1-M-R12","Very Low - SSP1","China+ (R10)","Capacity|Electricity|Wind|Offshore","GW",1,9.089200000000002,,56.99273507000004,56.99273507000007,172.1180011494804,188.4372448695776,211.429322089699,244.2275204921606,270.8455720892192,290.0225334386886,,287.961662015158,,290.0225334386886,,290.0225334386886,,112.0711426026049
"MESSAGEix-GLOBIOM-GAINS 2.1-M-R12","Very Low - SSP1","China+ (R10)","Capacity|Electricity|Wind|Onshore","GW",1,273.5801199999995,,550.337080789999,830.6999999999999,1528.224286696515,2162.52175158234,2442.455289444713,2494.524715504833,2500.151060348409,2511.558878598745,,2415.610286517055,,2790.196577150703,,2761.075893818776,,2645.307565177298
"MESSAGEix-GLOBIOM-GAINS 2.1-M-R12","Very Low - SSP1","Europe (R10)","Capacity|Electricity|Biomass","GW",1,19.66899035361752,,3.817094039978162,0.009409383401394,0,0,0,0,0,0,,0,,0,,0,,0
"MESSAGEix-GLOBIOM-GAINS 2.1-M-R12","Very Low - SSP1","Europe (R10)","Capacity|Electricity|Coal","GW",1,131.5718626890809,,126.8438582656826,19.55956250185852,3.525719018464887,2.596719018464887,0.7902169859402061,0,0,0,,0,,0,,0,,0
"MESSAGEix-GLOBIOM-GAINS 2.1-M-R12","Very Low - SSP1","Europe (R10)","Capacity|Electricity|Gas","GW",1,215.0796984297791,,179.3405459325626,103.2269580259787,26.67564780629854,0,0,0,0,0,,0,,0,,0,,0
"MESSAGEix-GLOBIOM-GAINS 2.1-M-R12","Very Low - SSP1","Europe (R10)","Capacity|Electricity|Geothermal","GW",1,1.61717,,1.902239432375606,1.98006632816915,2.483762442781756,3.104062030404862,3.664231555758247,4.194294580906637,4.779526991459093,5.42567086136052,,5.505185417935585,,3.490220108922871,,2.850866438440302,,1.706919045529165
"MESSAGEix-GLOBIOM-GAINS 2.1-M-R12","Very Low - SSP1","Europe (R10)","Capacity|Electricity|Hydro","GW",1,207.1625370759525,,216.457285529931,221.441129935912,227.6466467925242,234.0189697927235,234.0189697927235,234.0189697927235,234.0189697927235,234.0189697927235,,234.0189697927235,,234.0189697927235,,234.0189697927235,,234.0189697927235
"MESSAGEix-GLOBIOM-GAINS 2.1-M-R12","Very Low - SSP1","Europe (R10)","Capacity|Electricity|Nuclear","GW",1,104.0473684210526,,108.8063684210526,112.2233684210526,112.7843684210526,74.83756368037115,50.90137767706807,28.82637767706806,22.93336842105263,14.33036842105263,,12.126,,11.801,,5.151000000000001,,0
"MESSAGEix-GLOBIOM-GAINS 2.1-M-R12","Very Low - SSP1","Europe (R10)","Capacity|Electricity|Oil","GW",1,37.38208495389576,,37.38208495389576,0,0,0,0,0,0,0,,0,,0,,0,,0
"MESSAGEix-GLOBIOM-GAINS 2.1-M-R12","Very Low - SSP1","Europe (R10)","Capacity|Electricity|Solar|CSP","GW",1,2.31213,,2.322174,2.322174,2.322174,2.322174,2.322174,2.322174,2.322174,2.322174,,2.322174,,2.322174,,2.322174,,2.322174
"MESSAGEix-GLOBIOM-GAINS 2.1-M-R12","Very Low - SSP1","Europe (R10)","Capacity|Electricity|Solar|PV","GW",1,174.4364499999999,,348.1967539099994,973.0226928537209,1012.778817665049,1130.496820445712,1181.679949920513,1233.349051350256,1293.880910064195,1328.847617544621,,1375.29206168441,,1452.58187404253,,1517.991641525958,,1590.789870645572
"MESSAGEix-GLOBIOM-GAINS 2.1-M-R12","Very Low - SSP1","Europe (R10)","Capacity|Electricity|Wind|Offshore","GW",1,24.9399,,39.30720262999995,46.35583980914983,54.31865633720521,60.48236676098074,80.42630799751772,97.18251082735026,98.36294388587885,116.4536945719535,,124.5971791155356,,124.5971791155356,,124.5971791155356,,124.5971791155356
"MESSAGEix-GLOBIOM-GAINS 2.1-M-R12","Very Low - SSP1","Europe (R10)","Capacity|Electricity|Wind|Onshore","GW",1,190.2000999999999,,265.6607075899993,343.593427844325,343.5934278443254,369.6037468566836,396.1182486883278,444.3931074616219,483.867912474867,507.0559673221516,,543.9868850418519,,607.6959941645953,,615.9377472340797,,613.8347235701133
"MESSAGEix-GLOBIOM-GAINS 2.1-M-R12","Very Low - SSP1","India+ (R10)","Capacity|Electricity|Biomass","GW",1,4.930473,,4.930473,10.1825,3.465365048595919,0,0,0,0,0,,0,,0,,0,,0
"MESSAGEix-GLOBIOM-GAINS 2.1-M-R12","Very Low - SSP1","India+ (R10)","Capacity|Electricity|Coal","GW",1,239.0917185,,244.9547705707079,254.5953840535468,86.93459268206445,0,0,0,0,0,,0,,0,,0,,0
"MESSAGEix-GLOBIOM-GAINS 2.1-M-R12","Very Low - SSP1","India+ (R10)","Capacity|Electricity|Gas","GW",1,57.12988824999999,,135.2836632818976,135.1164132818976,134.7242982818976,107.5175684999166,95.47299433380938,95.47299433380938,0,0,,0,,0,,0,,0
"MESSAGEix-GLOBIOM-GAINS 2.1-M-R12","Very Low - SSP1","India+ (R10)","Capacity|Electricity|Geothermal","GW",1,0,,0,0,0.07434343085714201,0.15642458571054,0.15642458571054,0.15642458571054,0.15642458571054,0.15642458571054,,0.09365717766996001,,0.27059216268268,,0.486274922115041,,0.7491910023521611
"MESSAGEix-GLOBIOM-GAINS 2.1-M-R12","Very Low - SSP1","India+ (R10)","Capacity|Electricity|Hydro","GW",1,61.5104934365328,,70.18211219213997,96.11672381972751,173.1646107757149,171.6101694915254,172.6694915254237,173.728813559322,174.7881355932203,175.8474576271186,,175.8474576271186,,175.8474576271186,,175.8474576271186,,175.8474576271187
"MESSAGEix-GLOBIOM-GAINS 2.1-M-R12","Very Low - SSP1","India+ (R10)","Capacity|Electricity|Nuclear","GW",1,7.483,,10.777,16.201,17.95417,29.35856105274723,28.45856105274724,27.16056105274723,25.12056105274724,23.35856105274723,,17.20256105274724,,6.248695526373618,,0,,0
"MESSAGEix-GLOBIOM-GAINS 2.1-M-R12","Very Low - SSP1","India+ (R10)","Capacity|Electricity|Oil","GW",1,24.78252330438446,,24.78252330438446,18.7325142,17.7942906735576,0,0,0,0,0,,0,,0,,0,,0
"MESSAGEix-GLOBIOM-GAINS 2.1-M-R12","Very Low - SSP1","India+ (R10)","Capacity|Electricity|Solar|CSP","GW",1,0.3285,,0.3425,0.3425,0.3425,0.3425,0.3425,0.3425,0.3425,0.3425,,0.3425,,0.3425,,0.3425,,0.3425
"MESSAGEix-GLOBIOM-GAINS 2.1-M-R12","Very Low - SSP1","India+ (R10)","Capacity|Electricity|Solar|PV","GW",1,52.8740834113499,,117.0767878646999,527.5038806865836,1024.863740487497,1540.192745818182,2362.581560198981,3072.519454226473,3324.077037297275,3883.198241770844,,4744.399163814433,,5160.772982443582,,4913.019877479547,,4765.593207854583
"MESSAGEix-GLOBIOM-GAINS 2.1-M-R12","Very Low - SSP1","India+ (R10)","Capacity|Electricity|Wind|Offshore","GW",1,0,,0,0,0,0,0,0,0,0,,0,,0,,0,,0
"MESSAGEix-GLOBIOM-GAINS 2.1-M-R12","Very Low - SSP1","India+ (R10)","Capacity|Electricity|Wind|Onshore","GW",1,39.97896999999995,,56.05794807999995,85.99999999999999,205.0852469693534,384.7763262616413,688.8991538124598,1205.612150676352,2081.301262157516,2548.379646887354,,2984.153107840446,,2984.153107840446,,2984.153107840446,,2984.153107840446
"MESSAGEix-GLOBIOM-GAINS 2.1-M-R12","Very Low - SSP1","Latin America (R10)","Capacity|Electricity|Biomass","GW",1,10.39858823529412,,0,13.36599776385633,0,0,0,0,0,0,,0,,0,,0,,0
"MESSAGEix-GLOBIOM-GAINS 2.1-M-R12","Very Low - SSP1","Latin America (R10)","Capacity|Electricity|Coal","GW",1,18.69986881995844,,9.926406924084823,0,0,0,0,0,0,0,,0,,0,,0,,0
"MESSAGEix-GLOBIOM-GAINS 2.1-M-R12","Very Low - SSP1","Latin America (R10)","Capacity|Electricity|Gas","GW",1,90.00464469678911,,70.18548226803753,61.37663267028572,56.00902490876972,48.47804168490414,48.47804168490414,41.43701165625451,7.918196423016026,8.064548669605172,,3.668430961465654,,2.196425125675249,,1.31508085701307,,0.7873874871789891
"MESSAGEix-GLOBIOM-GAINS 2.1-M-R12","Very Low - SSP1","Latin America (R10)","Capacity|Electricity|Geothermal","GW",1,1.735269907727328,,1.732899219168629,1.328197703382967,1.527733271778731,1.171153953656368,1.019353953656368,0.7887566579045551,0.6184577150887051,0.6184577150887051,,0.3702934793805721,,0.221708384464253,,0.171462032340159,,0.160643762628033
"MESSAGEix-GLOBIOM-GAINS 2.1-M-R12","Very Low - SSP1","Latin America (R10)","Capacity|Electricity|Hydro","GW",1,197.5379286509483,,209.6477850184081,201.6744141373424,203.905558430028,206.1896923996649,206.1896923996649,206.1896923996649,206.1896923996649,206.1896923996649,,206.1896923996649,,206.1896923996649,,206.1896923996649,,206.1896923996649
"MESSAGEix-GLOBIOM-GAINS 2.1-M-R12","Very Low - SSP1","Latin America (R10)","Capacity|Electricity|Nuclear","GW",1,5.369489863081315,,5.369489863081315,6.369489863081315,4.400489863081314,0.292489863081313,0.292489863081313,0,0,0,,0,,0,,0,,0
"MESSAGEix-GLOBIOM-GAINS 2.1-M-R12","Very Low - SSP1","Latin America (R10)","Capacity|Electricity|Oil","GW",1,18.059195,,0,0,0,0,0,0,0,0,,0,,0,,0,,0
"MESSAGEix-GLOBIOM-GAINS 2.1-M-R12","Very Low - SSP1","Latin America (R10)","Capacity|Electricity|Solar|CSP","GW",1,0,,0.12527,0.12527,0.12527,0.12527,0.12527,0.12527,0.12527,0.12527,,0.12527,,0.12527,,0.12527,,0.12527
"MESSAGEix-GLOBIOM-GAINS 2.1-M-R12","Very Low - SSP1","Latin America (R10)","Capacity|Electricity|Solar|PV","GW",1,24.684652,,107.6925152754499,279.75,583.8345296154416,780.1123051253558,990.2792540744464,1268.046129198538,1469.246778214672,1659.805473477867,,1896.38180606128,,1960.287278094308,,1983.771135070248,,1963.529210788704
"MESSAGEix-GLOBIOM-GAINS 2.1-M-R12","Very Low - SSP1","Latin America (R10)","Capacity|Electricity|Wind|Offshore","GW",1,0,,0,0,0,0,0,0,0,0,,0,,0,,0,,0
"MESSAGEix-GLOBIOM-GAINS 2.1-M-R12","Very Low - SSP1","Latin America (R10)","Capacity|Electricity|Wind|Onshore","GW",1,33.07356999999995,,68.72819046999994,80,154.5463258577809,309.8171826446459,477.6673905578004,679.3818954879316,796.4489884932402,904.9036840491108,,1014.204648797333,,1070.00840755706,,1106.755694058833,,1112.606165133527
"MESSAGEix-GLOBIOM-GAINS 2.1-M-R12","Very Low - SSP1","Middle East (R10)","Capacity|Electricity|Biomass","GW",1,0.00038,,0,0,0,0,0,0,0,0,,0,,0,,0,,0
"MESSAGEix-GLOBIOM-GAINS 2.1-M-R12","Very Low - SSP1","Middle East (R10)","Capacity|Electricity|Coal","GW",1,9.439,,9.439,7.144313462133739,3.931840258695373,0.318098290941001,0,0,0,0,,0,,0,,0,,0
"MESSAGEix-GLOBIOM-GAINS 2.1-M-R12","Very Low - SSP1","Middle East (R10)","Capacity|Electricity|Gas","GW",1,328.5380204153607,,288.5954190057466,239.017561114553,158.7998215064848,91.84985843162391,91.84985843162391,77.21624179486373,0,0,,0,,0,,0,,0
"MESSAGEix-GLOBIOM-GAINS 2.1-M-R12","Very Low - SSP1","Middle East (R10)","Capacity|Electricity|Geothermal","GW",1,0,,0,0,0.07434343085714201,0.176964304949362,0.318618297481501,0.514152137724014,0.784059692015575,1.156629922177777,,2.293748350071835,,4.395017037860087,,5.513925830643873,,6.877869405530378
"MESSAGEix-GLOBIOM-GAINS 2.1-M-R12","Very Low - SSP1","Middle East (R10)","Capacity|Electricity|Hydro","GW",1,20.07953120323607,,23.49615387504161,19.14078763574403,58.70209136180019,59.53231268979928,59.53231268979928,59.53231268979927,59.53231268979927,59.53231268979927,,59.53231268979927,,59.53231268979928,,59.53231268979927,,59.53231268979927
"MESSAGEix-GLOBIOM-GAINS 2.1-M-R12","Very Low - SSP1","Middle East (R10)","Capacity|Electricity|Nuclear","GW",1,2.252,,6.236,6.236,11.61,11.61,11.61,11.61,10.695,9.358,,0,,0,,0,,0
"MESSAGEix-GLOBIOM-GAINS 2.1-M-R12","Very Low - SSP1","Middle East (R10)","Capacity|Electricity|Oil","GW",1,109.6202029230769,,109.6202029230769,6.048826923076922,16.01936609158707,5.565518127938416,5.565518127938416,5.565518127938416,0,0,,0,,0,,0,,0
"MESSAGEix-GLOBIOM-GAINS 2.1-M-R12","Very Low - SSP1","Middle East (R10)","Capacity|Electricity|Solar|CSP","GW",1,1.02711,,1.236594325946717,1.236594325946717,1.236594325946717,1.236594325946717,1.236594325946717,1.236594325946717,1.236594325946717,1.236594325946717,,1.236594325946717,,1.236594325946717,,1.236594325946717,,1.236594325946717
"MESSAGEix-GLOBIOM-GAINS 2.1-M-R12","Very Low - SSP1","Middle East (R10)","Capacity|Electricity|Solar|PV","GW",1,10.95094799249994,,32.1075880523999,355.0319324306055,596.6679006101713,890.7156164986417,1083.623004813016,1415.426471806565,1700.321024450986,2599.862120946999,,2488.80197274932,,2745.213618097833,,2887.924201413558,,2946.761617006287
"MESSAGEix-GLOBIOM-GAINS 2.1-M-R12","Very Low - SSP1","Middle East (R10)","Capacity|Electricity|Wind|Offshore","GW",1,0,,0,0,20.7699876548757,64.34261862240032,143.3177927496715,267.8435638379545,417.3294359070095,417.3294359070096,,278.0151203243505,,417.3294359070094,,417.3294359070095,,417.3294359070095
"MESSAGEix-GLOBIOM-GAINS 2.1-M-R12","Very Low - SSP1","Middle East (R10)","Capacity|Electricity|Wind|Onshore","GW",1,4.003619999999994,,7.614001049999995,81.8257680575923,131.6384527890871,273.0204441985825,373.461485225331,423.4928955062612,511.7112859127836,582.6018545617922,,1301.665456545245,,1301.665456545245,,1516.81807512804,,1643.716334250711
"MESSAGEix-GLOBIOM-GAINS 2.1-M-R12","Very Low - SSP1","North America (R10)","Capacity|Electricity|Biomass","GW",1,10.84316666666667,,0,0,0,0,0,0,0,0,,0,,0,,0,,0
"MESSAGEix-GLOBIOM-GAINS 2.1-M-R12","Very Low - SSP1","North America (R10)","Capacity|Electricity|Coal","GW",1,249.042128,,249.042128,137.5396955804673,39.79470932996288,3.780179894578326,0,0,0,0,,0,,0,,0,,0
"MESSAGEix-GLOBIOM-GAINS 2.1-M-R12","Very Low - SSP1","North America (R10)","Capacity|Electricity|Gas","GW",1,518.6846510425038,,530.5109674146349,529.6020390325542,271.139543196209,135.0513651415708,135.0622469291326,126.7237811279532,0,0,,0,,0,,0,,0
"MESSAGEix-GLOBIOM-GAINS 2.1-M-R12","Very Low - SSP1","North America (R10)","Capacity|Electricity|Geothermal","GW",1,3.0796,,3.241035861132952,3.241035861132952,3.652708907616816,4.107229215434511,4.609056361960585,5.163114080964656,5.77483857238183,5.77483857238183,,3.739405371989118,,2.238920126996316,,1.340524184036977,,1.340524184036977
"MESSAGEix-GLOBIOM-GAINS 2.1-M-R12","Very Low - SSP1","North America (R10)","Capacity|Electricity|Hydro","GW",1,153.0939603039292,,160.2334524641383,166.536539581002,187.0885685306208,198.2186409312851,198.2186409312851,198.2186409312851,198.218640931285,198.218640931285,,198.218640931285,,198.218640931285,,198.218640931285,,198.218640931285
"MESSAGEix-GLOBIOM-GAINS 2.1-M-R12","Very Low - SSP1","North America (R10)","Capacity|Electricity|Nuclear","GW",1,112.9162438857682,,115.1502438857682,111.7512438857682,87.84224388576821,70.80324388576821,40.60724388576821,12.0432438857682,9.092243885768198,7.935243885768198,,3.604185062238806,,2.919092531119403,,0,,0
"MESSAGEix-GLOBIOM-GAINS 2.1-M-R12","Very Low - SSP1","North America (R10)","Capacity|Electricity|Oil","GW",1,61.342633,,61.342633,44.24362224179739,0,0,0,0,0,0,,0,,0,,0,,0
"MESSAGEix-GLOBIOM-GAINS 2.1-M-R12","Very Low - SSP1","North America (R10)","Capacity|Electricity|Solar|CSP","GW",1,1.7579,,1.74748,1.7579,1.747314882352941,1.747314882352941,1.747314882352941,1.747314882352941,1.747314882352941,1.747314882352941,,1.747314882352941,,1.747314882352941,,1.747314882352941,,1.747314882352941
"MESSAGEix-GLOBIOM-GAINS 2.1-M-R12","Very Low - SSP1","North America (R10)","Capacity|Electricity|Solar|PV","GW",1,98.88475899999996,,227.8469516999999,293.14388107,701.9205319588783,825.4750981199489,944.7501259890106,1214.101871130195,1534.735874304854,1632.527270783457,,1770.304519132699,,1781.848580408226,,1842.289107181839,,1964.940386778191
"MESSAGEix-GLOBIOM-GAINS 2.1-M-R12","Very Low - SSP1","North America (R10)","Capacity|Electricity|Wind|Offshore","GW",1,0.0293,,0.0413,0.0413,0.0413,0.0413,0.0413,0.0413,0.0413,0.0413,,0.0413,,0.0413,,0.0413,,0.0413
"MESSAGEix-GLOBIOM-GAINS 2.1-M-R12","Very Low - SSP1","North America (R10)","Capacity|Electricity|Wind|Onshore","GW",1,132.26562,,182.90245927,250,388.6652233564395,602.1118251032583,726.59830296334,778.1399705691526,843.9347973663283,952.6403597707819,,1071.916132945062,,1126.180461206982,,1186.341734004511,,1218.19728256637
"MESSAGEix-GLOBIOM-GAINS 2.1-M-R12","Very Low - SSP1","Pacific OECD (R10)","Capacity|Electricity|Biomass","GW",1,3.898757062146893,,1.662876856779399,0.379322658601608,0,0,0,0,0,0,,0,,0,,0,,0
"MESSAGEix-GLOBIOM-GAINS 2.1-M-R12","Very Low - SSP1","Pacific OECD (R10)","Capacity|Electricity|Coal","GW",1,70.36024575531668,,70.36024575531668,63.16915,6.711334359358386,0,0,0,0,0,,0,,0,,0,,0
"MESSAGEix-GLOBIOM-GAINS 2.1-M-R12","Very Low - SSP1","Pacific OECD (R10)","Capacity|Electricity|Gas","GW",1,109.6979882601871,,84.07589520176454,50.01756604118984,58.57371049045271,14.33640507655146,14.64203312696368,9.565802967745087,0,0,,0,,0,,0,,0
"MESSAGEix-GLOBIOM-GAINS 2.1-M-R12","Very Low - SSP1","Pacific OECD (R10)","Capacity|Electricity|Geothermal","GW",1,1.5301,,1.828163479082504,1.828163479082504,2.187247050935256,2.612573175848236,2.958835321266438,3.341136708897522,3.763228332017722,4.229251590296267,,5.311858675035642,,6.631550670379732,,8.240247848815924,,10.20124073279095
"MESSAGEix-GLOBIOM-GAINS 2.1-M-R12","Very Low - SSP1","Pacific OECD (R10)","Capacity|Electricity|Hydro","GW",1,39.49249770017558,,41.42462981460719,42.0365625,43.4626817447496,44.98896321070234,44.98896321070234,44.98896321070234,44.98896321070234,44.98896321070234,,44.98896321070234,,44.98896321070234,,44.98896321070235,,44.98896321070235
"MESSAGEix-GLOBIOM-GAINS 2.1-M-R12","Very Low - SSP1","Pacific OECD (R10)","Capacity|Electricity|Nuclear","GW",1,31.679,,31.679,34.332,32.772,30.932,26.513,5.7512467921902,3.092223912642482,0.036489670499976,,0,,0,,0,,0
"MESSAGEix-GLOBIOM-GAINS 2.1-M-R12","Very Low - SSP1","Pacific OECD (R10)","Capacity|Electricity|Oil","GW",1,8.685885442300794,,8.685885442300794,0.28692,0,0,0,0,0,0,,0,,0,,0,,0
"MESSAGEix-GLOBIOM-GAINS 2.1-M-R12","Very Low - SSP1","Pacific OECD (R10)","Capacity|Electricity|Solar|CSP","GW",1,0.003,,0.003,0.003,0.003,0.003,0.003,0.003,0.003,0.003,,0.003,,0.003,,0.003,,0.003
"MESSAGEix-GLOBIOM-GAINS 2.1-M-R12","Very Low - SSP1","Pacific OECD (R10)","Capacity|Electricity|Solar|PV","GW",1,93.92997399999996,,147.2843810499999,165.2483118499999,242.1182282806533,285.2844570261008,292.1519215176709,290.8915760980492,282.6611948847597,272.6043705150227,,260.2321093328356,,259.8101609390022,,259.6399614713307,,261.8881248887153
"MESSAGEix-GLOBIOM-GAINS 2.1-M-R12","Very Low - SSP1","Pacific OECD (R10)","Capacity|Electricity|Wind|Offshore","GW",1,0.066,,0.19,0.19,0.19,0.19,0.19,0.19,0.19,0.19,,0.19,,0.19,,0.19,,0.19
"MESSAGEix-GLOBIOM-GAINS 2.1-M-R12","Very Low - SSP1","Pacific OECD (R10)","Capacity|Electricity|Wind|Onshore","GW",1,14.95799999999999,,24.86854156,44.99999999999999,45,45.00000000000001,53.16091925747289,84.20406375963056,86.89936238171137,85.04774750262155,,105.5758563299849,,105.7091692935965,,135.7729682214271,,139.8237835585277
"MESSAGEix-GLOBIOM-GAINS 2.1-M-R12","Very Low - SSP1","Reforming Economies (R10)","Capacity|Electricity|Biomass","GW",1,0.144166666666666,,0.144166666666666,0,0,0,0,0,0,0,,0,,0,,0,,0
"MESSAGEix-GLOBIOM-GAINS 2.1-M-R12","Very Low - SSP1","Reforming Economies (R10)","Capacity|Electricity|Coal","GW",1,71.88830946112428,,71.07310130708373,61.3832,14.60869714056745,5.192464299223675,0.75742033936563,0,0,0,,0,,0,,0,,0
"MESSAGEix-GLOBIOM-GAINS 2.1-M-R12","Very Low - SSP1","Reforming Economies (R10)","Capacity|Electricity|Gas","GW",1,163.3161130289362,,67.7110311965961,67.1110311965961,66.48783853039461,36.6953655160634,45.76019025319395,41.37685947982068,26.61330521221169,26.61330521221169,,19.71921866237559,,0,,0,,0
"MESSAGEix-GLOBIOM-GAINS 2.1-M-R12","Very Low - SSP1","Reforming Economies (R10)","Capacity|Electricity|Geothermal","GW",1,1.704028049575995,,4.057033224398767,4.057033224398767,5.674519410211722,7.907236468147566,10.98919506817863,15.24341473230697,21.11577945209064,29.22177070894443,,54.15501460605761,,66.17108520522935,,80.81860821588273,,98.67385703261401
"MESSAGEix-GLOBIOM-GAINS 2.1-M-R12","Very Low - SSP1","Reforming Economies (R10)","Capacity|Electricity|Hydro","GW",1,71.62413617170489,,72.16587777771306,70.42018651816431,71.25770662891509,72.45552168523353,72.66331710592613,72.88171218143881,73.11124760069498,73.35249163318714,,73.87252503177731,,73.87252503177731,,73.87252503177731,,73.87252503177731
"MESSAGEix-GLOBIOM-GAINS 2.1-M-R12","Very Low - SSP1","Reforming Economies (R10)","Capacity|Electricity|Nuclear","GW",1,41.435,,43.745,44.94500000000001,45.166,41.923,30.4,20.925,19.025,19.025,,14.711,,6.875512809507927,,0,,0
"MESSAGEix-GLOBIOM-GAINS 2.1-M-R12","Very Low - SSP1","Reforming Economies (R10)","Capacity|Electricity|Oil","GW",1,2.288153846153846,,2.288153846153846,4.548369136937803,1.092153846153846,0.134604327139527,0.134604327139527,0,0,0,,0,,0,,0,,0
"MESSAGEix-GLOBIOM-GAINS 2.1-M-R12","Very Low - SSP1","Reforming Economies (R10)","Capacity|Electricity|Solar|CSP","GW",1,0,,0,0,0,0,0,0,0,0,,0,,0,,0,,0
"MESSAGEix-GLOBIOM-GAINS 2.1-M-R12","Very Low - SSP1","Reforming Economies (R10)","Capacity|Electricity|Solar|PV","GW",1,11.551139,,14.69517620999999,16.70513715,189.4188971529642,349.4017209206028,432.1951983097354,506.233578348858,570.246406713828,603.4895646877236,,668.1947774503877,,750.0799831262689,,876.66241041169,,1102.923614099779
"MESSAGEix-GLOBIOM-GAINS 2.1-M-R12","Very Low - SSP1","Reforming Economies (R10)","Capacity|Electricity|Wind|Offshore","GW",1,0,,0,0,0,0,0,0,0,0,,0,,0,,0,,0
"MESSAGEix-GLOBIOM-GAINS 2.1-M-R12","Very Low - SSP1","Reforming Economies (R10)","Capacity|Electricity|Wind|Onshore","GW",1,3.077279999999995,,7.65204334999999,10.8,59.03141404550597,117.1654912452595,145.1978581115231,215.9046962979726,241.4994319501342,256.2826860180183,,275.3808028129604,,330.6586497601339,,425.4767679155537,,584.0374583052579
"MESSAGEix-GLOBIOM-GAINS 2.1-M-R12","Very Low - SSP1","Rest of Asia (R10)","Capacity|Electricity|Biomass","GW",1,6.273094170403588,,1.749498611130558,0.2,0,0,0,0,0,0,,0,,0,,0,,0
"MESSAGEix-GLOBIOM-GAINS 2.1-M-R12","Very Low - SSP1","Rest of Asia (R10)","Capacity|Electricity|Coal","GW",1,122.006779,,122.006779,101.6145975203094,15.54252963093663,0,0,0,0,0,,0,,0,,0,,0
"MESSAGEix-GLOBIOM-GAINS 2.1-M-R12","Very Low - SSP1","Rest of Asia (R10)","Capacity|Electricity|Gas","GW",1,149.8460147591296,,194.5609616434291,157.5883363215779,115.2804270419343,47.22998556803618,45.85533956948604,45.85533956948604,0,0,,0,,0,,0,,0
"MESSAGEix-GLOBIOM-GAINS 2.1-M-R12","Very Low - SSP1","Rest of Asia (R10)","Capacity|Electricity|Geothermal","GW",1,4.108487925049457,,4.763584209632405,3.729667657782741,4.240708612233362,3.321224807963863,2.649524807963863,2.050151789835785,2.337876665660954,2.655548177662627,,3.393522996308529,,4.293110182334527,,2.883481715808739,,1.726447016873154
"MESSAGEix-GLOBIOM-GAINS 2.1-M-R12","Very Low - SSP1","Rest of Asia (R10)","Capacity|Electricity|Hydro","GW",1,24.02399432742623,,26.96635058915755,129.3745571095662,146.0487871034727,165.4888888888889,171.6333333333333,177.7777777777778,180.7888888888889,183.8,,186.6,,186.6,,186.6,,186.6000000000001
"MESSAGEix-GLOBIOM-GAINS 2.1-M-R12","Very Low - SSP1","Rest of Asia (R10)","Capacity|Electricity|Nuclear","GW",1,24.945,,27.699,25.842,19.97,16.23,12.25,11.254,8.267999999999999,5.433999999999999,,1.34,,0,,0,,0
"MESSAGEix-GLOBIOM-GAINS 2.1-M-R12","Very Low - SSP1","Rest of Asia (R10)","Capacity|Electricity|Oil","GW",1,43.82799934063739,,43.82799934063739,33.104629,0.43825,0,0,0,0,0,,0,,0,,0,,0
"MESSAGEix-GLOBIOM-GAINS 2.1-M-R12","Very Low - SSP1","Rest of Asia (R10)","Capacity|Electricity|Solar|CSP","GW",1,0,,0.005,0.005,0.005,0.005,0.005,0.005,0.005,0.005,,0.005,,0.005,,0.005,,0.005
"MESSAGEix-GLOBIOM-GAINS 2.1-M-R12","Very Low - SSP1","Rest of Asia (R10)","Capacity|Electricity|Solar|PV","GW",1,24.04987,,45.75635057965,210.9642441536114,534.9947245891796,847.0410435988866,1172.509663880027,1414.981392855755,1653.820514075514,1764.395747888947,,1949.98464789259,,1975.685200179427,,1945.896494976922,,1838.735539750603
"MESSAGEix-GLOBIOM-GAINS 2.1-M-R12","Very Low - SSP1","Rest of Asia (R10)","Capacity|Electricity|Wind|Offshore","GW",1,0.264,,6.192845349999951,6.192845349999951,49.12061079441821,117.8811024144412,117.8811024144412,117.8811024144412,117.8811024144412,49.71446015302995,,49.71446015302995,,49.71446015302995,,49.71446015302995,,49.71446015302995
"MESSAGEix-GLOBIOM-GAINS 2.1-M-R12","Very Low - SSP1","Rest of Asia (R10)","Capacity|Electricity|Wind|Onshore","GW",1,4.51015,,7.35773843,11.3,83.51499201494694,218.290072901236,305.9897999422249,503.5135082662329,566.5139840919569,769.7524307399875,,1017.638062829353,,1170.258769325647,,1189.847680147766,,1125.706706951464
"MESSAGEix-GLOBIOM-GAINS 2.1-M-R12","Very Low - SSP1","World","Capacity|Electricity|Biomass","GW",1,74.86653519401115,,21.19790432279008,27.56358878895961,3.465365048595919,0,0,0,0,0,,0,,0,,0,,0
"MESSAGEix-GLOBIOM-GAINS 2.1-M-R12","Very Low - SSP1","World","Capacity|Electricity|Coal","GW",1,1969.821105109879,,2232.877910192587,1814.366836181701,614.1643016571142,224.8879448625035,214.5481206846014,111.107,0,0,,0,,0,,0,,0
"MESSAGEix-GLOBIOM-GAINS 2.1-M-R12","Very Low - SSP1","World","Capacity|Electricity|Gas","GW",1,1721.324759782563,,1664.837060928775,1449.861273895741,962.680046119949,547.5464342761742,540.8085486866214,472.8613951782905,36.12207364150178,34.67785388181686,,23.38764962384124,,2.196425125675249,,1.31508085701307,,0.7873874871789891
"MESSAGEix-GLOBIOM-GAINS 2.1-M-R12","Very Low - SSP1","World","Capacity|Electricity|Geothermal","GW",1,14.69414021588627,,18.85260791140908,17.55558500692302,21.4039388179592,24.12469588197169,27.93055951155072,33.14572161145902,41.12171872432611,51.30973099234998,,77.58338496963401,,91.03155138948806,,106.4533424580577,,126.7612315489373
"MESSAGEix-GLOBIOM-GAINS 2.1-M-R12","Very Low - SSP1","World","Capacity|Electricity|Hydro","GW",1,1177.647252728238,,1334.645941870141,1488.069734837462,1681.926684293996,1741.423901312327,1761.070998925647,1780.728696193789,1794.250986186626,1807.784984792699,,1823.445018191289,,1831.005018191289,,1835.365018191289,,1837.805018191289
"MESSAGEix-GLOBIOM-GAINS 2.1-M-R12","Very Low - SSP1","World","Capacity|Electricity|Nuclear","GW",1,379.7261021699021,,406.1101021699021,435.0001021699021,413.3809568182456,389.8142002767512,314.8600142734481,231.397771202557,207.5537390669938,185.1750048248513,,127.7345879097693,,69.13268222160455,,21.38330280596806,,2.802538119376731
"MESSAGEix-GLOBIOM-GAINS 2.1-M-R12","Very Low - SSP1","World","Capacity|Electricity|Oil","GW",1,311.6984332374959,,292.2382223745518,124.9018539043117,37.11198132507205,7.468043168851482,7.468043168851482,7.333438841711954,0,0,,0,,0,,0,,0
"MESSAGEix-GLOBIOM-GAINS 2.1-M-R12","Very Low - SSP1","World","Capacity|Electricity|Solar|CSP","GW",1,6.474639999999999,,6.852018325946716,6.862438325946716,6.851853208299658,6.851853208299658,6.851853208299658,6.851853208299658,6.851853208299658,6.851853208299658,,6.851853208299658,,6.851853208299658,,6.851853208299658,,6.851853208299658
"MESSAGEix-GLOBIOM-GAINS 2.1-M-R12","Very Low - SSP1","World","Capacity|Electricity|Solar|PV","GW",1,780.7984195818497,,2040.499520738749,4976.475974827948,8946.9803250335,11295.67059628131,13595.50310485425,15932.13252413862,17644.89110620504,19905.01930439287,,21998.05111984327,,23518.10490540724,,23942.52004349763,,24209.17927594647
"MESSAGEix-GLOBIOM-GAINS 2.1-M-R12","Very Low - SSP1","World","Capacity|Electricity|Wind|Offshore","GW",1,34.3884,,102.7240830499999,109.7727202291499,296.5585559359796,431.3746326674,553.2858252513295,727.3659975719067,904.6503542965489,873.7514240706815,,740.5197216080741,,881.8949086142636,,881.8949086142636,,703.94351777818
"MESSAGEix-GLOBIOM-GAINS 2.1-M-R12","Very Low - SSP1","World","Capacity|Electricity|Wind|Onshore","GW",1,699.0911899999993,,1176.645762189998,1756.835376953793,2981.942778056331,4561.167324891731,5755.952650732865,7081.622590230651,8529.746519956185,9753.940842700367,,11887.99426646955,,13022.0303031232,,13831.31133829876,,14365.86747219078
"MESSAGEix-GLOBIOM-GAINS 2.1-M-R12","Low - SSP2 (Marker)","Africa (R10)","Capacity|Electricity|Biomass","GW",1,1.017771,,1.017771,1.113321,0,0,0,0,0,0,,0,,0,,0,,0
"MESSAGEix-GLOBIOM-GAINS 2.1-M-R12","Low - SSP2 (Marker)","Africa (R10)","Capacity|Electricity|Coal","GW",1,41.51253000000001,,31.88853478079036,18.28691683702436,0,0,0,0,0,0,,0,,0,,0,,0
"MESSAGEix-GLOBIOM-GAINS 2.1-M-R12","Low - SSP2 (Marker)","Africa (R10)","Capacity|Electricity|Gas","GW",1,18.69870472046891,,21.59242411516803,19.89222305215357,17.67577183743256,47.75236306084705,96.83291717705204,134.5028564541685,195.1546727452909,272.8251421912948,,257.8438977943085,,167.8679458828668,,38.68190577740513,,0
"MESSAGEix-GLOBIOM-GAINS 2.1-M-R12","Low - SSP2 (Marker)","Africa (R10)","Capacity|Electricity|Geothermal","GW",1,0.893440965427266,,1.300346850553046,1.357074767302201,1.291774767302201,1.50056715349365,1.73109081894195,1.985607572646717,2.266614634504932,2.576869137066223,,3.297613684850971,,4.176197266842223,,5.247185750788567,,6.552714736597804
"MESSAGEix-GLOBIOM-GAINS 2.1-M-R12","Low - SSP2 (Marker)","Africa (R10)","Capacity|Electricity|Hydro","GW",1,27.66276923678868,,35.32506947625536,69.13590159259772,84.8047250395791,102.8493136510749,114.8393136510748,126.8293136510749,136.0293136510748,145.2293136510748,,157.5693136510748,,165.1293136510748,,169.4893136510748,,171.9293136510748
"MESSAGEix-GLOBIOM-GAINS 2.1-M-R12","Low - SSP2 (Marker)","Africa (R10)","Capacity|Electricity|Nuclear","GW",1,1.854,,1.854,0,0,0,0,0,0,0,,0,,0,,0,,0
"MESSAGEix-GLOBIOM-GAINS 2.1-M-R12","Low - SSP2 (Marker)","Africa (R10)","Capacity|Electricity|Oil","GW",1,5.164152862944163,,3.830012,14.150436,13.39291483143642,13.39291483143642,13.39291483143642,11.738397,0,0,,0,,0,,0,,0
"MESSAGEix-GLOBIOM-GAINS 2.1-M-R12","Low - SSP2 (Marker)","Africa (R10)","Capacity|Electricity|Solar|CSP","GW",1,0.5,,0.5,0.5,0.5,0.5,0.5,0.5,0.5,0.5,,0.5,,0.5,,0.5,,0.5
"MESSAGEix-GLOBIOM-GAINS 2.1-M-R12","Low - SSP2 (Marker)","Africa (R10)","Capacity|Electricity|Solar|PV","GW",1,5.14251299,,16.99393156999995,88.20409917060094,149.2644412996852,209.7228154392417,316.4653122210791,417.3322384068,641.6551636075799,949.7403740493755,,1863.386075106879,,3062.450251312079,,4212.418072588708,,5222.161552407897
"MESSAGEix-GLOBIOM-GAINS 2.1-M-R12","Low - SSP2 (Marker)","Africa (R10)","Capacity|Electricity|Wind|Offshore","GW",1,0,,0,0,0,0,0,0,0,3.25796394459375,,20.19557172423038,,53.91350343591377,,130.0414873066499,,431.9639184914474
"MESSAGEix-GLOBIOM-GAINS 2.1-M-R12","Low - SSP2 (Marker)","Africa (R10)","Capacity|Electricity|Wind|Onshore","GW",1,3.443759999999995,,5.46705159999999,13,28.95024903384901,63.20514806951766,96.13242175754084,122.8620017827203,206.5128035196966,367.7797161370302,,872.5648274100992,,1493.163913276019,,2297.887181738721,,2960.130761291697
"MESSAGEix-GLOBIOM-GAINS 2.1-M-R12","Low - SSP2 (Marker)","China+ (R10)","Capacity|Electricity|Biomass","GW",1,17.59559803921568,,7.780474148235297,2.185409826850286,0,0,0,0,0,0,,0,,0,,0,,0
"MESSAGEix-GLOBIOM-GAINS 2.1-M-R12","Low - SSP2 (Marker)","China+ (R10)","Capacity|Electricity|Coal","GW",1,1016.415192884399,,1290.551123227147,1212.961953192852,1124.7429171477,956.2647537370036,695.8764335006505,394.8522332453338,18.70875808236424,0,,0,,0,,0,,0
"MESSAGEix-GLOBIOM-GAINS 2.1-M-R12","Low - SSP2 (Marker)","China+ (R10)","Capacity|Electricity|Gas","GW",1,58.88121989592053,,102.2314632674439,219.1756268479981,327.4474877277417,348.8812253589563,404.5310351529532,433.2378984866075,518.6307193782545,445.0512254448925,,327.9271725680464,,170.0841645034731,,0,,0
"MESSAGEix-GLOBIOM-GAINS 2.1-M-R12","Low - SSP2 (Marker)","China+ (R10)","Capacity|Electricity|Geothermal","GW",1,0.02604336810622,,0.027305635065168,0.022337441362757,0.180652609869841,0.3943318869017881,0.6930077579889831,1.105288689980412,1.674385772597101,2.459945967870843,,4.858556381101046,,9.290922291182877,,14.71744010800406,,24.04136721618636
"MESSAGEix-GLOBIOM-GAINS 2.1-M-R12","Low - SSP2 (Marker)","China+ (R10)","Capacity|Electricity|Hydro","GW",1,375.4594046215433,,478.7472251327483,466.2147515722256,477.217688513027,484.6859858625305,486.3169642857143,486.5625,486.5848214285714,486.607142857143,,486.6071428571429,,486.6071428571429,,486.6071428571429,,486.6071428571429
"MESSAGEix-GLOBIOM-GAINS 2.1-M-R12","Low - SSP2 (Marker)","China+ (R10)","Capacity|Electricity|Nuclear","GW",1,47.74499999999999,,54.794,77.1,78.23899999999999,78.23899999999999,111.3333050364347,111.3333050364347,106.8333050364347,103.2033050364347,,76.25680503643466,,47.60030503643467,,33.09430503643467,,12.73367006676639
"MESSAGEix-GLOBIOM-GAINS 2.1-M-R12","Low - SSP2 (Marker)","China+ (R10)","Capacity|Electricity|Oil","GW",1,0.294833333333333,,0.272833333333333,12.65169058941538,11.79966835864616,8.0891422048,5.7603822048,2.7673022048,0,0,,0,,0,,0,,0
"MESSAGEix-GLOBIOM-GAINS 2.1-M-R12","Low - SSP2 (Marker)","China+ (R10)","Capacity|Electricity|Solar|CSP","GW",1,0.546,,0.5700000000000001,0.5700000000000001,0.5700000000000001,0.5700000000000001,0.5700000000000001,0.5700000000000001,0.5700000000000001,0.5700000000000001,,0.5700000000000001,,0.5700000000000001,,0.5700000000000001,,0.5700000000000001
"MESSAGEix-GLOBIOM-GAINS 2.1-M-R12","Low - SSP2 (Marker)","China+ (R10)","Capacity|Electricity|Solar|PV","GW",1,284.29403101875,,982.8490843572995,1869.569770618764,2755.75244999194,3495.692908342452,4235.271243473259,4504.181527652609,4683.661225638261,4701.33927076236,,4687.00466283784,,4599.946557203838,,4451.748920675106,,4654.669723828934
"MESSAGEix-GLOBIOM-GAINS 2.1-M-R12","Low - SSP2 (Marker)","China+ (R10)","Capacity|Electricity|Wind|Offshore","GW",1,9.089200000000002,,56.99273507000004,56.99273507000007,56.99273507,137.4423618632216,281.3208808234909,286.2309933348434,303.6895055549317,329.1460736616348,,290.0225334386886,,290.0225334386886,,290.0225334386886,,290.0225334386886
"MESSAGEix-GLOBIOM-GAINS 2.1-M-R12","Low - SSP2 (Marker)","China+ (R10)","Capacity|Electricity|Wind|Onshore","GW",1,273.5801199999995,,550.337080789999,830.7,854.3083688183922,1002.278594321209,1027.927923497385,1596.781002890232,2087.092253262653,2181.874763213761,,2594.176375699992,,2826.171026731324,,3041.211915250089,,3004.29763256942
"MESSAGEix-GLOBIOM-GAINS 2.1-M-R12","Low - SSP2 (Marker)","Europe (R10)","Capacity|Electricity|Biomass","GW",1,19.66899035361752,,4.148854271628888,0,0,0,0,0,0,0,,0,,0,,0,,0
"MESSAGEix-GLOBIOM-GAINS 2.1-M-R12","Low - SSP2 (Marker)","Europe (R10)","Capacity|Electricity|Coal","GW",1,131.6621192716455,,127.1733091177527,43.51296546380786,7.071852584402114,2.984001975118089,0.51306971904596,0.51306971904596,0,0,,0,,0,,0,,0
"MESSAGEix-GLOBIOM-GAINS 2.1-M-R12","Low - SSP2 (Marker)","Europe (R10)","Capacity|Electricity|Gas","GW",1,214.7796984297791,,178.9279438612305,158.7794413998176,144.873398784945,144.9940651268363,146.3088387604942,72.07777216980097,17.4435796135565,14.60144128179514,,0,,0,,0,,0
"MESSAGEix-GLOBIOM-GAINS 2.1-M-R12","Low - SSP2 (Marker)","Europe (R10)","Capacity|Electricity|Geothermal","GW",1,1.61717,,1.899974561105424,1.980261534858041,2.483947713845836,3.104385715398994,4.43389365106128,6.269066791155446,8.802270728284924,12.29901010774152,,23.0400552356572,,41.1935703018339,,54.40943890873795,,66.63765159621828
"MESSAGEix-GLOBIOM-GAINS 2.1-M-R12","Low - SSP2 (Marker)","Europe (R10)","Capacity|Electricity|Hydro","GW",1,207.1625370759525,,216.457285529931,221.441129935912,226.9407303816196,233.313053381819,236.7913454891503,293.9922073491521,294.799123775665,295.606040202178,,296.7875963981434,,297.6233312684604,,298.1997001445411,,298.6031583577976
"MESSAGEix-GLOBIOM-GAINS 2.1-M-R12","Low - SSP2 (Marker)","Europe (R10)","Capacity|Electricity|Nuclear","GW",1,104.0473684210526,,108.8063684210526,112.2233684210526,112.7843684210526,89.81718289994221,50.44418289994223,28.36918289994222,24.43334667642672,15.83034667642672,,13.62597825537409,,13.30097825537409,,6.650978255374089,,1.499978255374088
"MESSAGEix-GLOBIOM-GAINS 2.1-M-R12","Low - SSP2 (Marker)","Europe (R10)","Capacity|Electricity|Oil","GW",1,37.75048569355911,,37.75048569355911,0,0.4499400000000001,0.4499400000000001,0.4499400000000001,0.4499400000000001,0,0,,0,,0,,0,,0
"MESSAGEix-GLOBIOM-GAINS 2.1-M-R12","Low - SSP2 (Marker)","Europe (R10)","Capacity|Electricity|Solar|CSP","GW",1,2.31213,,2.322174,2.322174,2.322174,2.322174,2.322174,2.322174,2.322174,2.322174,,2.322174,,2.322174,,2.322174,,2.322174
"MESSAGEix-GLOBIOM-GAINS 2.1-M-R12","Low - SSP2 (Marker)","Europe (R10)","Capacity|Electricity|Solar|PV","GW",1,174.4364499999999,,348.1967539099994,972.9893998737209,972.9795325961213,991.335259491471,1137.551672885248,1259.830138077263,1382.314255496829,1441.50844697786,,1558.027232651083,,1601.605342224074,,1674.289233574031,,1806.375356271726
"MESSAGEix-GLOBIOM-GAINS 2.1-M-R12","Low - SSP2 (Marker)","Europe (R10)","Capacity|Electricity|Wind|Offshore","GW",1,24.9399,,39.30720262999995,46.35583980914983,46.35583980914988,46.35583980914988,46.3558398091499,52.38730495801094,56.87848007434684,82.76115421113107,,124.5971791155355,,120.7740023303515,,117.665710239096,,124.5971791155356
"MESSAGEix-GLOBIOM-GAINS 2.1-M-R12","Low - SSP2 (Marker)","Europe (R10)","Capacity|Electricity|Wind|Onshore","GW",1,190.2001000000001,,265.6607075899996,356.9355139279949,356.9343639279961,356.895579577995,356.895579577995,356.895579577995,473.4509662720674,508.541767649574,,604.033670357159,,615.8989628840797,,669.6022687832892,,828.5577581577201
"MESSAGEix-GLOBIOM-GAINS 2.1-M-R12","Low - SSP2 (Marker)","India+ (R10)","Capacity|Electricity|Biomass","GW",1,4.930473,,4.930473,10,10,9.999999999999996,10,10,10,10,,9.999999999999998,,10,,10,,10
"MESSAGEix-GLOBIOM-GAINS 2.1-M-R12","Low - SSP2 (Marker)","India+ (R10)","Capacity|Electricity|Coal","GW",1,239.0917185,,249.1559219492552,265.888044093306,201.5926193146099,169.7178878725579,122.3144402318723,31.89691253848224,1.06021253848224,0,,0,,0,,0,,0
"MESSAGEix-GLOBIOM-GAINS 2.1-M-R12","Low - SSP2 (Marker)","India+ (R10)","Capacity|Electricity|Gas","GW",1,57.12988824999999,,127.6360891991299,168.2192777192313,178.5269518420151,222.5836317188438,332.0029089212318,462.320422316246,515.2925388053746,474.5421002852732,,538.0854591029147,,325.1533257646052,,98.22278037883953,,0
"MESSAGEix-GLOBIOM-GAINS 2.1-M-R12","Low - SSP2 (Marker)","India+ (R10)","Capacity|Electricity|Geothermal","GW",1,0,,0,0,0,0,0.07434343085714201,0.15642458571054,0.247048813088663,0.347105282841681,,0.579543988645252,,0.8628854740106071,,1.208277163624003,,1.629307705975292
"MESSAGEix-GLOBIOM-GAINS 2.1-M-R12","Low - SSP2 (Marker)","India+ (R10)","Capacity|Electricity|Hydro","GW",1,61.50470124290995,,70.17186420513328,64.93934860447186,173.1435159893731,171.6101694915254,172.6694915254237,173.728813559322,174.7881355932203,175.8474576271186,,175.8474576271187,,175.8474576271187,,175.8474576271187,,175.8474576271187
"MESSAGEix-GLOBIOM-GAINS 2.1-M-R12","Low - SSP2 (Marker)","India+ (R10)","Capacity|Electricity|Nuclear","GW",1,7.483,,10.777,16.201,17.945,30.30624115563607,46.91576534812994,70.58452846000274,70.32690921996266,68.56490921996266,,147.8304741981849,,303.7578379314191,,464.1770710206932,,509.5631682238368
"MESSAGEix-GLOBIOM-GAINS 2.1-M-R12","Low - SSP2 (Marker)","India+ (R10)","Capacity|Electricity|Oil","GW",1,24.78252330438446,,24.78252330438446,18.7325142,14.0301742,14.0301742,14.0301742,8.956825199999999,0,0,,0,,0,,0,,0
"MESSAGEix-GLOBIOM-GAINS 2.1-M-R12","Low - SSP2 (Marker)","India+ (R10)","Capacity|Electricity|Solar|CSP","GW",1,0.3285,,0.3425,0.3425,0.3425,0.3425,0.3425,0.3425,0.3425,0.3425,,0.3425,,0.3425,,0.3425,,0.3425
"MESSAGEix-GLOBIOM-GAINS 2.1-M-R12","Low - SSP2 (Marker)","India+ (R10)","Capacity|Electricity|Solar|PV","GW",1,52.8740834113499,,117.0767878646999,503.8171058849376,868.8947010504784,1258.301676562628,1829.250247590018,2582.594835744714,3549.425267229964,4506.642073307163,,5109.041597951061,,5882.338495745746,,6207.106699182561,,6426.150876517258
"MESSAGEix-GLOBIOM-GAINS 2.1-M-R12","Low - SSP2 (Marker)","India+ (R10)","Capacity|Electricity|Wind|Offshore","GW",1,0,,0,0,0,0,0,0,0,0,,0,,0,,0,,0
"MESSAGEix-GLOBIOM-GAINS 2.1-M-R12","Low - SSP2 (Marker)","India+ (R10)","Capacity|Electricity|Wind|Onshore","GW",1,39.97896999999995,,56.05794807999995,86,151.5148702484117,309.0263316471391,573.4618171039094,1010.169952398122,1657.100406775918,2337.914075034936,,2984.072712950046,,2984.219357440446,,2984.219357440446,,2984.280773240446
"MESSAGEix-GLOBIOM-GAINS 2.1-M-R12","Low - SSP2 (Marker)","Latin America (R10)","Capacity|Electricity|Biomass","GW",1,10.39858823529412,,5.522671981952105,13.41,13.40048928894707,13.40048928894707,13.41,13.41,13.41,13.33352782531134,,12.32895967473475,,12.32895967473475,,12.32895967473475,,12.32895967473475
"MESSAGEix-GLOBIOM-GAINS 2.1-M-R12","Low - SSP2 (Marker)","Latin America (R10)","Capacity|Electricity|Coal","GW",1,18.69986881995844,,2.073801300423008,1.249208425882351,0,0,0,0,0,0,,0,,0,,0,,0
"MESSAGEix-GLOBIOM-GAINS 2.1-M-R12","Low - SSP2 (Marker)","Latin America (R10)","Capacity|Electricity|Gas","GW",1,100.3917657349227,,78.66340608120817,84.62381545446272,75.28814259671782,110.8714115311323,150.9568489024882,147.9808644180666,129.0105673245891,128.4007208237586,,93.8860903895791,,32.01587276706465,,5.51019172366904,,5.690842493247101
"MESSAGEix-GLOBIOM-GAINS 2.1-M-R12","Low - SSP2 (Marker)","Latin America (R10)","Capacity|Electricity|Geothermal","GW",1,1.735269907727328,,1.724277830018537,1.321589754609918,1.520505943227698,1.165613513735817,1.361274935323358,1.577300954824984,1.815811135948438,2.079145648294599,,2.690891529338039,,3.436606344784769,,4.345628543721752,,5.453721531877299
"MESSAGEix-GLOBIOM-GAINS 2.1-M-R12","Low - SSP2 (Marker)","Latin America (R10)","Capacity|Electricity|Hydro","GW",1,197.5379286509483,,209.6477850184081,201.6744141373424,204.021595999646,206.3057299692828,206.3057299692829,206.3057299692828,215.059384143056,221.0195214741518,,221.0195214741518,,221.0195214741518,,222.4908428535561,,225.1961283064325
"MESSAGEix-GLOBIOM-GAINS 2.1-M-R12","Low - SSP2 (Marker)","Latin America (R10)","Capacity|Electricity|Nuclear","GW",1,5.369489863081315,,5.369489863081315,6.369489863081315,4.400489863081314,2.350489863081314,2.350489863081314,2.058,1.365,1.365,,0.6950000000000001,,0,,0,,0
"MESSAGEix-GLOBIOM-GAINS 2.1-M-R12","Low - SSP2 (Marker)","Latin America (R10)","Capacity|Electricity|Oil","GW",1,18.059195,,0,0,24.624498,24.624498,24.624498,24.624498,0,0,,0,,0,,0,,0
"MESSAGEix-GLOBIOM-GAINS 2.1-M-R12","Low - SSP2 (Marker)","Latin America (R10)","Capacity|Electricity|Solar|CSP","GW",1,0,,0.12527,0.12527,0.12527,0.12527,0.12527,0.12527,0.12527,0.12527,,0.12527,,0.12527,,0.12527,,0.12527
"MESSAGEix-GLOBIOM-GAINS 2.1-M-R12","Low - SSP2 (Marker)","Latin America (R10)","Capacity|Electricity|Solar|PV","GW",1,24.684652,,107.50371476,287.1954949938258,460.6611280125852,569.4603400852471,746.8555190329962,1045.540663495838,1342.089218978336,1670.749314682823,,2171.763130060601,,2339.179363582856,,2573.645036742877,,2807.200122145559
"MESSAGEix-GLOBIOM-GAINS 2.1-M-R12","Low - SSP2 (Marker)","Latin America (R10)","Capacity|Electricity|Wind|Offshore","GW",1,0,,0,0,0,0,0,0,0,0,,0,,0,,0,,0
"MESSAGEix-GLOBIOM-GAINS 2.1-M-R12","Low - SSP2 (Marker)","Latin America (R10)","Capacity|Electricity|Wind|Onshore","GW",1,33.07356999999995,,68.72819046999994,80,80,128.4818853910303,199.6383352691504,343.9795217774321,559.500626721872,806.4435215041215,,1297.332918107888,,1471.234893707363,,1713.042268178642,,1808.653645573509
"MESSAGEix-GLOBIOM-GAINS 2.1-M-R12","Low - SSP2 (Marker)","Middle East (R10)","Capacity|Electricity|Biomass","GW",1,0.00038,,0,0,0,0,0,0,0,0,,0,,0,,0,,0
"MESSAGEix-GLOBIOM-GAINS 2.1-M-R12","Low - SSP2 (Marker)","Middle East (R10)","Capacity|Electricity|Coal","GW",1,9.439,,9.439,7.172505163024182,4.276279939828513,2.956,1.556,0,0,0,,0,,0,,0,,0
"MESSAGEix-GLOBIOM-GAINS 2.1-M-R12","Low - SSP2 (Marker)","Middle East (R10)","Capacity|Electricity|Gas","GW",1,328.5266204153608,,288.6443809515905,274.9858130603968,250.0620080895618,262.1607187848125,334.244708207307,440.360083707662,396.505300066065,392.3905661212302,,381.1168207444399,,115.1419575384561,,0,,0
"MESSAGEix-GLOBIOM-GAINS 2.1-M-R12","Low - SSP2 (Marker)","Middle East (R10)","Capacity|Electricity|Geothermal","GW",1,0,,0,0,0.07434343085714201,0.176964304949362,0.318618297481501,0.514152137724014,0.784059692015575,1.156629922177777,,2.293748350071835,,4.395017037860087,,8.27792843034939,,15.45311786211735
"MESSAGEix-GLOBIOM-GAINS 2.1-M-R12","Low - SSP2 (Marker)","Middle East (R10)","Capacity|Electricity|Hydro","GW",1,20.07953120323608,,23.4961538750416,19.14078763574403,19.8677751223964,62.86564602313263,62.86564602313263,62.86564602313263,66.19897935646597,66.19897935646597,,66.19897935646597,,66.19897935646597,,66.19897935646597,,66.19897935646597
"MESSAGEix-GLOBIOM-GAINS 2.1-M-R12","Low - SSP2 (Marker)","Middle East (R10)","Capacity|Electricity|Nuclear","GW",1,2.252,,6.236,6.236,11.61,11.61,11.61,11.61,10.695,9.358,,5.374,,0,,0,,0
"MESSAGEix-GLOBIOM-GAINS 2.1-M-R12","Low - SSP2 (Marker)","Middle East (R10)","Capacity|Electricity|Oil","GW",1,109.6202029230769,,109.6047029230769,112.3736252849698,93.19348468064514,85.60245292307694,72.90633192307692,53.93492292307693,0,0,,0,,0,,0,,0
"MESSAGEix-GLOBIOM-GAINS 2.1-M-R12","Low - SSP2 (Marker)","Middle East (R10)","Capacity|Electricity|Solar|CSP","GW",1,1.02711,,1.236594325946717,1.236594325946717,1.236594325946717,1.236594325946717,1.236594325946717,1.236594325946717,1.236594325946717,1.236594325946717,,1.236594325946717,,1.236594325946717,,1.236594325946717,,1.236594325946717
"MESSAGEix-GLOBIOM-GAINS 2.1-M-R12","Low - SSP2 (Marker)","Middle East (R10)","Capacity|Electricity|Solar|PV","GW",1,10.95094799249994,,32.1075880523999,272.7656473917706,541.4627121757895,654.2072290162716,825.4518286957506,1056.846051985489,1200.954719499609,1423.194325802124,,2276.287040587387,,3084.982648232773,,4111.111903285732,,5097.273699208934
"MESSAGEix-GLOBIOM-GAINS 2.1-M-R12","Low - SSP2 (Marker)","Middle East (R10)","Capacity|Electricity|Wind|Offshore","GW",1,0,,0,0,0,5.262419276697478,23.30466200155043,34.35289576373896,89.52277727334274,171.2609938772191,,417.3294359070096,,417.3294359070096,,567.8887557492736,,567.8887557492736
"MESSAGEix-GLOBIOM-GAINS 2.1-M-R12","Low - SSP2 (Marker)","Middle East (R10)","Capacity|Electricity|Wind|Onshore","GW",1,4.003619999999994,,7.614001049999995,11.2,58.66532321676703,103.7214647402497,196.8639839964256,237.2201905268505,252.7354773723854,329.0454617288607,,572.4835159391432,,1123.917978886901,,1835.723435697552,,2778.520454898668
"MESSAGEix-GLOBIOM-GAINS 2.1-M-R12","Low - SSP2 (Marker)","North America (R10)","Capacity|Electricity|Biomass","GW",1,10.84316666666667,,10.82083813608571,13.42710594997716,11.39545651999853,0.8764126774657751,0.8764126774657751,0,0,0,,0,,0,,0,,0
"MESSAGEix-GLOBIOM-GAINS 2.1-M-R12","Low - SSP2 (Marker)","North America (R10)","Capacity|Electricity|Coal","GW",1,249.042128,,249.042128,198.1105678884699,141.504888,43.66446420068855,26.04205020466035,15.36596,0,0,,0,,0,,0,,0
"MESSAGEix-GLOBIOM-GAINS 2.1-M-R12","Low - SSP2 (Marker)","North America (R10)","Capacity|Electricity|Gas","GW",1,518.6868260042355,,518.9599245086596,504.0096189385254,630.2038706672106,821.5477821990811,785.760384199081,652.6814388298254,441.6142918913001,372.214593813084,,143.2479651228607,,21.69109717846273,,0,,0
"MESSAGEix-GLOBIOM-GAINS 2.1-M-R12","Low - SSP2 (Marker)","North America (R10)","Capacity|Electricity|Geothermal","GW",1,3.0796,,3.241035861132952,3.241035861132952,4.548147359449161,6.352434879498595,8.84300546907702,12.28089538005034,17.02642923057763,23.57698556300092,,43.72407796348619,,80.95366933465033,,149.7498234452293,,182.7006237606451
"MESSAGEix-GLOBIOM-GAINS 2.1-M-R12","Low - SSP2 (Marker)","North America (R10)","Capacity|Electricity|Hydro","GW",1,153.0939603039292,,160.2334524641383,166.536539581002,174.3082476750058,182.8642351726511,203.9451654052092,207.2591188935813,210.0730723819534,211.7858747550418,,217.73973904862,,221.6234599788526,,224.8095064904805,,227.4374134672247
"MESSAGEix-GLOBIOM-GAINS 2.1-M-R12","Low - SSP2 (Marker)","North America (R10)","Capacity|Electricity|Nuclear","GW",1,112.9162438857682,,115.1502438857682,111.7512438857682,87.84224388576821,70.80324388576821,40.60724388576821,12.0432438857682,9.092243885768198,7.935243885768198,,3.604185062238806,,2.919092531119403,,0,,0
"MESSAGEix-GLOBIOM-GAINS 2.1-M-R12","Low - SSP2 (Marker)","North America (R10)","Capacity|Electricity|Oil","GW",1,61.342633,,61.342633,57.824987,26.431433,14.281679,8.445183,3.535486,0,0,,0,,0,,0,,0
"MESSAGEix-GLOBIOM-GAINS 2.1-M-R12","Low - SSP2 (Marker)","North America (R10)","Capacity|Electricity|Solar|CSP","GW",1,1.7579,,1.74748,1.7579,1.747314882352941,1.747314882352941,1.747314882352941,1.747314882352941,1.747314882352941,1.747314882352941,,1.747314882352941,,1.747314882352941,,1.747314882352941,,1.747314882352941
"MESSAGEix-GLOBIOM-GAINS 2.1-M-R12","Low - SSP2 (Marker)","North America (R10)","Capacity|Electricity|Solar|PV","GW",1,98.88475899999996,,227.8469516999999,293.14388107,413.7208913271436,496.9959680934623,811.6638965550925,1137.885153780776,1531.341415230406,1564.9377989529,,1772.231300475593,,2028.781294413687,,2122.813299462396,,2350.445977239057
"MESSAGEix-GLOBIOM-GAINS 2.1-M-R12","Low - SSP2 (Marker)","North America (R10)","Capacity|Electricity|Wind|Offshore","GW",1,0.0293,,0.0413,0.0413,0.0413,0.0413,0.0413001,0.0413001,0.0413,0.0413,,0.0413,,0.0413,,0.0413,,0.0413
"MESSAGEix-GLOBIOM-GAINS 2.1-M-R12","Low - SSP2 (Marker)","North America (R10)","Capacity|Electricity|Wind|Onshore","GW",1,132.26562,,182.90245927,250,250,264.6767171858112,373.2244890058699,579.1136157141033,766.5014539649002,778.632008476919,,778.632008476919,,1012.146878999594,,1046.258620902131,,1209.842079173336
"MESSAGEix-GLOBIOM-GAINS 2.1-M-R12","Low - SSP2 (Marker)","Pacific OECD (R10)","Capacity|Electricity|Biomass","GW",1,3.898757062146893,,2.319571298922761,0,0,0,0,0,0,0,,0,,0,,0,,0
"MESSAGEix-GLOBIOM-GAINS 2.1-M-R12","Low - SSP2 (Marker)","Pacific OECD (R10)","Capacity|Electricity|Coal","GW",1,70.3602457553167,,70.3602457553167,57.64277066151468,18.25192637329602,12.35992637329602,6.630832813722675,2.084902813722675,0,0,,0,,0,,0,,0
"MESSAGEix-GLOBIOM-GAINS 2.1-M-R12","Low - SSP2 (Marker)","Pacific OECD (R10)","Capacity|Electricity|Gas","GW",1,110.1838078130264,,84.56700816567849,69.258933,75.26456300000001,86.56317153447421,86.70321451048763,57.22829307137025,42.38441864683934,31.93449614922388,,14.20114140069595,,1.061752123103243,,0,,0
"MESSAGEix-GLOBIOM-GAINS 2.1-M-R12","Low - SSP2 (Marker)","Pacific OECD (R10)","Capacity|Electricity|Geothermal","GW",1,1.5301,,1.828163479082504,1.828163479082504,2.187247050935256,2.612573175848236,3.680641120435376,5.154961915154017,7.190058855152543,9.999230081677743,,18.63389232979792,,34.58979012067661,,45.53936374880406,,55.66865488561421
"MESSAGEix-GLOBIOM-GAINS 2.1-M-R12","Low - SSP2 (Marker)","Pacific OECD (R10)","Capacity|Electricity|Hydro","GW",1,39.49249770017558,,41.42462981460719,42.0365625,43.4626817447496,44.98896321070234,44.98896321070234,63.71237458193981,63.71237458193981,63.71237458193981,,63.71237458193981,,63.71237458193981,,63.71237458193982,,63.71237458193982
"MESSAGEix-GLOBIOM-GAINS 2.1-M-R12","Low - SSP2 (Marker)","Pacific OECD (R10)","Capacity|Electricity|Nuclear","GW",1,31.679,,31.679,34.332,32.772,30.932,26.513,20.326,11.572,7.815000000000001,,3.086,,2.653,,1.3265,,0
"MESSAGEix-GLOBIOM-GAINS 2.1-M-R12","Low - SSP2 (Marker)","Pacific OECD (R10)","Capacity|Electricity|Oil","GW",1,8.204341666666668,,8.204341666666668,4.16241690350786,24.34258423529412,10.896686,4.524945000000001,1.508703,0,0,,0,,0,,0,,0
"MESSAGEix-GLOBIOM-GAINS 2.1-M-R12","Low - SSP2 (Marker)","Pacific OECD (R10)","Capacity|Electricity|Solar|CSP","GW",1,0.003,,0.003,0.003,0.003,0.003,0.003,0.003,0.003,0.003,,0.003,,0.003,,0.003,,0.003
"MESSAGEix-GLOBIOM-GAINS 2.1-M-R12","Low - SSP2 (Marker)","Pacific OECD (R10)","Capacity|Electricity|Solar|PV","GW",1,93.92997399999996,,147.2843810499999,165.2483118499999,190.290301684327,223.3804936406704,259.7459586315714,303.3467496538253,305.5094070685133,297.650557014529,,291.4780525451117,,293.0621356570858,,299.810864124777,,315.1614742356082
"MESSAGEix-GLOBIOM-GAINS 2.1-M-R12","Low - SSP2 (Marker)","Pacific OECD (R10)","Capacity|Electricity|Wind|Offshore","GW",1,0.066,,0.19,0.19,0.19,0.19,0.19,0.19,0.19,0.19,,0.19,,0.19,,0.19,,0.19
"MESSAGEix-GLOBIOM-GAINS 2.1-M-R12","Low - SSP2 (Marker)","Pacific OECD (R10)","Capacity|Electricity|Wind|Onshore","GW",1,14.95799999999999,,24.86854156,45,45.00000000000001,45.00000000000001,45.00000000000002,45.00000000000002,47.92185861695496,46.744980340881,,70.71663047033942,,70.71663047033942,,73.96218866404024,,93.39782740828919
"MESSAGEix-GLOBIOM-GAINS 2.1-M-R12","Low - SSP2 (Marker)","Reforming Economies (R10)","Capacity|Electricity|Biomass","GW",1,0.1448875,,0.1448875,0,0,0,0,0,0,0,,0,,0,,0,,0
"MESSAGEix-GLOBIOM-GAINS 2.1-M-R12","Low - SSP2 (Marker)","Reforming Economies (R10)","Capacity|Electricity|Coal","GW",1,71.88830946112427,,71.88830946112427,61.3832,35.1814,16.4274,8.160567931407975,2.055309440976514,0.010856719568126,0.010856719568126,,0,,0,,0,,0
"MESSAGEix-GLOBIOM-GAINS 2.1-M-R12","Low - SSP2 (Marker)","Reforming Economies (R10)","Capacity|Electricity|Gas","GW",1,163.3161130289362,,65.65510033089956,65.28510033089955,95.47257469480616,129.8243723412885,194.8842742022575,225.8327673893711,203.410082696827,202.3609368516927,,149.0277045267859,,52.56786015414417,,33.33684600625439,,0
"MESSAGEix-GLOBIOM-GAINS 2.1-M-R12","Low - SSP2 (Marker)","Reforming Economies (R10)","Capacity|Electricity|Geothermal","GW",1,1.704028049575995,,4.057033224398767,4.057033224398767,5.674519410211722,7.907236468147566,10.98919506817863,15.24341473230697,21.11577945209064,29.22177070894443,,54.15501460605761,,100.2288829040328,,163.5405526413615,,199.5114456983891
"MESSAGEix-GLOBIOM-GAINS 2.1-M-R12","Low - SSP2 (Marker)","Reforming Economies (R10)","Capacity|Electricity|Hydro","GW",1,71.62413617170489,,72.16587777771306,70.42018651816431,71.25770662891509,72.45552168523353,73.78878244847628,75.55840827693707,77.9072177964934,81.37036947624303,,90.29852884819448,,100.7401566568855,,113.2917447670943,,126.4598592331115
"MESSAGEix-GLOBIOM-GAINS 2.1-M-R12","Low - SSP2 (Marker)","Reforming Economies (R10)","Capacity|Electricity|Nuclear","GW",1,41.435,,43.745,44.94500000000001,45.166,41.923,30.4,20.925,19.025,19.025,,14.711,,8.238,,2.05,,0
"MESSAGEix-GLOBIOM-GAINS 2.1-M-R12","Low - SSP2 (Marker)","Reforming Economies (R10)","Capacity|Electricity|Oil","GW",1,2.294133846153846,,2.294133846153846,11.6625734223286,8.733413846153846,3.683613846153846,1.258767692307692,0.56711,0,0,,0,,0,,0,,0
"MESSAGEix-GLOBIOM-GAINS 2.1-M-R12","Low - SSP2 (Marker)","Reforming Economies (R10)","Capacity|Electricity|Solar|CSP","GW",1,0,,0,0,0,0,0,0,0,0,,0,,0,,0,,0
"MESSAGEix-GLOBIOM-GAINS 2.1-M-R12","Low - SSP2 (Marker)","Reforming Economies (R10)","Capacity|Electricity|Solar|PV","GW",1,11.551139,,14.69517620999998,16.70513715,76.29626319822627,205.6115799581855,318.0453834569744,440.0386046277534,515.2223400219387,537.0423235161818,,757.6096719231709,,884.1576634605943,,795.3271315314919,,1058.245320279519
"MESSAGEix-GLOBIOM-GAINS 2.1-M-R12","Low - SSP2 (Marker)","Reforming Economies (R10)","Capacity|Electricity|Wind|Offshore","GW",1,0,,0,0,0,0,0,0,0,0,,0,,0,,0,,0
"MESSAGEix-GLOBIOM-GAINS 2.1-M-R12","Low - SSP2 (Marker)","Reforming Economies (R10)","Capacity|Electricity|Wind|Onshore","GW",1,3.077279999999995,,7.65204334999999,10.8,16.94643795467813,29.66694981165902,81.9429069175821,160.4289000254051,167.3846041006452,173.6381143086775,,224.4630665993507,,243.2737202048287,,250.2835137138785,,282.5914782274705
"MESSAGEix-GLOBIOM-GAINS 2.1-M-R12","Low - SSP2 (Marker)","Rest of Asia (R10)","Capacity|Electricity|Biomass","GW",1,6.273094170403588,,5.113370866032368,1.22195184140442,0.2,0.2,0.2,0.2,0.2,0.2,,0.185593716242681,,0.185593716242681,,0.185593716242681,,0.185593716242681
"MESSAGEix-GLOBIOM-GAINS 2.1-M-R12","Low - SSP2 (Marker)","Rest of Asia (R10)","Capacity|Electricity|Coal","GW",1,122.006779,,122.006779,110.511779,55.72213548327441,49.21213548327442,38.33929048327441,13.73522148327442,0,0,,0,,0,,0,,0
"MESSAGEix-GLOBIOM-GAINS 2.1-M-R12","Low - SSP2 (Marker)","Rest of Asia (R10)","Capacity|Electricity|Gas","GW",1,150.8008014372783,,193.6503441760007,212.0557270443598,209.2904089802773,227.9615776673953,237.8685840625141,277.3580692727523,285.6323806004505,265.3530477320915,,200.4701514526149,,97.68391460881806,,0,,0
"MESSAGEix-GLOBIOM-GAINS 2.1-M-R12","Low - SSP2 (Marker)","Rest of Asia (R10)","Capacity|Electricity|Geothermal","GW",1,4.108487925049457,,4.763584209632405,3.729667657782741,2.920568939008377,2.287321978600859,1.769886144966127,1.369504160520151,1.059696213237433,1.244333677116326,,1.6732603947269,,2.196119670080857,,1.540444129942398,,1.018864862973857
"MESSAGEix-GLOBIOM-GAINS 2.1-M-R12","Low - SSP2 (Marker)","Rest of Asia (R10)","Capacity|Electricity|Hydro","GW",1,24.02399432742623,,26.96527671111154,33.368774610656,146.0487871034727,165.4888888888888,171.6333333333333,177.7777777777778,180.7888888888889,183.8,,186.6,,187.8666666666667,,188.4222222222222,,188.6666666666667
"MESSAGEix-GLOBIOM-GAINS 2.1-M-R12","Low - SSP2 (Marker)","Rest of Asia (R10)","Capacity|Electricity|Nuclear","GW",1,24.945,,27.699,25.842,19.97,16.23,12.25,11.254,8.267999999999999,5.433999999999999,,15.36220976410184,,22.33005559008921,,22.33005559008921,,22.33005559008921
"MESSAGEix-GLOBIOM-GAINS 2.1-M-R12","Low - SSP2 (Marker)","Rest of Asia (R10)","Capacity|Electricity|Oil","GW",1,44.76861257310274,,44.76861257310274,43.18634192307692,29.4223035645641,22.697095,13.06583,5.276747,0,0,,0,,0,,0,,0
"MESSAGEix-GLOBIOM-GAINS 2.1-M-R12","Low - SSP2 (Marker)","Rest of Asia (R10)","Capacity|Electricity|Solar|CSP","GW",1,0,,0.005,0.005,0.005,0.005,0.005,0.005,0.005,0.005,,0.005,,0.005,,0.005,,0.005
"MESSAGEix-GLOBIOM-GAINS 2.1-M-R12","Low - SSP2 (Marker)","Rest of Asia (R10)","Capacity|Electricity|Solar|PV","GW",1,24.04987,,45.75635057964995,201.9383345,380.8079175001577,607.6517286316827,967.3651640409294,1225.228273392513,1482.80271579597,1702.701195855867,,2019.165178338284,,2166.609959753735,,2301.547741496613,,2296.431923921533
"MESSAGEix-GLOBIOM-GAINS 2.1-M-R12","Low - SSP2 (Marker)","Rest of Asia (R10)","Capacity|Electricity|Wind|Offshore","GW",1,0.264,,6.192845349999951,6.192845349999951,22.49107321890153,22.49107321890153,49.71446015302995,49.71446015302995,49.71446015302995,49.71446015302995,,49.71446015302995,,85.43207179057235,,254.32054453909,,259.7627694755356
"MESSAGEix-GLOBIOM-GAINS 2.1-M-R12","Low - SSP2 (Marker)","Rest of Asia (R10)","Capacity|Electricity|Wind|Onshore","GW",1,4.510149999999999,,7.357738429999999,11.3,75.78861301298417,121.0154382156968,161.211781621199,303.9368444416419,503.0971502948892,730.7417064793535,,1090.899632271899,,1189.847680147766,,1189.847680147766,,1189.847680147766
"MESSAGEix-GLOBIOM-GAINS 2.1-M-R12","Low - SSP2 (Marker)","World","Capacity|Electricity|Biomass","GW",1,74.77170602734448,,41.79891220285713,41.35778861823187,34.9959458089456,24.47690196641285,24.48641267746578,23.61,23.61,23.53352782531134,,22.51455339097743,,22.51455339097744,,22.51455339097744,,22.51455339097744
"MESSAGEix-GLOBIOM-GAINS 2.1-M-R12","Low - SSP2 (Marker)","World","Capacity|Electricity|Coal","GW",1,1970.117891692444,,2223.57915259181,1976.719910725881,1588.344018843111,1253.586569641938,899.4326848846341,460.5036092408355,19.77982734041461,0.010856719568126,,0,,0,,0,,0
"MESSAGEix-GLOBIOM-GAINS 2.1-M-R12","Low - SSP2 (Marker)","World","Capacity|Electricity|Gas","GW",1,1721.395445729928,,1660.528084657009,1776.285576847845,2004.105178220708,2403.140319323667,2770.093714095867,2903.580466115871,2745.078551768548,2599.674270694336,,2105.806403102246,,983.2678905209941,,175.7517238861681,,5.690842493247101
"MESSAGEix-GLOBIOM-GAINS 2.1-M-R12","Low - SSP2 (Marker)","World","Capacity|Electricity|Geothermal","GW",1,14.69414021588627,,18.84172165098881,17.53716372052988,20.88170722470723,25.50142907657487,33.89495669431137,45.65661692007359,61.98215452749788,84.96102609673207,,154.946654463733,,281.3236607459551,,448.576082870563,,558.6674698565946
"MESSAGEix-GLOBIOM-GAINS 2.1-M-R12","Low - SSP2 (Marker)","World","Capacity|Electricity|Hydro","GW",1,1177.641460534615,,1334.634620005088,1354.908396688116,1621.073454197784,1727.427507336841,1774.1447353415,1874.5918900822,1905.941311597329,1931.177073981357,,1962.380653842852,,1986.368404118759,,2009.069284551636,,2030.658494104975
"MESSAGEix-GLOBIOM-GAINS 2.1-M-R12","Low - SSP2 (Marker)","World","Capacity|Electricity|Nuclear","GW",1,379.7261021699021,,406.1101021699021,435.0001021699021,410.7291021699021,372.2111578044278,332.4239870333564,288.5032602821478,261.6108048185923,238.5308048185922,,280.5456523163343,,400.7992693444365,,529.6289099025912,,546.1268721360665
"MESSAGEix-GLOBIOM-GAINS 2.1-M-R12","Low - SSP2 (Marker)","World","Capacity|Electricity|Oil","GW",1,312.2811142032213,,292.8502783402771,274.7445853232985,246.4204147167398,197.7481960054672,158.4589668516211,113.3599313278769,0,0,,0,,0,,0,,0
"MESSAGEix-GLOBIOM-GAINS 2.1-M-R12","Low - SSP2 (Marker)","World","Capacity|Electricity|Solar|CSP","GW",1,6.474639999999999,,6.852018325946716,6.862438325946716,6.851853208299658,6.851853208299658,6.851853208299658,6.851853208299658,6.851853208299658,6.851853208299658,,6.851853208299658,,6.851853208299658,,6.851853208299658,,6.851853208299658
"MESSAGEix-GLOBIOM-GAINS 2.1-M-R12","Low - SSP2 (Marker)","World","Capacity|Electricity|Solar|PV","GW",1,780.7984194125997,,2040.310720054048,4671.57718250362,6810.130338836454,8712.359999261313,11447.66622658292,13972.82423681758,16634.97572856741,18795.50568092118,,22505.99394247701,,25943.11371158647,,28749.81890266429,,32034.11602605602
"MESSAGEix-GLOBIOM-GAINS 2.1-M-R12","Low - SSP2 (Marker)","World","Capacity|Electricity|Wind|Offshore","GW",1,34.3884,,102.7240830499999,109.7727202291498,126.0709480980514,211.7829941679704,400.9271428872212,422.9169543096232,500.0365230556512,636.3719458476085,,902.090480338494,,967.7028469025357,,1360.170331272798,,1674.466456270481
"MESSAGEix-GLOBIOM-GAINS 2.1-M-R12","Low - SSP2 (Marker)","World","Capacity|Electricity|Wind|Onshore","GW",1,699.0911899999994,,1176.645762189999,1694.935513927995,1918.108226213078,2423.968108960307,3112.299238747057,4756.387609134502,6721.297600901981,8261.356114874114,,11089.37535828284,,13030.59104274866,,15102.03843051656,,17140.12009068832
"MESSAGEix-GLOBIOM-GAINS 2.1-M-R12","Low-to-Negative - SSP2","Africa (R10)","Capacity|Electricity|Biomass","GW",1,1.017771,,1.017771,1.113321,1.017771,0,0,0,0,0,,0,,0,,0,,0
"MESSAGEix-GLOBIOM-GAINS 2.1-M-R12","Low-to-Negative - SSP2","Africa (R10)","Capacity|Electricity|Coal","GW",1,41.51253000000001,,31.88853478079036,27.9447,40.7161,6.539695568537399,6.539695568537399,2.5197,0,0,,0,,0,,0,,0
"MESSAGEix-GLOBIOM-GAINS 2.1-M-R12","Low-to-Negative - SSP2","Africa (R10)","Capacity|Electricity|Gas","GW",1,18.69870472046891,,21.59242411516803,31.68886852982919,55.03770248117045,53.28909671415373,108.4994717111588,134.0593841309858,198.6593205680725,267.2125669887499,,244.4925743336487,,167.436376883906,,39.43944804328507,,0
"MESSAGEix-GLOBIOM-GAINS 2.1-M-R12","Low-to-Negative - SSP2","Africa (R10)","Capacity|Electricity|Geothermal","GW",1,0.893440965427266,,1.300346850553046,1.220694297285061,1.220694297285061,1.422088571065292,1.644444122620451,1.88994261857745,2.160992795178045,2.460254091866731,,3.155460595465355,,4.002913444096142,,5.035953737785732,,6.295224091423091
"MESSAGEix-GLOBIOM-GAINS 2.1-M-R12","Low-to-Negative - SSP2","Africa (R10)","Capacity|Electricity|Hydro","GW",1,27.66276923678868,,35.32506947625536,30.15151771095597,31.05010062523302,102.8493136510749,114.8393136510748,126.8293136510748,136.0293136510748,145.2293136510748,,157.5693136510749,,165.1293136510749,,169.4893136510749,,171.9293136510748
"MESSAGEix-GLOBIOM-GAINS 2.1-M-R12","Low-to-Negative - SSP2","Africa (R10)","Capacity|Electricity|Nuclear","GW",1,1.854,,1.854,0,0,0,0,0,0,0,,0,,0,,0,,0
"MESSAGEix-GLOBIOM-GAINS 2.1-M-R12","Low-to-Negative - SSP2","Africa (R10)","Capacity|Electricity|Oil","GW",1,5.164152862944163,,3.830012,15.434865,17.842797,16.284165,14.150436,11.738397,0,0,,0,,0,,0,,0
"MESSAGEix-GLOBIOM-GAINS 2.1-M-R12","Low-to-Negative - SSP2","Africa (R10)","Capacity|Electricity|Solar|CSP","GW",1,0.5,,0.5,0.5,0.5,0.5,0.5,0.5,0.5,0.5,,0.5,,0.5,,0.5,,0.5
"MESSAGEix-GLOBIOM-GAINS 2.1-M-R12","Low-to-Negative - SSP2","Africa (R10)","Capacity|Electricity|Solar|PV","GW",1,5.14251299,,16.99393156999995,71.33,102.6009985910697,191.5846445003897,298.894969999937,498.7746213523478,764.1511828513757,1144.435866877391,,2450.004576169644,,4476.582498736951,,6107.652032784583,,7724.1046828628
"MESSAGEix-GLOBIOM-GAINS 2.1-M-R12","Low-to-Negative - SSP2","Africa (R10)","Capacity|Electricity|Wind|Offshore","GW",1,0,,0,0,0,2.463043237145293,7.081994049866162,14.25320675788537,39.64017392777274,82.31300695591925,,255.4351856225716,,310.2746217441631,,802.0384156728453,,802.0384156728453
"MESSAGEix-GLOBIOM-GAINS 2.1-M-R12","Low-to-Negative - SSP2","Africa (R10)","Capacity|Electricity|Wind|Onshore","GW",1,3.443759999999995,,5.46705159999999,17.742,17.742,35.16356208908839,84.57604673812337,169.0521592892342,307.9667675498294,531.4005768294405,,1369.557105674107,,2581.179056039983,,3022.867660566802,,4229.637554357056
"MESSAGEix-GLOBIOM-GAINS 2.1-M-R12","Low-to-Negative - SSP2","China+ (R10)","Capacity|Electricity|Biomass","GW",1,17.59559803921568,,7.780474148235297,2.185409826850286,0.265705882352941,4.079463416723697,4.079463416723697,0,0,0,,0,,0,,0,,0
"MESSAGEix-GLOBIOM-GAINS 2.1-M-R12","Low-to-Negative - SSP2","China+ (R10)","Capacity|Electricity|Coal","GW",1,1016.415192884399,,1290.551123227147,1212.961953192852,1293.85946796584,823.1394690678825,455.4568166029674,166.210043884511,53.57294388451098,47.5695820894042,,0,,0,,0,,0
"MESSAGEix-GLOBIOM-GAINS 2.1-M-R12","Low-to-Negative - SSP2","China+ (R10)","Capacity|Electricity|Gas","GW",1,58.88121989592053,,102.2314632674439,217.6655791209855,247.3492565223706,253.4700298969298,264.1630241030581,315.9437104769927,376.7379477160372,297.5171452875402,,269.570802036486,,22.19251744892717,,0,,0
"MESSAGEix-GLOBIOM-GAINS 2.1-M-R12","Low-to-Negative - SSP2","China+ (R10)","Capacity|Electricity|Geothermal","GW",1,0.02604336810622,,0.027305635065168,0.022337441362757,0.016834603530952,0.171335469307733,0.385191895456228,0.6803912577747111,1.087873347897785,1.650346289800451,,3.362506003724472,,6.526387185409291,,12.37288856633335,,23.17657443008145
"MESSAGEix-GLOBIOM-GAINS 2.1-M-R12","Low-to-Negative - SSP2","China+ (R10)","Capacity|Electricity|Hydro","GW",1,375.4594046215433,,478.7472251327483,466.2147515722256,470.1389105926987,486.0714285714286,486.3169642857143,486.5625,486.5848214285714,486.607142857143,,486.6071428571429,,486.6071428571429,,486.6071428571429,,486.6071428571429
"MESSAGEix-GLOBIOM-GAINS 2.1-M-R12","Low-to-Negative - SSP2","China+ (R10)","Capacity|Electricity|Nuclear","GW",1,47.74499999999999,,54.794,77.1,78.23899999999999,118.7966316470458,172.2404391439788,180.4087723350335,175.9087723350335,172.2787723350336,,145.3322723350336,,116.6757723350336,,81.89095651151067,,34.86891497906554
"MESSAGEix-GLOBIOM-GAINS 2.1-M-R12","Low-to-Negative - SSP2","China+ (R10)","Capacity|Electricity|Oil","GW",1,0.294833333333333,,0.272833333333333,10.99556938461539,10.31856015384615,7.463739,4.150112711283763,0.37493,0,0,,0,,0,,0,,0
"MESSAGEix-GLOBIOM-GAINS 2.1-M-R12","Low-to-Negative - SSP2","China+ (R10)","Capacity|Electricity|Solar|CSP","GW",1,0.546,,0.5700000000000001,0.5700000000000001,0.5700000000000001,0.5700000000000001,0.5700000000000001,0.5700000000000001,0.5700000000000001,0.5700000000000001,,0.5700000000000001,,0.5700000000000001,,0.5700000000000001,,0.5700000000000001
"MESSAGEix-GLOBIOM-GAINS 2.1-M-R12","Low-to-Negative - SSP2","China+ (R10)","Capacity|Electricity|Solar|PV","GW",1,284.29403101875,,982.8490843572995,1837.691340411991,2297.72906060289,3859.348670999998,4572.622250637649,4914.011606862867,4961.673876037332,4970.7837807351,,4854.520305168816,,5503.18320069873,,5563.263334903654,,5417.021049197911
"MESSAGEix-GLOBIOM-GAINS 2.1-M-R12","Low-to-Negative - SSP2","China+ (R10)","Capacity|Electricity|Wind|Offshore","GW",1,9.089200000000002,,56.99273507000004,56.99273507000007,56.99273507000007,169.4057673499562,408.5254931034466,427.0528140303379,459.5507267806356,500.7479703322532,,290.0225334386886,,290.0225334386886,,290.0225334386886,,290.0225334386886
"MESSAGEix-GLOBIOM-GAINS 2.1-M-R12","Low-to-Negative - SSP2","China+ (R10)","Capacity|Electricity|Wind|Onshore","GW",1,273.5801199999995,,550.337080789999,832.69510842,834.1078951293902,1127.763193158676,1505.655072462728,2090.313792214033,2194.587742387489,2267.623913199184,,2981.938779947809,,3724.235711047156,,3631.474348022102,,3571.782874354344
"MESSAGEix-GLOBIOM-GAINS 2.1-M-R12","Low-to-Negative - SSP2","Europe (R10)","Capacity|Electricity|Biomass","GW",1,19.66899035361752,,4.148854271628888,0,0,0,0,0,0,0,,0,,0,,0,,0
"MESSAGEix-GLOBIOM-GAINS 2.1-M-R12","Low-to-Negative - SSP2","Europe (R10)","Capacity|Electricity|Coal","GW",1,131.6621192716455,,127.1733091177527,38.80585264673936,10.18970920112349,5.939410000000001,5.08141,0.6664500000000001,0,0,,0,,0,,0,,0
"MESSAGEix-GLOBIOM-GAINS 2.1-M-R12","Low-to-Negative - SSP2","Europe (R10)","Capacity|Electricity|Gas","GW",1,214.7796984297791,,178.9279438612305,209.1075907401937,93.11149221988757,138.034252315307,137.5817550008051,68.84840540233506,18.78734364331839,5.04516225521881,,0,,0,,0,,0
"MESSAGEix-GLOBIOM-GAINS 2.1-M-R12","Low-to-Negative - SSP2","Europe (R10)","Capacity|Electricity|Geothermal","GW",1,1.61717,,1.899974561105424,1.902239432375606,1.902239432375606,2.951182712299543,4.222417991270577,5.977153749118781,8.399324951000512,11.74279892136039,,22.01223867665134,,40.98902391694045,,76.05601750541899,,96.80968995795465
"MESSAGEix-GLOBIOM-GAINS 2.1-M-R12","Low-to-Negative - SSP2","Europe (R10)","Capacity|Electricity|Hydro","GW",1,207.1625370759525,,216.457285529931,216.4585902533723,222.184987942496,235.6414269835072,289.7327785109572,293.9922073491521,296.8396222180326,297.6465386445456,,298.828094840511,,299.663829710828,,300.2401985869087,,300.6436568001652
"MESSAGEix-GLOBIOM-GAINS 2.1-M-R12","Low-to-Negative - SSP2","Europe (R10)","Capacity|Electricity|Nuclear","GW",1,104.0473684210526,,108.8063684210526,112.2233684210526,112.7843684210526,96.93936842105262,54.52036842105263,30.54556999324673,24.92624347743232,16.5532019713962,,14.34883355034357,,14.02383355034357,,7.373833550343569,,2.222833550343568
"MESSAGEix-GLOBIOM-GAINS 2.1-M-R12","Low-to-Negative - SSP2","Europe (R10)","Capacity|Electricity|Oil","GW",1,37.75048569355911,,37.75048569355911,0,0,1.112396,1.112396,0.4499400000000001,0,0,,0,,0,,0,,0
"MESSAGEix-GLOBIOM-GAINS 2.1-M-R12","Low-to-Negative - SSP2","Europe (R10)","Capacity|Electricity|Solar|CSP","GW",1,2.31213,,2.322174,2.322174,2.322174,2.322174,2.322174,2.322174,2.322174,2.322174,,2.322174,,2.322174,,2.322174,,2.322174
"MESSAGEix-GLOBIOM-GAINS 2.1-M-R12","Low-to-Negative - SSP2","Europe (R10)","Capacity|Electricity|Solar|PV","GW",1,174.4364499999999,,348.1967539099994,931.0200000000001,931.0200000000001,951.0934167580209,1124.713424137974,1287.530825809747,1341.145437360814,1374.785587136177,,1536.552549457042,,1655.863795601334,,1756.428762408343,,1864.336068992814
"MESSAGEix-GLOBIOM-GAINS 2.1-M-R12","Low-to-Negative - SSP2","Europe (R10)","Capacity|Electricity|Wind|Offshore","GW",1,24.9399,,39.30720262999995,44.85824159883293,44.85824159883293,44.85824159883293,55.30104105942539,72.08577017685666,78.35829715649848,78.35829715649848,,146.350914629791,,163.5581766352724,,192.0577507903991,,197.339118797868
"MESSAGEix-GLOBIOM-GAINS 2.1-M-R12","Low-to-Negative - SSP2","Europe (R10)","Capacity|Electricity|Wind|Onshore","GW",1,190.2001000000001,,265.6607075899996,325,325,325,338.4601982047644,353.5513463707978,429.098059674605,480.2322142882889,,640.4081841028136,,798.9298710641145,,827.7676243431885,,868.5000420293348
"MESSAGEix-GLOBIOM-GAINS 2.1-M-R12","Low-to-Negative - SSP2","India+ (R10)","Capacity|Electricity|Biomass","GW",1,4.930473,,4.930473,0.385404168409849,0,0,0,0,0,0,,0,,0,,0,,0
"MESSAGEix-GLOBIOM-GAINS 2.1-M-R12","Low-to-Negative - SSP2","India+ (R10)","Capacity|Electricity|Coal","GW",1,239.0917185,,249.1559219492552,264.8278315548238,291.3587078335484,179.8545602934694,149.2402844613791,30.8367,0,0,,0,,0,,0,,0
"MESSAGEix-GLOBIOM-GAINS 2.1-M-R12","Low-to-Negative - SSP2","India+ (R10)","Capacity|Electricity|Gas","GW",1,57.12988824999999,,127.6360891991299,163.4036066626908,206.7145430036734,234.485257022845,329.8625479105992,458.8072172621086,493.5171406727342,518.7128881123288,,527.229645311849,,336.8740132387543,,98.32682550166635,,0
"MESSAGEix-GLOBIOM-GAINS 2.1-M-R12","Low-to-Negative - SSP2","India+ (R10)","Capacity|Electricity|Geothermal","GW",1,0,,0,0,0,0.07434343085714201,0.15642458571054,0.247048813088663,0.347105282841681,0.457575710331949,,0.714206823330324,,1.027038718072387,,1.408379052159349,,1.873230791530293
"MESSAGEix-GLOBIOM-GAINS 2.1-M-R12","Low-to-Negative - SSP2","India+ (R10)","Capacity|Electricity|Hydro","GW",1,61.50470124290995,,70.17186420513328,64.93934860447186,62.63280868883794,171.6101694915254,172.6694915254237,173.728813559322,174.7881355932204,175.8474576271186,,175.8474576271186,,175.8474576271186,,175.8474576271187,,175.8474576271187
"MESSAGEix-GLOBIOM-GAINS 2.1-M-R12","Low-to-Negative - SSP2","India+ (R10)","Capacity|Electricity|Nuclear","GW",1,7.483,,10.777,16.201,17.945,30.30624115563607,46.91576534812994,70.58452846000274,103.4585085756896,150.2139126307479,,264.4958851913725,,533.256359515413,,990.7020156558935,,1160.33732564669
"MESSAGEix-GLOBIOM-GAINS 2.1-M-R12","Low-to-Negative - SSP2","India+ (R10)","Capacity|Electricity|Oil","GW",1,24.78252330438446,,24.78252330438446,18.7325142,18.0582782,14.0301742,14.0301742,8.956825199999999,0,0,,0,,0,,0,,0
"MESSAGEix-GLOBIOM-GAINS 2.1-M-R12","Low-to-Negative - SSP2","India+ (R10)","Capacity|Electricity|Solar|CSP","GW",1,0.3285,,0.3425,0.3425,0.3425,0.3425,0.3425,0.3425,0.3425,0.3425,,0.3425,,0.3425,,0.3425,,0.3425
"MESSAGEix-GLOBIOM-GAINS 2.1-M-R12","Low-to-Negative - SSP2","India+ (R10)","Capacity|Electricity|Solar|PV","GW",1,52.8740834113499,,117.0767878646999,503.8171058849376,842.1637479019023,1201.837173134422,1562.352181799596,2496.27350764275,3706.588964359131,3981.808860975413,,4996.59958043937,,5990.533556594148,,6204.097865771623,,6319.885467363666
"MESSAGEix-GLOBIOM-GAINS 2.1-M-R12","Low-to-Negative - SSP2","India+ (R10)","Capacity|Electricity|Wind|Offshore","GW",1,0,,0,0,0,0,0,0,0,0,,0,,0,,0,,0
"MESSAGEix-GLOBIOM-GAINS 2.1-M-R12","Low-to-Negative - SSP2","India+ (R10)","Capacity|Electricity|Wind|Onshore","GW",1,39.97896999999995,,56.05794807999995,86,86.00000000000003,215.7092867355885,349.1229131232152,579.3158490687649,973.8642819051138,1629.075663041004,,2984.072712950046,,2984.219357440446,,2984.219357440446,,2984.280773240446
"MESSAGEix-GLOBIOM-GAINS 2.1-M-R12","Low-to-Negative - SSP2","Latin America (R10)","Capacity|Electricity|Biomass","GW",1,10.39858823529412,,5.522671981952105,0,0,0,0,0,0,0,,0,,0,,0,,0
"MESSAGEix-GLOBIOM-GAINS 2.1-M-R12","Low-to-Negative - SSP2","Latin America (R10)","Capacity|Electricity|Coal","GW",1,18.69986881995844,,2.073801300423008,2.697383367404873,0,0,0,0,0,0,,0,,0,,0,,0
"MESSAGEix-GLOBIOM-GAINS 2.1-M-R12","Low-to-Negative - SSP2","Latin America (R10)","Capacity|Electricity|Gas","GW",1,100.3917657349227,,78.66340608120817,88.19896700000001,91.71866894476378,90.63646894476378,84.39806805357014,83.22514061741292,61.85781178953683,61.85781178953683,,50.8976611925866,,17.24024997028542,,3.683090325054223,,2.385376322191356
"MESSAGEix-GLOBIOM-GAINS 2.1-M-R12","Low-to-Negative - SSP2","Latin America (R10)","Capacity|Electricity|Geothermal","GW",1,1.735269907727328,,1.724277830018537,1.321589754609918,1.013036191849543,1.459715721288172,2.089280077143967,2.958307020753467,4.157879108491318,5.813723273348828,,10.89954014349645,,20.29756543173152,,37.66407342314922,,46.06871992280227
"MESSAGEix-GLOBIOM-GAINS 2.1-M-R12","Low-to-Negative - SSP2","Latin America (R10)","Capacity|Electricity|Hydro","GW",1,197.5379286509483,,209.6477850184081,201.6744141373424,203.905558430028,209.3827985090977,213.458100963673,218.6593343480583,227.4129885218316,233.3731258529274,,233.3731258529274,,233.3731258529274,,234.8444472323316,,237.549732685208
"MESSAGEix-GLOBIOM-GAINS 2.1-M-R12","Low-to-Negative - SSP2","Latin America (R10)","Capacity|Electricity|Nuclear","GW",1,5.369489863081315,,5.369489863081315,6.369489863081315,4.400489863081314,2.350489863081314,2.350489863081314,2.058,1.365,1.365,,0.6950000000000001,,0,,0,,0
"MESSAGEix-GLOBIOM-GAINS 2.1-M-R12","Low-to-Negative - SSP2","Latin America (R10)","Capacity|Electricity|Oil","GW",1,18.059195,,0,2.974798665881175,26.062443,37.60409100494325,31.62535092332566,26.062443,0,0,,0,,0,,0,,0
"MESSAGEix-GLOBIOM-GAINS 2.1-M-R12","Low-to-Negative - SSP2","Latin America (R10)","Capacity|Electricity|Solar|CSP","GW",1,0,,0.12527,0.12527,0.12527,0.12527,0.12527,0.12527,0.12527,0.12527,,0.12527,,0.12527,,0.12527,,0.12527
"MESSAGEix-GLOBIOM-GAINS 2.1-M-R12","Low-to-Negative - SSP2","Latin America (R10)","Capacity|Electricity|Solar|PV","GW",1,24.684652,,107.50371476,300.2932239442527,460.1314430001087,616.069537947082,870.2912045012408,1135.402697834687,1451.255381361648,1797.43575746673,,2418.771730033195,,3361.749457262478,,3369.469151330253,,3443.165502867874
"MESSAGEix-GLOBIOM-GAINS 2.1-M-R12","Low-to-Negative - SSP2","Latin America (R10)","Capacity|Electricity|Wind|Offshore","GW",1,0,,0,0,0,0,0,0,0,0,,0,,0,,0,,0
"MESSAGEix-GLOBIOM-GAINS 2.1-M-R12","Low-to-Negative - SSP2","Latin America (R10)","Capacity|Electricity|Wind|Onshore","GW",1,33.07356999999995,,68.72819046999994,80,80,189.169711822891,306.7182904430828,478.1684921887162,715.5852648251655,1002.141692715373,,1667.64080784141,,2083.417609299648,,2049.231963385346,,2036.156637691911
"MESSAGEix-GLOBIOM-GAINS 2.1-M-R12","Low-to-Negative - SSP2","Middle East (R10)","Capacity|Electricity|Biomass","GW",1,0.00038,,0,0,0,0,0,0,0,0,,0,,0,,0,,0
"MESSAGEix-GLOBIOM-GAINS 2.1-M-R12","Low-to-Negative - SSP2","Middle East (R10)","Capacity|Electricity|Coal","GW",1,9.439,,9.439,7.489000000000001,4.266,2.956,1.556,0,0,0,,0,,0,,0,,0
"MESSAGEix-GLOBIOM-GAINS 2.1-M-R12","Low-to-Negative - SSP2","Middle East (R10)","Capacity|Electricity|Gas","GW",1,328.5266204153608,,288.6443809515905,285.7497909515905,320.2354255145787,353.5463968357743,344.7930506817144,280.4304056322114,201.912577293712,201.912577293712,,123.7794823977316,,0,,0,,0
"MESSAGEix-GLOBIOM-GAINS 2.1-M-R12","Low-to-Negative - SSP2","Middle East (R10)","Capacity|Electricity|Geothermal","GW",1,0,,0,0,0,0.07434343085714201,0.176964304949362,0.318618297481501,0.514152137724014,0.784059692015575,,1.605279902601707,,3.122803734731776,,5.927019402340704,,11.10889881930223
"MESSAGEix-GLOBIOM-GAINS 2.1-M-R12","Low-to-Negative - SSP2","Middle East (R10)","Capacity|Electricity|Hydro","GW",1,20.07953120323608,,23.4961538750416,17.9398707561181,16.77230532497451,17.86732266478438,64.84906156301628,66.51572822968294,66.51572822968294,66.51572822968294,,66.51572822968292,,66.51572822968294,,66.51572822968294,,66.51572822968294
"MESSAGEix-GLOBIOM-GAINS 2.1-M-R12","Low-to-Negative - SSP2","Middle East (R10)","Capacity|Electricity|Nuclear","GW",1,2.252,,6.236,6.236,11.61,11.61,11.61,12.2183264512,11.3033264512,9.9663264512,,5.982326451200001,,0.6083264512000001,,0.3041632256,,0
"MESSAGEix-GLOBIOM-GAINS 2.1-M-R12","Low-to-Negative - SSP2","Middle East (R10)","Capacity|Electricity|Oil","GW",1,109.6202029230769,,109.6047029230769,125.9767941272677,138.3857089230769,85.60245292307694,72.90633192307692,53.93492292307693,0,0,,0,,0,,0,,0
"MESSAGEix-GLOBIOM-GAINS 2.1-M-R12","Low-to-Negative - SSP2","Middle East (R10)","Capacity|Electricity|Solar|CSP","GW",1,1.02711,,1.236594325946717,1.236594325946717,1.236594325946717,1.236594325946717,1.236594325946717,1.236594325946717,1.236594325946717,1.236594325946717,,1.236594325946717,,1.236594325946717,,1.236594325946717,,1.236594325946717
"MESSAGEix-GLOBIOM-GAINS 2.1-M-R12","Low-to-Negative - SSP2","Middle East (R10)","Capacity|Electricity|Solar|PV","GW",1,10.95094799249994,,32.1075880523999,225.9,286.3220395995636,624.4254764529921,727.8386830534953,1031.827058400829,1570.732727471992,2070.790520414201,,3062.022914281825,,4087.264371935128,,4949.107969919818,,5679.16804073356
"MESSAGEix-GLOBIOM-GAINS 2.1-M-R12","Low-to-Negative - SSP2","Middle East (R10)","Capacity|Electricity|Wind|Offshore","GW",1,0,,0,0,0,11.32591402785938,40.23602453229344,96.44671006901231,195.0432616921522,320.8802226548451,,417.3294359070095,,567.8887557492736,,567.8887557492736,,417.3294359070095
"MESSAGEix-GLOBIOM-GAINS 2.1-M-R12","Low-to-Negative - SSP2","Middle East (R10)","Capacity|Electricity|Wind|Onshore","GW",1,4.003619999999994,,7.614001049999995,11.2,11.2,49.0377780571441,127.6850247758936,276.6808101065138,534.3640902877821,713.0102508039591,,1285.664873736499,,2134.161873943139,,3215.99605144683,,4201.223340584015
"MESSAGEix-GLOBIOM-GAINS 2.1-M-R12","Low-to-Negative - SSP2","North America (R10)","Capacity|Electricity|Biomass","GW",1,10.84316666666667,,10.82083813608571,13.22316014086922,13.42710594997716,0,0,0,0,0,,0,,0,,0,,0
"MESSAGEix-GLOBIOM-GAINS 2.1-M-R12","Low-to-Negative - SSP2","North America (R10)","Capacity|Electricity|Coal","GW",1,249.042128,,249.042128,186.7541212494839,141.504888,32.78195238456915,0.023050428436963,0,0,0,,0,,0,,0,,0
"MESSAGEix-GLOBIOM-GAINS 2.1-M-R12","Low-to-Negative - SSP2","North America (R10)","Capacity|Electricity|Gas","GW",1,518.6868260042355,,518.9599245086596,504.0096189385254,639.431417750043,631.0437877500431,587.0308205925734,358.6717244580051,161.0715561608147,73.74186720823057,,0,,0,,0,,0
"MESSAGEix-GLOBIOM-GAINS 2.1-M-R12","Low-to-Negative - SSP2","North America (R10)","Capacity|Electricity|Geothermal","GW",1,3.0796,,3.241035861132952,3.241035861132952,3.652708907616816,5.116405339788555,7.136836809567784,9.925764372926972,13.7754950220514,19.08951832818459,,35.43173641251997,,65.63034221052587,,121.4340150924524,,180.8698045145324
"MESSAGEix-GLOBIOM-GAINS 2.1-M-R12","Low-to-Negative - SSP2","North America (R10)","Capacity|Electricity|Hydro","GW",1,153.0939603039292,,160.2334524641383,166.536539581002,174.3082476750058,200.6312119168371,203.9451654052092,207.2591188935813,210.0730723819534,211.7858747550418,,217.73973904862,,221.6234599788526,,224.8095064904805,,227.4374134672247
"MESSAGEix-GLOBIOM-GAINS 2.1-M-R12","Low-to-Negative - SSP2","North America (R10)","Capacity|Electricity|Nuclear","GW",1,112.9162438857682,,115.1502438857682,111.7512438857682,87.84224388576821,70.80324388576821,40.60724388576821,12.0432438857682,9.092243885768198,7.935243885768198,,3.604185062238806,,2.919092531119403,,0,,0
"MESSAGEix-GLOBIOM-GAINS 2.1-M-R12","Low-to-Negative - SSP2","North America (R10)","Capacity|Electricity|Oil","GW",1,61.342633,,61.342633,57.824987,26.431433,14.281679,0,0,0,0,,0,,0,,0,,0
"MESSAGEix-GLOBIOM-GAINS 2.1-M-R12","Low-to-Negative - SSP2","North America (R10)","Capacity|Electricity|Solar|CSP","GW",1,1.7579,,1.74748,1.7579,1.747314882352941,1.747314882352941,1.747314882352941,1.747314882352941,1.747314882352941,1.747314882352941,,1.747314882352941,,1.747314882352941,,1.747314882352941,,1.747314882352941
"MESSAGEix-GLOBIOM-GAINS 2.1-M-R12","Low-to-Negative - SSP2","North America (R10)","Capacity|Electricity|Solar|PV","GW",1,98.88475899999996,,227.8469516999999,293.14388107,410.1876650572805,683.5622528577261,947.2160371776096,1306.936925822131,1512.561483919405,1521.613038617272,,1934.886414009155,,2591.106876382275,,2701.158965266527,,2668.852371846651
"MESSAGEix-GLOBIOM-GAINS 2.1-M-R12","Low-to-Negative - SSP2","North America (R10)","Capacity|Electricity|Wind|Offshore","GW",1,0.0293,,0.0413,0.0413,0.0413,0.0413,0.0413,0.0413,0.0413,0.0413,,0.0413,,0.0413,,0.0413,,0.0413
"MESSAGEix-GLOBIOM-GAINS 2.1-M-R12","Low-to-Negative - SSP2","North America (R10)","Capacity|Electricity|Wind|Onshore","GW",1,132.26562,,182.90245927,250,249.9999999999999,304.0230374334635,472.3415311111987,746.6030338795758,1034.187013284817,1058.972469628889,,1211.447173187426,,2143.559465768604,,2227.913237915541,,2139.324278126053
"MESSAGEix-GLOBIOM-GAINS 2.1-M-R12","Low-to-Negative - SSP2","Pacific OECD (R10)","Capacity|Electricity|Biomass","GW",1,3.898757062146893,,2.319571298922761,0.8314811376555,0,0,0,0,0,0,,0,,0,,0,,0
"MESSAGEix-GLOBIOM-GAINS 2.1-M-R12","Low-to-Negative - SSP2","Pacific OECD (R10)","Capacity|Electricity|Coal","GW",1,70.3602457553167,,70.3602457553167,52.96410914088439,0,5.332680000000001,5.332680000000001,0.7867500000000001,0,0,,0,,0,,0,,0
"MESSAGEix-GLOBIOM-GAINS 2.1-M-R12","Low-to-Negative - SSP2","Pacific OECD (R10)","Capacity|Electricity|Gas","GW",1,110.1838078130264,,84.56700816567849,69.258933,71.32369078571996,68.31434510880638,57.16619826137011,25.71158826137011,11.64061115256374,6.39020536909711,,6.39020536909711,,0,,0,,0
"MESSAGEix-GLOBIOM-GAINS 2.1-M-R12","Low-to-Negative - SSP2","Pacific OECD (R10)","Capacity|Electricity|Geothermal","GW",1,1.5301,,1.828163479082504,1.828163479082504,1.828163479082504,2.72675167904295,3.838248829217317,5.372517664900814,7.49036462454467,10.41376086394922,,19.39989922190729,,36.00528586635751,,66.69019796405442,,123.3925109305563
"MESSAGEix-GLOBIOM-GAINS 2.1-M-R12","Low-to-Negative - SSP2","Pacific OECD (R10)","Capacity|Electricity|Hydro","GW",1,39.49249770017558,,41.42462981460719,42.0365625,43.4626817447496,44.98896321070234,63.04347826086957,63.71237458193981,64.18060200668896,64.18060200668896,,64.18060200668896,,64.18060200668896,,64.18060200668897,,64.18060200668896
"MESSAGEix-GLOBIOM-GAINS 2.1-M-R12","Low-to-Negative - SSP2","Pacific OECD (R10)","Capacity|Electricity|Nuclear","GW",1,31.679,,31.679,34.332,32.772,30.932,26.513,20.326,11.572,7.815000000000001,,3.086,,2.653,,1.3265,,0
"MESSAGEix-GLOBIOM-GAINS 2.1-M-R12","Low-to-Negative - SSP2","Pacific OECD (R10)","Capacity|Electricity|Oil","GW",1,8.204341666666668,,8.204341666666668,2.330711724957713,4.524945000000001,8.690205488262448,4.524945000000001,1.508703,0,0,,0,,0,,0,,0
"MESSAGEix-GLOBIOM-GAINS 2.1-M-R12","Low-to-Negative - SSP2","Pacific OECD (R10)","Capacity|Electricity|Solar|CSP","GW",1,0.003,,0.003,0.003,0.003,0.003,0.003,0.003,0.003,0.003,,0.003,,0.003,,0.003,,0.003
"MESSAGEix-GLOBIOM-GAINS 2.1-M-R12","Low-to-Negative - SSP2","Pacific OECD (R10)","Capacity|Electricity|Solar|PV","GW",1,93.92997399999996,,147.2843810499999,165.2483118499999,221.2331651772293,241.2738537146686,291.407374820264,313.3955604156238,308.3874765140961,291.5375381054524,,377.4001987357818,,533.287514562331,,532.5295210743824,,508.1147851190635
"MESSAGEix-GLOBIOM-GAINS 2.1-M-R12","Low-to-Negative - SSP2","Pacific OECD (R10)","Capacity|Electricity|Wind|Offshore","GW",1,0.066,,0.19,0.19,0.19,0.19,0.19,0.19,0.19,0.19,,0.19,,0.19,,0.19,,0.19
"MESSAGEix-GLOBIOM-GAINS 2.1-M-R12","Low-to-Negative - SSP2","Pacific OECD (R10)","Capacity|Electricity|Wind|Onshore","GW",1,14.95799999999999,,24.86854156,45,45,45.00000000000001,45.00000000000002,48.49196117752111,69.4186753643243,49.28721692432429,,128.5457859881109,,224.0857945362319,,224.0857945362318,,224.0857945362319
"MESSAGEix-GLOBIOM-GAINS 2.1-M-R12","Low-to-Negative - SSP2","Reforming Economies (R10)","Capacity|Electricity|Biomass","GW",1,0.1448875,,0.1448875,0,0,0,0,0,0,0,,0,,0,,0,,0
"MESSAGEix-GLOBIOM-GAINS 2.1-M-R12","Low-to-Negative - SSP2","Reforming Economies (R10)","Capacity|Electricity|Coal","GW",1,71.88830946112427,,71.88830946112427,50.67591457108757,19.81080932709886,11.2384,7.697811285915426,1.079424236388864,0,0,,0,,0,,0,,0
"MESSAGEix-GLOBIOM-GAINS 2.1-M-R12","Low-to-Negative - SSP2","Reforming Economies (R10)","Capacity|Electricity|Gas","GW",1,163.3161130289362,,65.65510033089956,65.05510033089956,76.12743238857706,71.95418949738345,55.10291370357055,44.23540231666166,22.63750198576211,20.49518716442429,,3.124087230799175,,0,,0,,0
"MESSAGEix-GLOBIOM-GAINS 2.1-M-R12","Low-to-Negative - SSP2","Reforming Economies (R10)","Capacity|Electricity|Geothermal","GW",1,1.704028049575995,,4.057033224398767,4.057033224398767,4.057033224398767,5.674519410211722,7.907236468147566,10.98919506817863,15.24341473230697,21.11577945209063,,39.17604214928627,,72.54940376926265,,134.2196731607846,,248.1794884808689
"MESSAGEix-GLOBIOM-GAINS 2.1-M-R12","Low-to-Negative - SSP2","Reforming Economies (R10)","Capacity|Electricity|Hydro","GW",1,71.62413617170489,,72.16587777771306,70.42018651816431,70.5485738860207,71.4510244439445,75.46851072105768,97.33658562505263,118.1420670634268,149.3745217541071,,236.6265994918498,,346.8308461028044,,357.7589609704611,,370.1604171860179
"MESSAGEix-GLOBIOM-GAINS 2.1-M-R12","Low-to-Negative - SSP2","Reforming Economies (R10)","Capacity|Electricity|Nuclear","GW",1,41.435,,43.745,44.945,45.166,52.13857636532268,54.87861326653329,64.04483206635668,86.50815950845241,90.98402719693547,,86.67002719693548,,80.19702719693548,,74.00902719693548,,66.85123901427414
"MESSAGEix-GLOBIOM-GAINS 2.1-M-R12","Low-to-Negative - SSP2","Reforming Economies (R10)","Capacity|Electricity|Oil","GW",1,2.294133846153846,,2.294133846153846,6.456747947969972,6.98046877997947,3.683613846153846,1.258767692307692,0.56711,0,0,,0,,0,,0,,0
"MESSAGEix-GLOBIOM-GAINS 2.1-M-R12","Low-to-Negative - SSP2","Reforming Economies (R10)","Capacity|Electricity|Solar|CSP","GW",1,0,,0,0,0,0,0,0,0,0,,0,,0,,0,,0
"MESSAGEix-GLOBIOM-GAINS 2.1-M-R12","Low-to-Negative - SSP2","Reforming Economies (R10)","Capacity|Electricity|Solar|PV","GW",1,11.551139,,14.69517620999998,16.70513715,68.3884347884039,192.9376333624588,292.6287979821408,429.1811409635992,487.3038972078003,543.2601372401764,,909.6208618259983,,1295.484645932409,,1471.525143592734,,1864.91998930888
"MESSAGEix-GLOBIOM-GAINS 2.1-M-R12","Low-to-Negative - SSP2","Reforming Economies (R10)","Capacity|Electricity|Wind|Offshore","GW",1,0,,0,0,0,0,0,0,0,0,,0,,0,,0,,0
"MESSAGEix-GLOBIOM-GAINS 2.1-M-R12","Low-to-Negative - SSP2","Reforming Economies (R10)","Capacity|Electricity|Wind|Onshore","GW",1,3.077279999999995,,7.65204334999999,10.8,10.8,41.24964677664661,86.99151906156443,125.758196144027,151.6777601628925,177.337516027373,,330.0500426755861,,559.9956904340311,,633.8659098087992,,826.8292101014706
"MESSAGEix-GLOBIOM-GAINS 2.1-M-R12","Low-to-Negative - SSP2","Rest of Asia (R10)","Capacity|Electricity|Biomass","GW",1,6.273094170403588,,5.113370866032368,1.22195184140442,0,0,0,0,0,0,,0,,0,,0,,0
"MESSAGEix-GLOBIOM-GAINS 2.1-M-R12","Low-to-Negative - SSP2","Rest of Asia (R10)","Capacity|Electricity|Coal","GW",1,122.006779,,122.006779,110.511779,87.82318635100961,37.04486679844272,14.71210311732419,0,0,0,,0,,0,,0,,0
"MESSAGEix-GLOBIOM-GAINS 2.1-M-R12","Low-to-Negative - SSP2","Rest of Asia (R10)","Capacity|Electricity|Gas","GW",1,150.8008014372783,,193.6503441760007,231.8152192777974,234.7133190039154,190.1949830039154,159.4000600039154,137.9104350039154,124.9655014478141,94.441729089585,,55.49016736346709,,52.79418300217053,,4.757526371783802,,0
"MESSAGEix-GLOBIOM-GAINS 2.1-M-R12","Low-to-Negative - SSP2","Rest of Asia (R10)","Capacity|Electricity|Geothermal","GW",1,4.108487925049457,,4.763584209632405,3.729667657782741,2.920568939008377,2.287321978600859,1.769886144966127,1.369504160520151,1.059696213237433,1.244333677116326,,1.6732603947269,,2.196119670080857,,2.833482209179832,,3.610423587855173
"MESSAGEix-GLOBIOM-GAINS 2.1-M-R12","Low-to-Negative - SSP2","Rest of Asia (R10)","Capacity|Electricity|Hydro","GW",1,24.02399432742623,,26.96527671111154,25.86843767365277,90.34871088549174,165.4888888888889,171.6333333333333,177.7777777777778,180.7888888888889,183.8,,186.6,,187.8666666666667,,188.4222222222222,,188.6666666666667
"MESSAGEix-GLOBIOM-GAINS 2.1-M-R12","Low-to-Negative - SSP2","Rest of Asia (R10)","Capacity|Electricity|Nuclear","GW",1,24.945,,27.699,25.842,19.97,16.23,12.25,11.254,8.267999999999999,5.433999999999999,,3.333142431376029,,12.05403725510677,,12.05403725510677,,12.05403725510677
"MESSAGEix-GLOBIOM-GAINS 2.1-M-R12","Low-to-Negative - SSP2","Rest of Asia (R10)","Capacity|Electricity|Oil","GW",1,44.76861257310274,,44.76861257310274,43.18634192307692,33.104629,22.697095,13.06583,0,0,0,,0,,0,,0,,0
"MESSAGEix-GLOBIOM-GAINS 2.1-M-R12","Low-to-Negative - SSP2","Rest of Asia (R10)","Capacity|Electricity|Solar|CSP","GW",1,0,,0.005,0.005,0.005,0.005,0.005,0.005,0.005,0.005,,0.005,,0.005,,0.005,,0.005
"MESSAGEix-GLOBIOM-GAINS 2.1-M-R12","Low-to-Negative - SSP2","Rest of Asia (R10)","Capacity|Electricity|Solar|PV","GW",1,24.04987,,45.75635057964995,201.9383345,307.3255532407887,657.9878029118306,1029.995000109116,1317.807454861277,1604.136347976758,1791.800143206376,,1947.284305565573,,2697.173816765327,,2886.397548253714,,2891.133030335614
"MESSAGEix-GLOBIOM-GAINS 2.1-M-R12","Low-to-Negative - SSP2","Rest of Asia (R10)","Capacity|Electricity|Wind|Offshore","GW",1,0.264,,6.192845349999951,6.192845349999951,6.192845349999951,38.77297969824618,55.53874407440318,116.0894822008274,145.3169886125812,145.3169886125812,,160.5316378740794,,451.7493902893391,,529.8350591810078,,521.222704079151
"MESSAGEix-GLOBIOM-GAINS 2.1-M-R12","Low-to-Negative - SSP2","Rest of Asia (R10)","Capacity|Electricity|Wind|Onshore","GW",1,4.510149999999999,,7.357738429999999,11.3,33.8588518665163,95.94844945371995,214.9456392710366,399.1538967538155,659.1633263744545,863.284713963993,,1091.440590151462,,1189.847680147766,,1189.847680147766,,1189.847680147766
"MESSAGEix-GLOBIOM-GAINS 2.1-M-R12","Low-to-Negative - SSP2","World","Capacity|Electricity|Biomass","GW",1,74.77170602734448,,41.79891220285713,18.96072811518928,14.7105828323301,4.079463416723697,4.079463416723697,0,0,0,,0,,0,,0,,0
"MESSAGEix-GLOBIOM-GAINS 2.1-M-R12","Low-to-Negative - SSP2","World","Capacity|Electricity|Coal","GW",1,1970.117891692444,,2223.57915259181,1955.632644723275,1889.528868678621,1104.827034112901,645.6398514645605,202.0990681208999,53.57294388451098,47.5695820894042,,0,,0,,0,,0
"MESSAGEix-GLOBIOM-GAINS 2.1-M-R12","Low-to-Negative - SSP2","World","Capacity|Electricity|Gas","GW",1,1721.395445729928,,1660.528084657009,1865.953274552512,2035.7629486147,2084.968807089922,2127.997910022335,1907.843413561999,1671.787312430366,1547.327140558424,,1280.974625235666,,596.5373405440433,,146.2068902417894,,2.385376322191356
"MESSAGEix-GLOBIOM-GAINS 2.1-M-R12","Low-to-Negative - SSP2","World","Capacity|Electricity|Geothermal","GW",1,14.69414021588627,,18.84172165098881,17.32276114803031,16.61127907514762,21.95800774331911,29.32693122904992,39.72844302332114,54.23629821527383,74.77215030006468,,137.4301703237101,,252.3468839472084,,463.6417001136586,,741.3845655269068
"MESSAGEix-GLOBIOM-GAINS 2.1-M-R12","Low-to-Negative - SSP2","World","Capacity|Electricity|Hydro","GW",1,1177.641460534615,,1334.634620005088,1302.240219307305,1385.352885795536,1705.982548331791,1855.956198220329,1912.373754015642,1961.355239983372,2014.36030537833,,2123.887803605617,,2247.638172683787,,2268.715579874112,,2289.538131176991
"MESSAGEix-GLOBIOM-GAINS 2.1-M-R12","Low-to-Negative - SSP2","World","Capacity|Electricity|Nuclear","GW",1,379.7261021699021,,406.1101021699021,435.0001021699021,410.7291021699021,430.1065513379067,421.8859199285442,403.4832731916079,432.4022542335762,462.5454844710814,,527.5476722184999,,762.3874488351519,,1167.66053339539,,1276.33435044548
"MESSAGEix-GLOBIOM-GAINS 2.1-M-R12","Low-to-Negative - SSP2","World","Capacity|Electricity|Oil","GW",1,312.2811142032213,,292.8502783402771,283.9133299737689,281.7092630569026,211.4496114624365,156.824344449994,103.5932711230769,0,0,,0,,0,,0,,0
"MESSAGEix-GLOBIOM-GAINS 2.1-M-R12","Low-to-Negative - SSP2","World","Capacity|Electricity|Solar|CSP","GW",1,6.474639999999999,,6.852018325946716,6.862438325946716,6.851853208299658,6.851853208299658,6.851853208299658,6.851853208299658,6.851853208299658,6.851853208299658,,6.851853208299658,,6.851853208299658,,6.851853208299658,,6.851853208299658
"MESSAGEix-GLOBIOM-GAINS 2.1-M-R12","Low-to-Negative - SSP2","World","Capacity|Electricity|Solar|PV","GW",1,780.7984194125997,,2040.310720054048,4547.087334811181,5927.102107959237,9220.120462639588,11717.95992421902,14731.14139996586,17707.93677506035,19488.25123077429,,24487.6634356864,,32192.22973447111,,35541.63029530563,,38380.70098862883
"MESSAGEix-GLOBIOM-GAINS 2.1-M-R12","Low-to-Negative - SSP2","World","Capacity|Electricity|Wind|Offshore","GW",1,34.3884,,102.7240830499999,108.2751220188329,108.2751220188329,267.0572459120401,566.9145968194348,726.1592832349197,918.1407481696402,1127.847785712097,,1269.90100747214,,1783.724777856737,,2382.073814832214,,2228.183507895562
"MESSAGEix-GLOBIOM-GAINS 2.1-M-R12","Low-to-Negative - SSP2","World","Capacity|Electricity|Wind|Onshore","GW",1,699.0911899999994,,1176.645762189999,1669.73710842,1693.708746995906,2428.064665527218,3531.496235191607,5267.089537192999,7069.912981816472,8772.36622742183,,13690.76605625527,,18423.63210972112,,20007.26962761305,,22271.66818516863
"MESSAGEix-GLOBIOM-GAINS 2.1-M-R12","Medium-to-Low - SSP2","Africa (R10)","Capacity|Electricity|Biomass","GW",1,1.017771,,1.017771,1.113321,1.017771,0,0,0,0,0,,0,,0,,0,,0
"MESSAGEix-GLOBIOM-GAINS 2.1-M-R12","Medium-to-Low - SSP2","Africa (R10)","Capacity|Electricity|Coal","GW",1,41.51253000000001,,31.88853478079036,27.9447,40.7161,27.9447,12.7457,2.5197,0,0,,0,,0,,0,,0
"MESSAGEix-GLOBIOM-GAINS 2.1-M-R12","Medium-to-Low - SSP2","Africa (R10)","Capacity|Electricity|Gas","GW",1,18.69870472046891,,21.59242411516803,31.68886852982919,55.03770248117045,98.45767169442212,188.6206953888434,212.0042544007317,349.2457494259252,495.0945376437542,,576.132221678783,,515.769234481681,,276.7406302355116,,71.44837578006548
"MESSAGEix-GLOBIOM-GAINS 2.1-M-R12","Medium-to-Low - SSP2","Africa (R10)","Capacity|Electricity|Geothermal","GW",1,0.893440965427266,,1.300346850553046,1.220694297285061,1.220694297285061,0.9445499777541381,0.7308747673022,0.5655369626381911,0.437601721141082,0.437601721141082,,0.437601721141082,,0.689858641961621,,0.9973584208469181,,1.372198935457717
"MESSAGEix-GLOBIOM-GAINS 2.1-M-R12","Medium-to-Low - SSP2","Africa (R10)","Capacity|Electricity|Hydro","GW",1,27.66276923678868,,35.32506947625536,30.15151771095597,31.05010062523302,32.36000671317475,32.36000671317474,113.9865078044417,121.9522957284955,125.5109028120022,,157.5693136510749,,165.1293136510749,,169.4893136510749,,171.9293136510749
"MESSAGEix-GLOBIOM-GAINS 2.1-M-R12","Medium-to-Low - SSP2","Africa (R10)","Capacity|Electricity|Nuclear","GW",1,1.854,,1.854,0,0,0,0,0,0,0,,0,,0,,0,,0
"MESSAGEix-GLOBIOM-GAINS 2.1-M-R12","Medium-to-Low - SSP2","Africa (R10)","Capacity|Electricity|Oil","GW",1,5.164152862944163,,3.830012,15.434865,17.842797,16.284165,14.150436,11.738397,0,0,,0,,0,,0,,0
"MESSAGEix-GLOBIOM-GAINS 2.1-M-R12","Medium-to-Low - SSP2","Africa (R10)","Capacity|Electricity|Solar|CSP","GW",1,0.5,,0.5,0.5,0.5,0.5,0.5,0.5,0.5,0.5,,0.5,,0.5,,0.5,,0.5
"MESSAGEix-GLOBIOM-GAINS 2.1-M-R12","Medium-to-Low - SSP2","Africa (R10)","Capacity|Electricity|Solar|PV","GW",1,5.14251299,,16.99393156999995,71.33,102.6009985910697,174.4937457662685,255.4669267277996,331.1250412029113,475.4188653045148,615.6357044344883,,1254.717036950802,,2419.082478963262,,3997.709092814456,,5287.246670197178
"MESSAGEix-GLOBIOM-GAINS 2.1-M-R12","Medium-to-Low - SSP2","Africa (R10)","Capacity|Electricity|Wind|Offshore","GW",1,0,,0,0,0,0,0,0,0,0,,4.487037939459125,,18.44694466755341,,68.4124167264266,,171.0931365497434
"MESSAGEix-GLOBIOM-GAINS 2.1-M-R12","Medium-to-Low - SSP2","Africa (R10)","Capacity|Electricity|Wind|Onshore","GW",1,3.443759999999995,,5.46705159999999,17.742,17.742,17.742,17.742,26.11724963793385,41.0930751464954,62.21548155909976,,318.4629756839651,,644.4596565465633,,2119.321916555992,,3298.360938707235
"MESSAGEix-GLOBIOM-GAINS 2.1-M-R12","Medium-to-Low - SSP2","China+ (R10)","Capacity|Electricity|Biomass","GW",1,17.59559803921568,,7.780474148235297,2.185409826850286,0.265705882352941,0,0,0,0,0,,0,,0,,0,,0
"MESSAGEix-GLOBIOM-GAINS 2.1-M-R12","Medium-to-Low - SSP2","China+ (R10)","Capacity|Electricity|Coal","GW",1,1016.415192884399,,1290.551123227147,1212.961953192852,1293.85946796584,1277.356096968216,921.6573032539188,612.3142520361866,225.541221693438,187.8541186924212,,5.092921120863819,,0,,0,,0
"MESSAGEix-GLOBIOM-GAINS 2.1-M-R12","Medium-to-Low - SSP2","China+ (R10)","Capacity|Electricity|Gas","GW",1,58.88121989592053,,102.2314632674439,217.6655791209855,247.3492565223706,435.1635809345331,741.1006055837184,1052.11253435451,1220.977804666165,1222.46561675724,,1250.231045536567,,647.9882599755058,,214.8298693022966,,0
"MESSAGEix-GLOBIOM-GAINS 2.1-M-R12","Medium-to-Low - SSP2","China+ (R10)","Capacity|Electricity|Geothermal","GW",1,0.02604336810622,,0.027305635065168,0.022337441362757,0.016834603530952,0.012695985671733,0.166211922531013,0.357579825067917,0.599059366018105,0.9756058653857801,,2.115660564034177,,4.222355154387728,,8.1152930127963,,13.04465289812668
"MESSAGEix-GLOBIOM-GAINS 2.1-M-R12","Medium-to-Low - SSP2","China+ (R10)","Capacity|Electricity|Hydro","GW",1,375.4594046215433,,478.7472251327483,466.2147515722256,470.1389105926987,475.5834830629136,486.3169642857143,486.5625,486.5848214285714,486.607142857143,,486.6071428571429,,486.6071428571427,,486.6071428571429,,486.6071428571429
"MESSAGEix-GLOBIOM-GAINS 2.1-M-R12","Medium-to-Low - SSP2","China+ (R10)","Capacity|Electricity|Nuclear","GW",1,47.74499999999999,,54.794,77.1,78.23899999999999,78.23899999999999,78.23899999999999,78.23899999999999,73.73899999999999,70.109,,43.16249999999999,,18.76187030290675,,5.507553530360655,,25.37000713270449
"MESSAGEix-GLOBIOM-GAINS 2.1-M-R12","Medium-to-Low - SSP2","China+ (R10)","Capacity|Electricity|Oil","GW",1,0.294833333333333,,0.272833333333333,10.99556938461539,10.31856015384615,7.463739,4.815196,1.111181,0,0,,0,,0,,0,,0
"MESSAGEix-GLOBIOM-GAINS 2.1-M-R12","Medium-to-Low - SSP2","China+ (R10)","Capacity|Electricity|Solar|CSP","GW",1,0.546,,0.5700000000000001,0.5700000000000001,0.5700000000000001,0.5700000000000001,0.5700000000000001,0.5700000000000001,0.5700000000000001,0.5700000000000001,,0.5700000000000001,,0.5700000000000001,,0.5700000000000001,,0.5700000000000001
"MESSAGEix-GLOBIOM-GAINS 2.1-M-R12","Medium-to-Low - SSP2","China+ (R10)","Capacity|Electricity|Solar|PV","GW",1,284.29403101875,,982.8490843572995,1837.691340411991,2297.72906060289,2899.963598592184,3496.92755483389,3742.684502964407,3735.931487220174,3855.902208212901,,3850.013450922528,,4048.247022396641,,4349.129475429729,,4335.269556400346
"MESSAGEix-GLOBIOM-GAINS 2.1-M-R12","Medium-to-Low - SSP2","China+ (R10)","Capacity|Electricity|Wind|Offshore","GW",1,9.089200000000002,,56.99273507000004,56.99273507000007,56.99273507000007,56.99273507000003,56.99273507000004,60.49105684688259,162.7347013041907,164.8829001378471,,176.5577122708748,,207.3864478734307,,290.0225334386886,,290.0225334386886
"MESSAGEix-GLOBIOM-GAINS 2.1-M-R12","Medium-to-Low - SSP2","China+ (R10)","Capacity|Electricity|Wind|Onshore","GW",1,273.5801199999995,,550.337080789999,832.69510842,834.1078951293902,835.522513532139,888.9677144742726,1007.369658115534,1032.881769451314,1042.129002406204,,1053.208914185573,,1371.210684914087,,2167.744254539338,,2402.598391755373
"MESSAGEix-GLOBIOM-GAINS 2.1-M-R12","Medium-to-Low - SSP2","Europe (R10)","Capacity|Electricity|Biomass","GW",1,19.66899035361752,,4.148854271628888,0,0,0,0,0,0,0,,0,,0,,0,,0
"MESSAGEix-GLOBIOM-GAINS 2.1-M-R12","Medium-to-Low - SSP2","Europe (R10)","Capacity|Electricity|Coal","GW",1,131.6621192716455,,127.1733091177527,38.80585264673936,10.18970920112349,1.111561990308791,12.63141,2.754821553470945,0.6069590496982851,0.6069590496982851,,0.6069590496982851,,0,,0,,0
"MESSAGEix-GLOBIOM-GAINS 2.1-M-R12","Medium-to-Low - SSP2","Europe (R10)","Capacity|Electricity|Gas","GW",1,214.7796984297791,,178.9279438612305,209.1075907401937,93.11149221988757,93.27063677574078,210.7421145869357,260.9040624061034,296.6380025616253,304.0630751518533,,313.6375722523053,,255.0611149262286,,41.73769003364548,,29.277118426388
"MESSAGEix-GLOBIOM-GAINS 2.1-M-R12","Medium-to-Low - SSP2","Europe (R10)","Capacity|Electricity|Geothermal","GW",1,1.61717,,1.899974561105424,1.902239432375606,1.902239432375606,1.571801648588164,1.291604657530477,1.099438200501362,0.9951231060451691,1.171530777504707,,2.02063444100974,,3.391212646154779,,5.681953869662827,,9.62007179078278
"MESSAGEix-GLOBIOM-GAINS 2.1-M-R12","Medium-to-Low - SSP2","Europe (R10)","Capacity|Electricity|Hydro","GW",1,207.1625370759525,,216.457285529931,216.4585902533723,222.184987942496,228.5218930395826,228.5218930395826,228.5218930395827,228.5218930395827,228.5218930395828,,228.5218930395828,,240.6710665136308,,242.0651207052888,,242.4685789185453
"MESSAGEix-GLOBIOM-GAINS 2.1-M-R12","Medium-to-Low - SSP2","Europe (R10)","Capacity|Electricity|Nuclear","GW",1,104.0473684210526,,108.8063684210526,112.2233684210526,112.7843684210526,95.4573528927462,54.52036842105263,29.07436842105263,22.93336842105263,14.33036842105263,,12.126,,11.801,,5.151000000000001,,1.779958849534234
"MESSAGEix-GLOBIOM-GAINS 2.1-M-R12","Medium-to-Low - SSP2","Europe (R10)","Capacity|Electricity|Oil","GW",1,37.75048569355911,,37.75048569355911,0,0,0,6.479473,5.817017,0,0,,0,,0,,0,,0
"MESSAGEix-GLOBIOM-GAINS 2.1-M-R12","Medium-to-Low - SSP2","Europe (R10)","Capacity|Electricity|Solar|CSP","GW",1,2.31213,,2.322174,2.322174,2.322174,2.322174,2.322174,2.322174,2.322174,2.322174,,2.322174,,2.322174,,2.322174,,2.322174
"MESSAGEix-GLOBIOM-GAINS 2.1-M-R12","Medium-to-Low - SSP2","Europe (R10)","Capacity|Electricity|Solar|PV","GW",1,174.4364499999999,,348.1967539099994,931.0200000000001,931.0200000000001,931.0200000000004,1021.091440704536,1093.393264571044,1118.63559192847,1127.297975689996,,1232.538672738357,,1379.88093448021,,1664.164949427626,,1807.823808487723
"MESSAGEix-GLOBIOM-GAINS 2.1-M-R12","Medium-to-Low - SSP2","Europe (R10)","Capacity|Electricity|Wind|Offshore","GW",1,24.9399,,39.30720262999995,44.85824159883293,44.85824159883293,44.85824159883293,44.85824159883295,44.76021176053967,55.17656347898377,56.00477396416321,,63.19254381327968,,65.79177617180555,,109.5228673683952,,124.5971791155356
"MESSAGEix-GLOBIOM-GAINS 2.1-M-R12","Medium-to-Low - SSP2","Europe (R10)","Capacity|Electricity|Wind|Onshore","GW",1,190.2001000000001,,265.6607075899996,325,325,325,325.0000000000001,325.0000000000001,325.0000000000001,325,,343.5546434943251,,365.3605998412744,,540.0728062795708,,604.1502136665683
"MESSAGEix-GLOBIOM-GAINS 2.1-M-R12","Medium-to-Low - SSP2","India+ (R10)","Capacity|Electricity|Biomass","GW",1,4.930473,,4.930473,0.385404168409849,0,0,0,0,0,0,,0,,0,,0,,0
"MESSAGEix-GLOBIOM-GAINS 2.1-M-R12","Medium-to-Low - SSP2","India+ (R10)","Capacity|Electricity|Coal","GW",1,239.0917185,,249.1559219492552,264.8278315548238,291.3587078335484,322.1302001878406,277.5953624307583,145.2754939307584,104.3745904815032,87.77268087593453,,34.65558775381141,,0,,0,,0
"MESSAGEix-GLOBIOM-GAINS 2.1-M-R12","Medium-to-Low - SSP2","India+ (R10)","Capacity|Electricity|Gas","GW",1,57.12988824999999,,127.6360891991299,163.4036066626908,206.7145430036734,352.8701783231179,396.6505978635677,735.0663064815257,981.4140507647363,1206.340768453682,,1645.317457642198,,1342.630716633047,,687.8447032654739,,0
"MESSAGEix-GLOBIOM-GAINS 2.1-M-R12","Medium-to-Low - SSP2","India+ (R10)","Capacity|Electricity|Geothermal","GW",1,0,,0,0,0,0,0,0,0,0,,0.15642458571054,,0.347105282841681,,0.7978366359504491,,1.128982993001527
"MESSAGEix-GLOBIOM-GAINS 2.1-M-R12","Medium-to-Low - SSP2","India+ (R10)","Capacity|Electricity|Hydro","GW",1,61.50470124290995,,70.17186420513328,64.93934860447186,62.63280868883794,60.71461820662665,172.6694915254237,173.728813559322,174.7881355932204,175.8474576271187,,175.8474576271187,,175.8474576271187,,175.8474576271187,,175.8474576271187
"MESSAGEix-GLOBIOM-GAINS 2.1-M-R12","Medium-to-Low - SSP2","India+ (R10)","Capacity|Electricity|Nuclear","GW",1,7.483,,10.777,16.201,17.945,16.442,15.952,14.654,12.614,10.852,,4.696,,4.217724362556155,,21.24982216817514,,54.75453648398715
"MESSAGEix-GLOBIOM-GAINS 2.1-M-R12","Medium-to-Low - SSP2","India+ (R10)","Capacity|Electricity|Oil","GW",1,24.78252330438446,,24.78252330438446,18.7325142,18.0582782,16.9998452,14.0301742,8.956825199999999,0,0,,0,,0,,0,,0
"MESSAGEix-GLOBIOM-GAINS 2.1-M-R12","Medium-to-Low - SSP2","India+ (R10)","Capacity|Electricity|Solar|CSP","GW",1,0.3285,,0.3425,0.3425,0.3425,0.3425,0.3425,0.3425,0.3425,0.3425,,0.3425,,0.3425,,0.3425,,0.3425
"MESSAGEix-GLOBIOM-GAINS 2.1-M-R12","Medium-to-Low - SSP2","India+ (R10)","Capacity|Electricity|Solar|PV","GW",1,52.8740834113499,,117.0767878646999,503.8171058849376,842.1637479019023,969.9520652841945,1470.461936736997,1872.994720904974,2339.35857729754,2918.761439093932,,4121.402213028844,,4965.244997206229,,6194.691026996007,,6459.134678881956
"MESSAGEix-GLOBIOM-GAINS 2.1-M-R12","Medium-to-Low - SSP2","India+ (R10)","Capacity|Electricity|Wind|Offshore","GW",1,0,,0,0,0,0,0,0,0,0,,0,,0,,0,,0
"MESSAGEix-GLOBIOM-GAINS 2.1-M-R12","Medium-to-Low - SSP2","India+ (R10)","Capacity|Electricity|Wind|Onshore","GW",1,39.97896999999995,,56.05794807999995,86,86.00000000000003,86.00000000000003,243.0866958327999,384.8653768291011,537.5575085764225,714.5898026728113,,1326.639904521602,,2639.757103373613,,2984.280773240446,,2984.280773240446
"MESSAGEix-GLOBIOM-GAINS 2.1-M-R12","Medium-to-Low - SSP2","Latin America (R10)","Capacity|Electricity|Biomass","GW",1,10.39858823529412,,5.522671981952105,0,0,0,2.612434002922206,0.9834789421105081,0,0,,0,,0,,0,,0
"MESSAGEix-GLOBIOM-GAINS 2.1-M-R12","Medium-to-Low - SSP2","Latin America (R10)","Capacity|Electricity|Coal","GW",1,18.69986881995844,,2.073801300423008,2.697383367404873,0,0,6.2197,0.284,0,0,,0,,0,,0,,0
"MESSAGEix-GLOBIOM-GAINS 2.1-M-R12","Medium-to-Low - SSP2","Latin America (R10)","Capacity|Electricity|Gas","GW",1,100.3917657349227,,78.66340608120817,88.19896700000001,91.71866894476378,141.9239213253156,222.7737173317709,356.8491257433428,499.542748282732,651.6957581460831,,623.242059417996,,422.3588788391498,,136.3950499101098,,60.69101557148192
"MESSAGEix-GLOBIOM-GAINS 2.1-M-R12","Medium-to-Low - SSP2","Latin America (R10)","Capacity|Electricity|Geothermal","GW",1,1.735269907727328,,1.724277830018537,1.321589754609918,1.013036191849543,0.7765893190898691,0.624789319089869,0.483450065065345,0.374084444580698,0.374084444580698,,0.6124314362612501,,0.9029750891423791,,1.25714618076937,,1.688878765186123
"MESSAGEix-GLOBIOM-GAINS 2.1-M-R12","Medium-to-Low - SSP2","Latin America (R10)","Capacity|Electricity|Hydro","GW",1,197.5379286509483,,209.6477850184081,201.6744141373424,203.905558430028,206.1896923996649,206.1896923996649,206.1896923996649,214.4921306401837,218.1222197490519,,218.1222197490519,,218.1222197490519,,218.1222197490519,,218.783352864489
"MESSAGEix-GLOBIOM-GAINS 2.1-M-R12","Medium-to-Low - SSP2","Latin America (R10)","Capacity|Electricity|Nuclear","GW",1,5.369489863081315,,5.369489863081315,6.369489863081315,4.400489863081314,2.350489863081314,2.350489863081314,2.058,1.365,1.365,,0.6950000000000001,,0,,0,,0
"MESSAGEix-GLOBIOM-GAINS 2.1-M-R12","Medium-to-Low - SSP2","Latin America (R10)","Capacity|Electricity|Oil","GW",1,18.059195,,0,2.974798665881175,26.062443,26.062443,36.508526,26.062443,0,0,,0,,0,,0,,0
"MESSAGEix-GLOBIOM-GAINS 2.1-M-R12","Medium-to-Low - SSP2","Latin America (R10)","Capacity|Electricity|Solar|CSP","GW",1,0,,0.12527,0.12527,0.12527,0.12527,0.12527,0.12527,0.12527,0.12527,,0.12527,,0.12527,,0.12527,,0.12527
"MESSAGEix-GLOBIOM-GAINS 2.1-M-R12","Medium-to-Low - SSP2","Latin America (R10)","Capacity|Electricity|Solar|PV","GW",1,24.684652,,107.50371476,300.2932239442527,460.1314430001087,597.889604077697,719.2418405813619,878.877468610606,1023.058374976059,1174.906634729985,,1592.285000894673,,2060.593056488407,,2422.780215514927,,2967.394712898307
"MESSAGEix-GLOBIOM-GAINS 2.1-M-R12","Medium-to-Low - SSP2","Latin America (R10)","Capacity|Electricity|Wind|Offshore","GW",1,0,,0,0,0,0,0,0,0,0,,0,,0,,0,,0
"MESSAGEix-GLOBIOM-GAINS 2.1-M-R12","Medium-to-Low - SSP2","Latin America (R10)","Capacity|Electricity|Wind|Onshore","GW",1,33.07356999999995,,68.72819046999994,80,80,103.4519162197658,122.7177718184469,211.9718195540895,270.2502265970372,326.9067434688766,,433.0008704531331,,814.3319875547869,,1183.713062708429,,1748.842311618861
"MESSAGEix-GLOBIOM-GAINS 2.1-M-R12","Medium-to-Low - SSP2","Middle East (R10)","Capacity|Electricity|Biomass","GW",1,0.00038,,0,0,0,0,0,0,0,0,,0,,0,,0,,0
"MESSAGEix-GLOBIOM-GAINS 2.1-M-R12","Medium-to-Low - SSP2","Middle East (R10)","Capacity|Electricity|Coal","GW",1,9.439,,9.439,7.489000000000001,4.266,1.234295119764349,1.556,0,0,0,,0,,0,,0,,0
"MESSAGEix-GLOBIOM-GAINS 2.1-M-R12","Medium-to-Low - SSP2","Middle East (R10)","Capacity|Electricity|Gas","GW",1,328.5266204153608,,288.6443809515905,285.7497909515905,320.2354255145787,393.2859765550315,479.6633395466879,612.0049938042446,666.733742996265,754.4996683383206,,691.9921009503896,,468.4265733623301,,193.0749864782164,,112.277416111905
"MESSAGEix-GLOBIOM-GAINS 2.1-M-R12","Medium-to-Low - SSP2","Middle East (R10)","Capacity|Electricity|Geothermal","GW",1,0,,0,0,0,0,0.07434343085714201,0.176964304949362,0.318618297481501,0.514152137724014,,1.106520689385258,,2.201152047652381,,4.223909344847574,,7.961740398613106
"MESSAGEix-GLOBIOM-GAINS 2.1-M-R12","Medium-to-Low - SSP2","Middle East (R10)","Capacity|Electricity|Hydro","GW",1,20.07953120323608,,23.4961538750416,17.9398707561181,16.77230532497451,15.76640462047421,15.7664046204742,15.7664046204742,15.7664046204742,15.7664046204742,,15.7664046204742,,15.7664046204742,,15.7664046204742,,15.7664046204742
"MESSAGEix-GLOBIOM-GAINS 2.1-M-R12","Medium-to-Low - SSP2","Middle East (R10)","Capacity|Electricity|Nuclear","GW",1,2.252,,6.236,6.236,11.61,4.33093700170037,10.40305202891333,10.40305202891333,10.40305202891333,9.358,,5.374,,0,,0,,0
"MESSAGEix-GLOBIOM-GAINS 2.1-M-R12","Medium-to-Low - SSP2","Middle East (R10)","Capacity|Electricity|Oil","GW",1,109.6202029230769,,109.6047029230769,125.9767941272677,138.3857089230769,85.60245292307694,72.90633192307692,53.93492292307693,0,0,,0,,0,,0,,0
"MESSAGEix-GLOBIOM-GAINS 2.1-M-R12","Medium-to-Low - SSP2","Middle East (R10)","Capacity|Electricity|Solar|CSP","GW",1,1.02711,,1.236594325946717,1.236594325946717,1.236594325946717,1.236594325946717,1.236594325946717,1.236594325946717,1.236594325946717,1.236594325946717,,1.236594325946717,,1.236594325946717,,1.236594325946717,,1.236594325946717
"MESSAGEix-GLOBIOM-GAINS 2.1-M-R12","Medium-to-Low - SSP2","Middle East (R10)","Capacity|Electricity|Solar|PV","GW",1,10.95094799249994,,32.1075880523999,225.9,286.3220395995636,457.4614607677798,608.4370593085661,835.2995204293774,1001.938638046035,1158.490649527727,,1477.734964163353,,2205.411544154882,,3576.30178493661,,4338.57927400211
"MESSAGEix-GLOBIOM-GAINS 2.1-M-R12","Medium-to-Low - SSP2","Middle East (R10)","Capacity|Electricity|Wind|Offshore","GW",1,0,,0,0,0,0,0,0,0,8.530077808905014,,61.29138842321883,,228.5845370450546,,531.1409659768672,,531.1409659768672
"MESSAGEix-GLOBIOM-GAINS 2.1-M-R12","Medium-to-Low - SSP2","Middle East (R10)","Capacity|Electricity|Wind|Onshore","GW",1,4.003619999999994,,7.614001049999995,11.2,11.2,11.2,11.2,11.2,11.2,41.30723565478125,,220.7199650598409,,592.2461117337516,,1301.665456545245,,2041.868451182725
"MESSAGEix-GLOBIOM-GAINS 2.1-M-R12","Medium-to-Low - SSP2","North America (R10)","Capacity|Electricity|Biomass","GW",1,10.84316666666667,,10.82083813608571,13.22316014086922,13.42710594997716,3.354796356441962,2.947101,2.118214,0,0,,0,,0,,0,,0
"MESSAGEix-GLOBIOM-GAINS 2.1-M-R12","Medium-to-Low - SSP2","North America (R10)","Capacity|Electricity|Coal","GW",1,249.042128,,249.042128,186.7541212494839,141.504888,42.11298537173643,8.571509179879573,0.954049216712035,0,0,,0,,0,,0,,0
"MESSAGEix-GLOBIOM-GAINS 2.1-M-R12","Medium-to-Low - SSP2","North America (R10)","Capacity|Electricity|Gas","GW",1,518.6868260042355,,518.9599245086596,504.0096189385254,639.431417750043,804.7274178765174,1049.122684525923,1186.508689711766,1120.672454877481,1120.672454877481,,885.7143710027256,,331.9604016971615,,0,,0
"MESSAGEix-GLOBIOM-GAINS 2.1-M-R12","Medium-to-Low - SSP2","North America (R10)","Capacity|Electricity|Geothermal","GW",1,3.0796,,3.241035861132952,3.241035861132952,3.652708907616816,4.107229215434511,4.609056361960585,5.163114080964656,5.77483857238183,8.045713264165737,,15.0240100000322,,27.91912810336602,,51.74787560335049,,63.2367961927776
"MESSAGEix-GLOBIOM-GAINS 2.1-M-R12","Medium-to-Low - SSP2","North America (R10)","Capacity|Electricity|Hydro","GW",1,153.0939603039292,,160.2334524641383,166.536539581002,174.3082476750058,182.864235172651,182.8642351726511,182.8642351726511,182.864235172651,184.6029760429769,,190.9838971957265,,221.633994754583,,224.8200412662109,,227.4479482429551
"MESSAGEix-GLOBIOM-GAINS 2.1-M-R12","Medium-to-Low - SSP2","North America (R10)","Capacity|Electricity|Nuclear","GW",1,112.9162438857682,,115.1502438857682,111.7512438857682,87.84224388576821,70.80324388576821,40.6072438857682,12.0432438857682,9.092243885768198,7.935243885768198,,3.604185062238806,,2.919092531119403,,0,,0
"MESSAGEix-GLOBIOM-GAINS 2.1-M-R12","Medium-to-Low - SSP2","North America (R10)","Capacity|Electricity|Oil","GW",1,61.342633,,61.342633,57.824987,26.431433,14.281679,8.445183,3.535486,0,0,,0,,0,,0,,0
"MESSAGEix-GLOBIOM-GAINS 2.1-M-R12","Medium-to-Low - SSP2","North America (R10)","Capacity|Electricity|Solar|CSP","GW",1,1.7579,,1.74748,1.7579,1.747314882352941,1.747314882352941,1.747314882352941,1.747314882352941,1.747314882352941,1.747314882352941,,1.747314882352941,,1.747314882352941,,1.747314882352941,,1.747314882352941
"MESSAGEix-GLOBIOM-GAINS 2.1-M-R12","Medium-to-Low - SSP2","North America (R10)","Capacity|Electricity|Solar|PV","GW",1,98.88475899999996,,227.8469516999999,293.14388107,410.1876650572805,490.9127567420857,549.017417213555,749.1715493830555,969.846200739265,1037.625067887143,,1648.97303154924,,2026.94130062214,,2139.732570157948,,2156.292441254157
"MESSAGEix-GLOBIOM-GAINS 2.1-M-R12","Medium-to-Low - SSP2","North America (R10)","Capacity|Electricity|Wind|Offshore","GW",1,0.0293,,0.0413,0.0413,0.0413,0.0413,0.0413,0.0413001,0.0413,0.0413,,0.0413001,,0.0413,,0.0413001,,0.0413
"MESSAGEix-GLOBIOM-GAINS 2.1-M-R12","Medium-to-Low - SSP2","North America (R10)","Capacity|Electricity|Wind|Onshore","GW",1,132.26562,,182.90245927,250,249.9999999999999,250,276.1575432243854,308.8488568714755,418.0964722071237,500.4128485391553,,560.8985483844817,,901.4683148368682,,1071.221076779919,,1026.298231184495
"MESSAGEix-GLOBIOM-GAINS 2.1-M-R12","Medium-to-Low - SSP2","Pacific OECD (R10)","Capacity|Electricity|Biomass","GW",1,3.898757062146893,,2.319571298922761,0.8314811376555,0,0,0,0,0,0,,0,,0,,0,,0
"MESSAGEix-GLOBIOM-GAINS 2.1-M-R12","Medium-to-Low - SSP2","Pacific OECD (R10)","Capacity|Electricity|Coal","GW",1,70.3602457553167,,70.3602457553167,52.96410914088439,0,0,12.97733907210942,3.61075,0,0,,0,,0,,0,,0
"MESSAGEix-GLOBIOM-GAINS 2.1-M-R12","Medium-to-Low - SSP2","Pacific OECD (R10)","Capacity|Electricity|Gas","GW",1,110.1838078130264,,84.56700816567849,69.258933,71.32369078571996,48.67428655367058,57.96416740089028,72.91201621659613,85.68393740235132,85.68393740235132,,85.68393740235132,,50.35078559360812,,0,,0
"MESSAGEix-GLOBIOM-GAINS 2.1-M-R12","Medium-to-Low - SSP2","Pacific OECD (R10)","Capacity|Electricity|Geothermal","GW",1,1.5301,,1.828163479082504,1.828163479082504,1.828163479082504,1.828163479082504,2.09278363322346,2.384945665550315,2.707516156866294,3.063660044007058,,5.817728424064816,,10.9069412176352,,20.31124179556685,,24.91571499767083
"MESSAGEix-GLOBIOM-GAINS 2.1-M-R12","Medium-to-Low - SSP2","Pacific OECD (R10)","Capacity|Electricity|Hydro","GW",1,39.49249770017558,,41.42462981460719,42.0365625,43.4626817447496,44.98896321070234,44.98896321070234,44.98896321070234,44.98896321070234,44.98896321070234,,44.98896321070234,,44.98896321070234,,44.98896321070234,,44.98896321070234
"MESSAGEix-GLOBIOM-GAINS 2.1-M-R12","Medium-to-Low - SSP2","Pacific OECD (R10)","Capacity|Electricity|Nuclear","GW",1,31.679,,31.679,34.332,32.772,30.932,3.519000000000001,3.519000000000001,3.519000000000001,3.519000000000001,,3.086,,2.653,,1.3265,,0
"MESSAGEix-GLOBIOM-GAINS 2.1-M-R12","Medium-to-Low - SSP2","Pacific OECD (R10)","Capacity|Electricity|Oil","GW",1,8.204341666666668,,8.204341666666668,2.330711724957713,4.524945000000001,4.524945000000001,4.524945000000001,1.508703,0,0,,0,,0,,0,,0
"MESSAGEix-GLOBIOM-GAINS 2.1-M-R12","Medium-to-Low - SSP2","Pacific OECD (R10)","Capacity|Electricity|Solar|CSP","GW",1,0.003,,0.003,0.003,0.003,0.003,0.003,0.003,0.003,0.003,,0.003,,0.003,,0.003,,0.003
"MESSAGEix-GLOBIOM-GAINS 2.1-M-R12","Medium-to-Low - SSP2","Pacific OECD (R10)","Capacity|Electricity|Solar|PV","GW",1,93.92997399999996,,147.2843810499999,165.2483118499999,221.2331651772293,221.7914099639985,222.1171545441541,235.0264212696752,267.9746253624247,256.7169139238601,,271.8780744443669,,296.4196611717188,,300.4428175876938,,310.48557135931
"MESSAGEix-GLOBIOM-GAINS 2.1-M-R12","Medium-to-Low - SSP2","Pacific OECD (R10)","Capacity|Electricity|Wind|Offshore","GW",1,0.066,,0.19,0.19,0.19,0.19,0.19,0.19,0.19,0.19,,0.19,,0.19,,0.19,,0.19
"MESSAGEix-GLOBIOM-GAINS 2.1-M-R12","Medium-to-Low - SSP2","Pacific OECD (R10)","Capacity|Electricity|Wind|Onshore","GW",1,14.95799999999999,,24.86854156,45,45,44.99999999999999,45,45,45.00000000000001,45,,46.07936187556679,,71.77464529467713,,137.8438846757506,,145.0758756684991
"MESSAGEix-GLOBIOM-GAINS 2.1-M-R12","Medium-to-Low - SSP2","Reforming Economies (R10)","Capacity|Electricity|Biomass","GW",1,0.1448875,,0.1448875,0,0,0,0,0,0,0,,0,,0,,0,,0
"MESSAGEix-GLOBIOM-GAINS 2.1-M-R12","Medium-to-Low - SSP2","Reforming Economies (R10)","Capacity|Electricity|Coal","GW",1,71.88830946112427,,71.88830946112427,50.67591457108757,19.81080932709886,7.89151845473241,5.213898230132893,0.9543454757323451,0.010856719568126,0.010856719568126,,0,,0,,0,,0
"MESSAGEix-GLOBIOM-GAINS 2.1-M-R12","Medium-to-Low - SSP2","Reforming Economies (R10)","Capacity|Electricity|Gas","GW",1,163.3161130289362,,65.65510033089956,65.05510033089956,76.12743238857706,87.65606138189962,123.3334446865114,161.3026094120349,190.4511910770271,246.3197150513037,,239.65443679815,,158.5912352478113,,69.31604121471139,,29.277118426388
"MESSAGEix-GLOBIOM-GAINS 2.1-M-R12","Medium-to-Low - SSP2","Reforming Economies (R10)","Capacity|Electricity|Geothermal","GW",1,1.704028049575995,,4.057033224398767,4.057033224398767,4.057033224398767,3.963033224398766,4.449852336359617,4.987339972506465,5.686315258329344,7.923519012960643,,14.79820858165178,,27.50187213559521,,50.97683287080646,,94.35595568681079
"MESSAGEix-GLOBIOM-GAINS 2.1-M-R12","Medium-to-Low - SSP2","Reforming Economies (R10)","Capacity|Electricity|Hydro","GW",1,71.62413617170489,,72.16587777771306,70.42018651816431,70.5485738860207,70.69422222222222,70.81217366906554,70.93614182512168,71.06643360302905,71.94505748780368,,74.55868995228127,,78.77565807655719,,85.10258650235093,,93.2812573869059
"MESSAGEix-GLOBIOM-GAINS 2.1-M-R12","Medium-to-Low - SSP2","Reforming Economies (R10)","Capacity|Electricity|Nuclear","GW",1,41.435,,43.745,44.945,45.166,40.68290103895312,30.4,20.925,19.025,19.025,,14.711,,8.238,,2.05,,0
"MESSAGEix-GLOBIOM-GAINS 2.1-M-R12","Medium-to-Low - SSP2","Reforming Economies (R10)","Capacity|Electricity|Oil","GW",1,2.294133846153846,,2.294133846153846,6.456747947969972,6.98046877997947,1.092153846153846,1.258767692307692,0.56711,0,0,,0,,0,,0,,0
"MESSAGEix-GLOBIOM-GAINS 2.1-M-R12","Medium-to-Low - SSP2","Reforming Economies (R10)","Capacity|Electricity|Solar|CSP","GW",1,0,,0,0,0,0,0,0,0,0,,0,,0,,0,,0
"MESSAGEix-GLOBIOM-GAINS 2.1-M-R12","Medium-to-Low - SSP2","Reforming Economies (R10)","Capacity|Electricity|Solar|PV","GW",1,11.551139,,14.69517620999998,16.70513715,68.3884347884039,157.5810945338869,181.9732488087231,190.7607652649602,247.4323877921192,265.7332739512705,,581.2686321511221,,682.9075722265973,,926.5489355722971,,1061.806086602347
"MESSAGEix-GLOBIOM-GAINS 2.1-M-R12","Medium-to-Low - SSP2","Reforming Economies (R10)","Capacity|Electricity|Wind|Offshore","GW",1,0,,0,0,0,0,0,0,0,0,,0,,0,,0,,0
"MESSAGEix-GLOBIOM-GAINS 2.1-M-R12","Medium-to-Low - SSP2","Reforming Economies (R10)","Capacity|Electricity|Wind|Onshore","GW",1,3.077279999999995,,7.65204334999999,10.8,10.8,10.8,10.8,20.06307953019659,30.42419936658002,30.42419936658001,,145.1978581115231,,221.1027054871624,,297.2582980132839,,349.2811693173267
"MESSAGEix-GLOBIOM-GAINS 2.1-M-R12","Medium-to-Low - SSP2","Rest of Asia (R10)","Capacity|Electricity|Biomass","GW",1,6.273094170403588,,5.113370866032368,1.22195184140442,0,0,0.05182631000827501,0,0,0,,0,,0,,0,,0
"MESSAGEix-GLOBIOM-GAINS 2.1-M-R12","Medium-to-Low - SSP2","Rest of Asia (R10)","Capacity|Electricity|Coal","GW",1,122.006779,,122.006779,110.511779,87.82318635100961,84.3911263510096,63.630669,20.629,0,0,,0,,0,,0,,0
"MESSAGEix-GLOBIOM-GAINS 2.1-M-R12","Medium-to-Low - SSP2","Rest of Asia (R10)","Capacity|Electricity|Gas","GW",1,150.8008014372783,,193.6503441760007,231.8152192777974,234.7133190039154,246.034643149177,290.8176139771739,383.1368366807163,461.0311121149296,519.2734952893452,,452.4021034905965,,314.0079910830937,,70.7141400990333,,21.67012134051358
"MESSAGEix-GLOBIOM-GAINS 2.1-M-R12","Medium-to-Low - SSP2","Rest of Asia (R10)","Capacity|Electricity|Geothermal","GW",1,4.108487925049457,,4.763584209632405,3.729667657782741,2.920568939008377,2.287321978600859,1.769886144966127,1.369504160520151,1.059696213237433,1.059696213237433,,1.059362395818913,,1.447781434966073,,1.921262076306186,,2.498432336075323
"MESSAGEix-GLOBIOM-GAINS 2.1-M-R12","Medium-to-Low - SSP2","Rest of Asia (R10)","Capacity|Electricity|Hydro","GW",1,24.02399432742623,,26.96527671111154,25.86843767365277,90.34871088549174,94.41130695455938,94.4113069545594,94.41130695455942,134.7039600334691,134.7039600334692,,186.6000000000001,,187.8666666666667,,188.4222222222223,,188.6666666666667
"MESSAGEix-GLOBIOM-GAINS 2.1-M-R12","Medium-to-Low - SSP2","Rest of Asia (R10)","Capacity|Electricity|Nuclear","GW",1,24.945,,27.699,25.842,19.97,16.23,12.25,11.254,8.267999999999999,5.433999999999999,,1.34,,0,,3.727033304163439,,22.21501717228578
"MESSAGEix-GLOBIOM-GAINS 2.1-M-R12","Medium-to-Low - SSP2","Rest of Asia (R10)","Capacity|Electricity|Oil","GW",1,44.76861257310274,,44.76861257310274,43.18634192307692,33.104629,22.697095,13.06583,5.276747,0,0,,0,,0,,0,,0
"MESSAGEix-GLOBIOM-GAINS 2.1-M-R12","Medium-to-Low - SSP2","Rest of Asia (R10)","Capacity|Electricity|Solar|CSP","GW",1,0,,0.005,0.005,0.005,0.005,0.005,0.005,0.005,0.005,,0.005,,0.005,,0.005,,0.005
"MESSAGEix-GLOBIOM-GAINS 2.1-M-R12","Medium-to-Low - SSP2","Rest of Asia (R10)","Capacity|Electricity|Solar|PV","GW",1,24.04987,,45.75635057964995,201.9383345,307.3255532407887,473.9216065030374,806.0871173403759,976.5907498496542,1106.771820767278,1263.491246706335,,1434.885712972329,,1748.931131969909,,2065.725255769028,,2382.467801764495
"MESSAGEix-GLOBIOM-GAINS 2.1-M-R12","Medium-to-Low - SSP2","Rest of Asia (R10)","Capacity|Electricity|Wind|Offshore","GW",1,0.264,,6.192845349999951,6.192845349999951,6.192845349999951,6.192845349999952,6.482446317737258,26.40245280339884,46.4399108043682,49.71446015302995,,49.71446015302995,,49.71446015302995,,98.53667481717352,,219.625162607134
"MESSAGEix-GLOBIOM-GAINS 2.1-M-R12","Medium-to-Low - SSP2","Rest of Asia (R10)","Capacity|Electricity|Wind|Onshore","GW",1,4.510149999999999,,7.357738429999999,11.3,33.8588518665163,40.9640821436962,51.99370643063766,121.0187869156968,121.0187869156968,146.6737483331191,,352.5649057722863,,627.6488110703921,,1004.904316771415,,1189.847680147766
"MESSAGEix-GLOBIOM-GAINS 2.1-M-R12","Medium-to-Low - SSP2","World","Capacity|Electricity|Biomass","GW",1,74.77170602734448,,41.79891220285713,18.96072811518928,14.7105828323301,3.354796356441962,5.611361312930481,3.101692942110509,0,0,,0,,0,,0,,0
"MESSAGEix-GLOBIOM-GAINS 2.1-M-R12","Medium-to-Low - SSP2","World","Capacity|Electricity|Coal","GW",1,1970.117891692444,,2223.57915259181,1955.632644723275,1889.528868678621,1764.172484443608,1322.798891166799,789.2964122128603,330.5336279442076,276.2446153376221,,40.35546792437351,,0,,0,,0
"MESSAGEix-GLOBIOM-GAINS 2.1-M-R12","Medium-to-Low - SSP2","World","Capacity|Electricity|Gas","GW",1,1721.395445729928,,1660.528084657009,1865.953274552512,2035.7629486147,2702.064374569426,3760.788980892023,5032.80142921157,5872.390794169237,6606.109027111414,,6764.007306172062,,4507.145191839616,,1690.653110538998,,324.641165656742
"MESSAGEix-GLOBIOM-GAINS 2.1-M-R12","Medium-to-Low - SSP2","World","Capacity|Electricity|Geothermal","GW",1,14.69414021588627,,18.84172165098881,17.32276114803031,16.61127907514762,15.49138482862054,15.80940257382049,16.58787323776377,17.95285313608146,23.56556348070716,,43.14858283910976,,79.53038175370308,,146.0307098109034,,219.8234249945025
"MESSAGEix-GLOBIOM-GAINS 2.1-M-R12","Medium-to-Low - SSP2","World","Capacity|Electricity|Hydro","GW",1,1177.641460534615,,1334.634620005088,1302.240219307305,1385.352885795536,1412.094825602572,1534.901131591013,1617.95645858652,1675.72927307038,1686.616977480325,,1779.565981903155,,1835.408887727002,,1851.231472411638,,1865.787086046075
"MESSAGEix-GLOBIOM-GAINS 2.1-M-R12","Medium-to-Low - SSP2","World","Capacity|Electricity|Nuclear","GW",1,379.7261021699021,,406.1101021699021,435.0001021699021,410.7291021699021,355.4679246822492,248.2411541988155,182.1696643357341,160.9586643357341,141.9276123068208,,88.7946850622388,,48.5906871965823,,39.01190900269923,,104.1195196385116
"MESSAGEix-GLOBIOM-GAINS 2.1-M-R12","Medium-to-Low - SSP2","World","Capacity|Electricity|Oil","GW",1,312.2811142032213,,292.8502783402771,283.9133299737689,281.7092630569026,195.0085179692308,176.1848628153846,118.5088321230769,0,0,,0,,0,,0,,0
"MESSAGEix-GLOBIOM-GAINS 2.1-M-R12","Medium-to-Low - SSP2","World","Capacity|Electricity|Solar|CSP","GW",1,6.474639999999999,,6.852018325946716,6.862438325946716,6.851853208299658,6.851853208299658,6.851853208299658,6.851853208299658,6.851853208299658,6.851853208299658,,6.851853208299658,,6.851853208299658,,6.851853208299658,,6.851853208299658
"MESSAGEix-GLOBIOM-GAINS 2.1-M-R12","Medium-to-Low - SSP2","World","Capacity|Electricity|Solar|PV","GW",1,780.7984194125997,,2040.310720054048,4547.087334811181,5927.102107959237,7374.987342231133,9330.82169679996,10905.92400445066,12286.36656943388,13674.56111415764,,17465.69678981561,,21833.65969968,,27637.22612420632,,31106.50060184793
"MESSAGEix-GLOBIOM-GAINS 2.1-M-R12","Medium-to-Low - SSP2","World","Capacity|Electricity|Wind|Offshore","GW",1,34.3884,,102.7240830499999,108.2751220188329,108.2751220188329,108.2751220188329,108.5647229865702,131.8850215108211,264.5824755875427,279.3635120639453,,355.4744426998623,,570.1554659108742,,1097.866758427551,,1336.710277687969
"MESSAGEix-GLOBIOM-GAINS 2.1-M-R12","Medium-to-Low - SSP2","World","Capacity|Electricity|Wind|Onshore","GW",1,699.0911899999994,,1176.645762189999,1669.73710842,1693.708746995906,1725.680511895601,1992.665431780542,2461.454827454028,2832.522038260669,3234.659062000627,,4800.327947542298,,8249.360620653175,,12808.02584610939,,15790.60403648929
"MESSAGEix-GLOBIOM-GAINS 2.1-M-R12","Medium - SSP2","Africa (R10)","Capacity|Electricity|Biomass","GW",1,1.017771,,1.017771,1.113321,1.017771,0,0,0,0,0,,0,,0,,0,,0
"MESSAGEix-GLOBIOM-GAINS 2.1-M-R12","Medium - SSP2","Africa (R10)","Capacity|Electricity|Coal","GW",1,41.306,,31.87386355518039,29.26772994696738,40.7161,27.9447,12.7457,2.5197,0,2.245224610762966,,13.36877886955637,,37.38369821738563,,89.23010790490413,,201.1626177981339
"MESSAGEix-GLOBIOM-GAINS 2.1-M-R12","Medium - SSP2","Africa (R10)","Capacity|Electricity|Gas","GW",1,18.69870472046891,,21.59242411516792,30.97453060923977,54.93629893819058,98.83998459801026,186.5172559911991,282.8178264983741,407.3857964134841,542.5594863244434,,663.5952844569133,,798.6982165696619,,984.6805869226216,,1105.621891511196
"MESSAGEix-GLOBIOM-GAINS 2.1-M-R12","Medium - SSP2","Africa (R10)","Capacity|Electricity|Geothermal","GW",1,0.893440965427266,,1.300346850553046,1.220694297285061,1.220694297285061,0.9445499777541381,0.730874767302201,0.5655369626381911,0.437601721141082,0.437601721141082,,0.437601721141082,,0.386650140759453,,0.231501721834403,,0.231501721834403
"MESSAGEix-GLOBIOM-GAINS 2.1-M-R12","Medium - SSP2","Africa (R10)","Capacity|Electricity|Hydro","GW",1,27.66276923678867,,35.32506947625536,30.15151771095597,31.05010062523302,32.36000671317475,32.36000671317474,32.36000671317474,32.36000671317474,32.36000671317475,,32.36000671317475,,32.36000671317475,,32.36000671317475,,32.36000671317474
"MESSAGEix-GLOBIOM-GAINS 2.1-M-R12","Medium - SSP2","Africa (R10)","Capacity|Electricity|Nuclear","GW",1,1.854,,1.854,0,0,0,0,0,0,0,,0,,0,,0,,0
"MESSAGEix-GLOBIOM-GAINS 2.1-M-R12","Medium - SSP2","Africa (R10)","Capacity|Electricity|Oil","GW",1,5.164152862944163,,3.830012,14.79098966009065,17.842797,16.284165,14.150436,11.738397,0,0,,0,,0,,0,,0
"MESSAGEix-GLOBIOM-GAINS 2.1-M-R12","Medium - SSP2","Africa (R10)","Capacity|Electricity|Solar|CSP","GW",1,0.5,,0.5,0.5,0.5,0.5,0.5,0.5,0.5,0.5,,0.5,,0.5,,0.5,,0.5
"MESSAGEix-GLOBIOM-GAINS 2.1-M-R12","Medium - SSP2","Africa (R10)","Capacity|Electricity|Solar|PV","GW",1,5.14251299,,16.99393156999995,71.33,103.1854550483361,175.8241332240282,217.8684205270146,269.7823762269267,433.9421842239057,550.608994288039,,1072.142750736201,,2025.130147061883,,2633.419005393632,,3224.876901064292
"MESSAGEix-GLOBIOM-GAINS 2.1-M-R12","Medium - SSP2","Africa (R10)","Capacity|Electricity|Wind|Offshore","GW",1,0,,0,0,0,0,0,0,0,0,,0,,0,,0,,0
"MESSAGEix-GLOBIOM-GAINS 2.1-M-R12","Medium - SSP2","Africa (R10)","Capacity|Electricity|Wind|Onshore","GW",1,3.443759999999995,,5.46705159999999,17.742,17.742,17.742,17.742,17.742,17.74200000000001,19.5374854995027,,98.99807449912154,,342.323036334791,,517.8391187183083,,764.2468018347087
"MESSAGEix-GLOBIOM-GAINS 2.1-M-R12","Medium - SSP2","China+ (R10)","Capacity|Electricity|Biomass","GW",1,17.59559803921568,,7.780474148235299,2.185409826850286,0.265705882352941,0,0,0,0,0,,0,,0,,0,,0
"MESSAGEix-GLOBIOM-GAINS 2.1-M-R12","Medium - SSP2","China+ (R10)","Capacity|Electricity|Coal","GW",1,1016.268015193932,,1290.40394553668,1213.539993772533,1273.978983814413,1266.579579282555,1134.541771958005,954.7128723085145,587.6992181800458,563.5888947303691,,443.5348563297435,,102.1097552843692,,21.47411335828701,,21.47411335828701
"MESSAGEix-GLOBIOM-GAINS 2.1-M-R12","Medium - SSP2","China+ (R10)","Capacity|Electricity|Gas","GW",1,58.88121989592053,,102.1864139965253,210.5532063982387,251.6888376386039,435.0023044415073,628.9232614011778,942.3430891129043,1232.258473756166,1246.610548465407,,1207.747059984457,,1011.638909283555,,573.5715062608308,,491.3897617708969
"MESSAGEix-GLOBIOM-GAINS 2.1-M-R12","Medium - SSP2","China+ (R10)","Capacity|Electricity|Geothermal","GW",1,0.02604336810622,,0.027305635065168,0.022337441362757,0.016834603530952,0.012695985671733,0.010295985671733,0.008295985671733001,0.006419275570560001,0.006419275570560001,,0.006419275570560001,,0.006419275570560001,,0.003843457407245,,0.003843457407245
"MESSAGEix-GLOBIOM-GAINS 2.1-M-R12","Medium - SSP2","China+ (R10)","Capacity|Electricity|Hydro","GW",1,375.4594046215433,,478.7472251327483,466.2147515722256,470.1389105926986,475.5834830629136,484.9604899077061,484.9604899077061,484.9604899077061,484.9604899077062,,484.9604899077061,,484.9604899077061,,484.9604899077061,,484.9604899077062
"MESSAGEix-GLOBIOM-GAINS 2.1-M-R12","Medium - SSP2","China+ (R10)","Capacity|Electricity|Nuclear","GW",1,47.74499999999999,,54.794,77.1,78.23899999999999,78.23899999999999,78.23899999999999,78.23899999999999,73.73899999999999,70.109,,34.89573523609373,,13.81225287076183,,1.188793170856669,,1.188793170856669
"MESSAGEix-GLOBIOM-GAINS 2.1-M-R12","Medium - SSP2","China+ (R10)","Capacity|Electricity|Oil","GW",1,0.7381478944555431,,0.716147894455543,11.44185352054219,10.76484428977296,6.879305135926808,4.550545135926807,1.557465135926807,0.446284135926806,0,,0,,0,,0,,0
"MESSAGEix-GLOBIOM-GAINS 2.1-M-R12","Medium - SSP2","China+ (R10)","Capacity|Electricity|Solar|CSP","GW",1,0.546,,0.5700000000000001,0.5700000000000001,0.5700000000000001,0.5700000000000001,0.5700000000000001,0.5700000000000001,0.5700000000000001,0.5700000000000001,,0.5700000000000001,,0.5700000000000001,,0.5700000000000001,,0.5700000000000001
"MESSAGEix-GLOBIOM-GAINS 2.1-M-R12","Medium - SSP2","China+ (R10)","Capacity|Electricity|Solar|PV","GW",1,284.294031,,982.8490843385495,1871.464317421805,2286.832088925039,2702.723054798465,2963.996344461908,3207.058503395838,3599.797337998164,3607.590501730164,,3451.780454553346,,3376.949555706768,,3191.368401769879,,3010.680306387065
"MESSAGEix-GLOBIOM-GAINS 2.1-M-R12","Medium - SSP2","China+ (R10)","Capacity|Electricity|Wind|Offshore","GW",1,9.089200000000002,,56.99273507000004,56.99273507000007,56.99273507,56.99273507000007,56.99273507000004,56.99273507000001,56.99273507000004,56.99273507000004,,56.99273507000004,,56.99273507000004,,56.99273507000004,,56.99273507000004
"MESSAGEix-GLOBIOM-GAINS 2.1-M-R12","Medium - SSP2","China+ (R10)","Capacity|Electricity|Wind|Onshore","GW",1,273.5801199999995,,550.337080789999,832.69510842,834.1013762786777,835.578949770987,836.9327834879315,839.056511366229,853.310632677308,853.3106326273069,,883.0614684062723,,889.8485365144497,,915.3013737562557,,948.6991786676181
"MESSAGEix-GLOBIOM-GAINS 2.1-M-R12","Medium - SSP2","Europe (R10)","Capacity|Electricity|Biomass","GW",1,19.66899035361752,,4.689142629075863,0,0,0,0,0,0,0,,0,,0,,0,,0
"MESSAGEix-GLOBIOM-GAINS 2.1-M-R12","Medium - SSP2","Europe (R10)","Capacity|Electricity|Coal","GW",1,131.4599327020261,,125.5599006057611,52.24745587850516,19.51989967619672,7.959244380299792,7.101244380299791,2.213572159259312,0,0,,0,,0,,0,,0
"MESSAGEix-GLOBIOM-GAINS 2.1-M-R12","Medium - SSP2","Europe (R10)","Capacity|Electricity|Gas","GW",1,214.7796984297791,,178.9305789875012,136.1328468167664,39.51614715447917,38.90938215447918,54.1763912576981,117.3823381195273,98.32840016503243,78.64795596504813,,77.00675461457311,,31.63760791703472,,2.617622031634784,,10.58974105923954
"MESSAGEix-GLOBIOM-GAINS 2.1-M-R12","Medium - SSP2","Europe (R10)","Capacity|Electricity|Geothermal","GW",1,1.61717,,1.899974561105425,1.98006632816915,1.98006632816915,1.98006632816915,1.550383475267234,1.86043549435534,1.567944346837046,1.668823399190896,,2.347135582991466,,3.173994350058819,,4.181930573237669,,5.410599205003274
"MESSAGEix-GLOBIOM-GAINS 2.1-M-R12","Medium - SSP2","Europe (R10)","Capacity|Electricity|Hydro","GW",1,207.1625370759525,,216.457285529931,221.4411299359119,226.9407303816196,233.1869149384828,233.1869149384828,233.1869149384828,233.1869149384828,233.1869149384828,,233.1869149384828,,233.1869149384828,,233.1869149384828,,233.1869149384828
"MESSAGEix-GLOBIOM-GAINS 2.1-M-R12","Medium - SSP2","Europe (R10)","Capacity|Electricity|Nuclear","GW",1,104.0473684210526,,108.8063684210526,112.2233684210526,112.7843684210526,96.93936842105262,54.52036842105263,29.07436842105263,22.93336842105263,14.33036842105263,,12.126,,11.801,,5.151000000000001,,0
"MESSAGEix-GLOBIOM-GAINS 2.1-M-R12","Medium - SSP2","Europe (R10)","Capacity|Electricity|Oil","GW",1,38.74314895389575,,38.74314895389575,0,0,0,0,0,0,0,,0,,0,,0,,0
"MESSAGEix-GLOBIOM-GAINS 2.1-M-R12","Medium - SSP2","Europe (R10)","Capacity|Electricity|Solar|CSP","GW",1,2.31213,,2.322174,2.322174,2.322174,2.322174,2.322174,2.322174,2.322174,2.322174,,2.322174,,2.322174,,2.322174,,2.322174
"MESSAGEix-GLOBIOM-GAINS 2.1-M-R12","Medium - SSP2","Europe (R10)","Capacity|Electricity|Solar|PV","GW",1,174.4364499999999,,348.1967539099995,941.7853223982928,941.7853141197927,941.7853141197928,1065.716102898242,1089.031726671369,1100.176209449356,1085.304232966676,,1160.381291593395,,1221.436423918871,,1285.295793118439,,1390.226264400876
"MESSAGEix-GLOBIOM-GAINS 2.1-M-R12","Medium - SSP2","Europe (R10)","Capacity|Electricity|Wind|Offshore","GW",1,24.9399,,39.30720262999995,46.35583980914985,46.35583980914988,46.35583980914985,46.35583980914988,39.30720263,39.30720262999998,39.30720262999998,,39.30720262999998,,43.2321029198396,,44.04160884844974,,44.69341765105963
"MESSAGEix-GLOBIOM-GAINS 2.1-M-R12","Medium - SSP2","Europe (R10)","Capacity|Electricity|Wind|Onshore","GW",1,190.2000999999999,,265.6607075899993,325.3888530291492,325.3888530291492,325.3888530291492,325.3888530291492,325.3888530291492,327.9165342491492,325.0000000000001,,325.0000000000001,,350.1051976172011,,360.227811352618,,372.9533479419531
"MESSAGEix-GLOBIOM-GAINS 2.1-M-R12","Medium - SSP2","India+ (R10)","Capacity|Electricity|Biomass","GW",1,4.930473,,4.930473,0.385404168409849,0,0,0,0,0,0,,0,,0,,0,,0
"MESSAGEix-GLOBIOM-GAINS 2.1-M-R12","Medium - SSP2","India+ (R10)","Capacity|Electricity|Coal","GW",1,239.0917185,,249.7828452458168,266.3547843211898,294.1777693011842,326.8042507996214,338.497556683432,312.6334873652283,417.9729957547984,590.4696633419168,,795.8309634585754,,868.6205761701315,,673.1986532075136,,531.7353493110012
"MESSAGEix-GLOBIOM-GAINS 2.1-M-R12","Medium - SSP2","India+ (R10)","Capacity|Electricity|Gas","GW",1,57.12988824999999,,127.8049270237165,157.535267156168,200.287085509702,346.5060811451677,557.1924372262354,706.4460322523845,895.8543099011637,1079.124985654458,,1533.973159748559,,1303.158523913135,,1186.38184669273,,669.8229169115497
"MESSAGEix-GLOBIOM-GAINS 2.1-M-R12","Medium - SSP2","India+ (R10)","Capacity|Electricity|Geothermal","GW",1,0,,0,0,0,0,0,0,0,0,,0,,0,,0,,0
"MESSAGEix-GLOBIOM-GAINS 2.1-M-R12","Medium - SSP2","India+ (R10)","Capacity|Electricity|Hydro","GW",1,61.50470124290995,,70.17186420513328,67.58925068004882,65.19123469276485,63.18767300385474,63.18767300385473,63.18767300385473,63.18767300385472,63.18767300385472,,63.18767300385472,,63.18767300385471,,175.8474576271186,,175.8474576271186
"MESSAGEix-GLOBIOM-GAINS 2.1-M-R12","Medium - SSP2","India+ (R10)","Capacity|Electricity|Nuclear","GW",1,7.483,,10.777,16.201,17.945,16.442,15.952,14.654,12.614,10.852,,4.696,,0,,0,,0
"MESSAGEix-GLOBIOM-GAINS 2.1-M-R12","Medium - SSP2","India+ (R10)","Capacity|Electricity|Oil","GW",1,24.78252330438446,,24.78252330438446,18.7325142,18.0582782,16.9998452,14.0301742,8.956825199999999,0,0,,0,,0,,0,,0
"MESSAGEix-GLOBIOM-GAINS 2.1-M-R12","Medium - SSP2","India+ (R10)","Capacity|Electricity|Solar|CSP","GW",1,0.3285,,0.3425,0.3425,0.3425,0.3425,0.3425,0.3425,0.3425,0.3425,,0.3425,,0.3425,,0.3425,,0.3425
"MESSAGEix-GLOBIOM-GAINS 2.1-M-R12","Medium - SSP2","India+ (R10)","Capacity|Electricity|Solar|PV","GW",1,52.87408341134989,,117.0767878646999,503.8171058849377,841.9638281067967,972.8706218143279,1252.918965545113,1870.282268861844,2302.183708945435,2749.037048459623,,3612.424596321844,,3945.613824085323,,4174.210049659494,,4979.250802551823
"MESSAGEix-GLOBIOM-GAINS 2.1-M-R12","Medium - SSP2","India+ (R10)","Capacity|Electricity|Wind|Offshore","GW",1,0,,0,0,0,0,0,0,0,0,,0,,0,,0,,0
"MESSAGEix-GLOBIOM-GAINS 2.1-M-R12","Medium - SSP2","India+ (R10)","Capacity|Electricity|Wind|Onshore","GW",1,39.97896999999995,,56.05794807999995,86,86,86,149.6661943798132,288.9749242171638,288.9749242171638,288.9749242171638,,515.9649754848847,,946.0821532644147,,1067.601975898855,,1518.354655655399
"MESSAGEix-GLOBIOM-GAINS 2.1-M-R12","Medium - SSP2","Latin America (R10)","Capacity|Electricity|Biomass","GW",1,10.39858823529412,,5.639142570187389,0,0.347690319907928,0.347690319907928,0.347690319907928,0.261048797464766,0,0,,0,,0,,0,,0
"MESSAGEix-GLOBIOM-GAINS 2.1-M-R12","Medium - SSP2","Latin America (R10)","Capacity|Electricity|Coal","GW",1,18.69986881995844,,2.278918065866706,2.697383367404873,2.725740123350675,2.697383367404873,2.697383367404873,2.191558424853055,0,0,,0,,0,,0,,0
"MESSAGEix-GLOBIOM-GAINS 2.1-M-R12","Medium - SSP2","Latin America (R10)","Capacity|Electricity|Gas","GW",1,100.0800532147724,,78.37669758984917,88.19896700000001,92.07379049495657,137.0863103059497,234.070307270107,336.4663992290767,467.9595657967568,612.4232184538664,,845.9568530022152,,867.7874720708943,,800.3969091217398,,761.7239735126203
"MESSAGEix-GLOBIOM-GAINS 2.1-M-R12","Medium - SSP2","Latin America (R10)","Capacity|Electricity|Geothermal","GW",1,1.735269907727327,,1.724277830018536,1.321589754609917,1.013036191849543,0.7765893190898681,0.600910011377845,0.4649727119570841,0.35978702097007,0.35978702097007,,0.298086832833061,,0.178475597917729,,0.106859933226001,,0.106859933226001
"MESSAGEix-GLOBIOM-GAINS 2.1-M-R12","Medium - SSP2","Latin America (R10)","Capacity|Electricity|Hydro","GW",1,197.5379286509483,,209.6477850184081,201.6744141373424,203.905558430028,206.1896923996648,206.1896923996648,206.1896923996648,214.4921306401837,214.4921306401837,,214.4921306401837,,214.4921306401837,,214.4921306401837,,214.4921306401837
"MESSAGEix-GLOBIOM-GAINS 2.1-M-R12","Medium - SSP2","Latin America (R10)","Capacity|Electricity|Nuclear","GW",1,5.369489863081315,,5.369489863081315,6.369489863081315,4.400489863081314,2.350489863081314,2.350489863081314,2.058,1.365,1.365,,0.6950000000000001,,0,,0,,0
"MESSAGEix-GLOBIOM-GAINS 2.1-M-R12","Medium - SSP2","Latin America (R10)","Capacity|Electricity|Oil","GW",1,18.059195,,0,3.010090851143439,26.062443,26.062443,26.062443,26.062443,0,0,,0,,0,,0,,0
"MESSAGEix-GLOBIOM-GAINS 2.1-M-R12","Medium - SSP2","Latin America (R10)","Capacity|Electricity|Solar|CSP","GW",1,0,,0.12527,0.12527,0.12527,0.12527,0.12527,0.12527,0.12527,0.12527,,0.12527,,0.12527,,0.12527,,0.12527
"MESSAGEix-GLOBIOM-GAINS 2.1-M-R12","Medium - SSP2","Latin America (R10)","Capacity|Electricity|Solar|PV","GW",1,24.684652,,107.50371476,290.8325532169353,457.2085640193878,593.8726453915917,741.1261158910261,874.6332124211305,1005.109566404565,1152.899085472224,,1413.069510213516,,1647.689266705159,,1774.57240458991,,2052.574957432201
"MESSAGEix-GLOBIOM-GAINS 2.1-M-R12","Medium - SSP2","Latin America (R10)","Capacity|Electricity|Wind|Offshore","GW",1,0,,0,0,0,0,0,0,0,0,,0,,0,,0,,0
"MESSAGEix-GLOBIOM-GAINS 2.1-M-R12","Medium - SSP2","Latin America (R10)","Capacity|Electricity|Wind|Onshore","GW",1,33.07356999999995,,68.72819046999994,80,80,89.73114875655163,131.5457467887357,179.7669253437234,258.8504635944428,311.3215327796626,,414.2339797036747,,469.8329823135547,,511.2797784226998,,554.8092927394038
"MESSAGEix-GLOBIOM-GAINS 2.1-M-R12","Medium - SSP2","Middle East (R10)","Capacity|Electricity|Biomass","GW",1,0.00038,,0,0,0,0,0,0,0,0,,0,,0,,0,,0
"MESSAGEix-GLOBIOM-GAINS 2.1-M-R12","Medium - SSP2","Middle East (R10)","Capacity|Electricity|Coal","GW",1,9.439,,9.439,7.489000000000001,4.266,3.306,1.556,0,0,0,,0,,0,,0,,0
"MESSAGEix-GLOBIOM-GAINS 2.1-M-R12","Medium - SSP2","Middle East (R10)","Capacity|Electricity|Gas","GW",1,328.5266204153608,,288.6213120901901,285.7267220901901,328.3432671445802,402.3915325294149,492.7954448150331,611.0158401723481,681.0975327716288,728.5418033689535,,840.001914473506,,983.9431560070518,,1039.586716347376,,1049.442860565514
"MESSAGEix-GLOBIOM-GAINS 2.1-M-R12","Medium - SSP2","Middle East (R10)","Capacity|Electricity|Geothermal","GW",1,0,,0,0,0,0,0,0,0,0,,0,,0,,0,,0
"MESSAGEix-GLOBIOM-GAINS 2.1-M-R12","Medium - SSP2","Middle East (R10)","Capacity|Electricity|Hydro","GW",1,20.07953120323608,,23.4961538750416,17.9398707561181,16.77230532497451,15.7664046204742,15.7664046204742,15.7664046204742,15.7664046204742,15.7664046204742,,15.7664046204742,,15.7664046204742,,15.7664046204742,,15.7664046204742
"MESSAGEix-GLOBIOM-GAINS 2.1-M-R12","Medium - SSP2","Middle East (R10)","Capacity|Electricity|Nuclear","GW",1,2.252,,6.236,6.236000000000001,11.61,4.33093700170037,0,0,0,0,,0,,0,,0,,0
"MESSAGEix-GLOBIOM-GAINS 2.1-M-R12","Medium - SSP2","Middle East (R10)","Capacity|Electricity|Oil","GW",1,109.6202029230769,,109.6202029230769,126.6022645725648,138.3857089230769,85.60245292307694,72.90633192307692,53.93492292307693,0,0,,0,,0,,0,,0
"MESSAGEix-GLOBIOM-GAINS 2.1-M-R12","Medium - SSP2","Middle East (R10)","Capacity|Electricity|Solar|CSP","GW",1,1.02711,,1.236594325946717,1.236594325946717,1.236594325946717,1.236594325946717,1.236594325946717,1.236594325946717,1.236594325946717,1.236594325946717,,1.236594325946717,,1.236594325946717,,1.236594325946717,,1.236594325946717
"MESSAGEix-GLOBIOM-GAINS 2.1-M-R12","Medium - SSP2","Middle East (R10)","Capacity|Electricity|Solar|PV","GW",1,10.913065,,32.06970505989995,225.9,291.8025147786954,474.2764079787585,559.693256782205,627.0005277484033,747.2373498883773,945.4895698944613,,1465.322016572708,,1818.41744204297,,2036.097455733726,,2201.173635443896
"MESSAGEix-GLOBIOM-GAINS 2.1-M-R12","Medium - SSP2","Middle East (R10)","Capacity|Electricity|Wind|Offshore","GW",1,0,,0,0,0,0,0,0,0,0,,0,,0,,0,,0
"MESSAGEix-GLOBIOM-GAINS 2.1-M-R12","Medium - SSP2","Middle East (R10)","Capacity|Electricity|Wind|Onshore","GW",1,4.003619999999994,,7.614001049999995,11.2,11.2,11.19999999999999,11.2,11.2,11.2,11.2,,91.14242536423674,,119.7254128558273,,354.5745633378384,,561.1916526442599
"MESSAGEix-GLOBIOM-GAINS 2.1-M-R12","Medium - SSP2","North America (R10)","Capacity|Electricity|Biomass","GW",1,10.84316666666667,,10.82083813608571,13.42710594997716,13.42710594997716,3.089740832105548,2.947101,1.592800600097229,0,0,,0,,0,,0,,0
"MESSAGEix-GLOBIOM-GAINS 2.1-M-R12","Medium - SSP2","North America (R10)","Capacity|Electricity|Coal","GW",1,249.042128,,249.042128,182.473857376191,141.7325513954679,42.11298537173643,15.02590806126815,8.995560000000001,0,0,,0,,0,,0,,0
"MESSAGEix-GLOBIOM-GAINS 2.1-M-R12","Medium - SSP2","North America (R10)","Capacity|Electricity|Gas","GW",1,518.686341432932,,518.9215674697217,503.8209109592341,628.363251012187,776.465116955706,940.413246337833,901.6680878551056,791.733708379471,791.733708379471,,576.2521503547587,,409.3154546770292,,236.0961692281079,,236.0961692281079
"MESSAGEix-GLOBIOM-GAINS 2.1-M-R12","Medium - SSP2","North America (R10)","Capacity|Electricity|Geothermal","GW",1,3.0796,,3.241035861132951,3.241035861132951,3.652708907616815,4.10722921543451,4.609056361960583,5.163114080964653,5.774838572381827,6.450231840202813,,8.019221206590283,,14.97505561701206,,27.82866583519162,,34.07941295470786
"MESSAGEix-GLOBIOM-GAINS 2.1-M-R12","Medium - SSP2","North America (R10)","Capacity|Electricity|Hydro","GW",1,153.0939603039292,,160.2334524641383,166.536539581002,187.0885685306208,196.7591188935813,203.9451654052092,207.2591188935813,209.6306118012751,211.369352671601,,217.7502738243505,,217.7502738243505,,217.7502738243505,,227.4479482429551
"MESSAGEix-GLOBIOM-GAINS 2.1-M-R12","Medium - SSP2","North America (R10)","Capacity|Electricity|Nuclear","GW",1,112.9162438857682,,115.1502438857682,111.7512438857682,87.84224388576821,70.80324388576821,40.60724388576821,12.0432438857682,9.092243885768198,7.935243885768199,,3.604185062238807,,2.919092531119404,,0,,0
"MESSAGEix-GLOBIOM-GAINS 2.1-M-R12","Medium - SSP2","North America (R10)","Capacity|Electricity|Oil","GW",1,61.34263300000001,,61.34263300000001,57.824987,26.431433,14.281679,8.445183,3.535486,0,0,,0,,0,,0,,0
"MESSAGEix-GLOBIOM-GAINS 2.1-M-R12","Medium - SSP2","North America (R10)","Capacity|Electricity|Solar|CSP","GW",1,1.7579,,1.74748,1.7579,1.747314882352941,1.747314882352941,1.747314882352941,1.747314882352941,1.747314882352941,1.747314882352941,,1.747314882352941,,1.747314882352941,,1.747314882352941,,1.747314882352941
"MESSAGEix-GLOBIOM-GAINS 2.1-M-R12","Medium - SSP2","North America (R10)","Capacity|Electricity|Solar|PV","GW",1,98.88475899999996,,227.8469516999999,293.14388107,393.4128831767422,495.0262834060518,623.8825644599066,878.8219990477567,1132.343110382305,1216.979494762228,,1401.308721061497,,1753.42162097842,,1826.861316111457,,1907.865314827864
"MESSAGEix-GLOBIOM-GAINS 2.1-M-R12","Medium - SSP2","North America (R10)","Capacity|Electricity|Wind|Offshore","GW",1,0.0293,,0.0413,0.0413,0.0413,0.0413,0.0413,0.0413,0.0413,0.0413,,0.0413,,0.0413,,0.0413,,0.0413
"MESSAGEix-GLOBIOM-GAINS 2.1-M-R12","Medium - SSP2","North America (R10)","Capacity|Electricity|Wind|Onshore","GW",1,132.26562,,182.90245927,250,250,250,291.883801645305,373.6029595395709,554.5513836191062,566.7099474773476,,566.7099474773476,,605.4305581831482,,626.2655633923175,,646.4527969373852
"MESSAGEix-GLOBIOM-GAINS 2.1-M-R12","Medium - SSP2","Pacific OECD (R10)","Capacity|Electricity|Biomass","GW",1,3.898757062146893,,2.726045079389658,1.803366464532153,0,0,0,0,0,0,,0,,0,,0,,0
"MESSAGEix-GLOBIOM-GAINS 2.1-M-R12","Medium - SSP2","Pacific OECD (R10)","Capacity|Electricity|Coal","GW",1,70.36024575531668,,70.36024575531668,55.60446450744398,38.27373,32.38173,16.89668,3.61075,0,0,,1.736995527370663,,7.839887398798536,,17.67316091040571,,34.12519578497906
"MESSAGEix-GLOBIOM-GAINS 2.1-M-R12","Medium - SSP2","Pacific OECD (R10)","Capacity|Electricity|Gas","GW",1,110.1680127969929,,84.07215264864388,68.7160005346085,75.26456300000001,99.59046325118376,89.73942525639947,82.83671328672798,76.69613957107887,76.69613957107887,,64.41214570727243,,38.12510006036187,,17.61208976084674,,14.41135349906129
"MESSAGEix-GLOBIOM-GAINS 2.1-M-R12","Medium - SSP2","Pacific OECD (R10)","Capacity|Electricity|Geothermal","GW",1,1.5301,,1.828163479082505,1.828163479082505,1.828163479082505,1.828163479082505,1.414598050747722,1.094589005893245,0.8469721071572671,0.8469721071572671,,0.8469721071572671,,0.727659343751897,,0.4356765282862181,,0.687511842614129
"MESSAGEix-GLOBIOM-GAINS 2.1-M-R12","Medium - SSP2","Pacific OECD (R10)","Capacity|Electricity|Hydro","GW",1,39.49249770017558,,41.42462981460719,42.03656250000002,43.46268174474962,44.98896321070237,44.98896321070237,44.98896321070237,44.98896321070237,44.98896321070237,,44.98896321070237,,44.98896321070237,,44.98896321070238,,44.98896321070238
"MESSAGEix-GLOBIOM-GAINS 2.1-M-R12","Medium - SSP2","Pacific OECD (R10)","Capacity|Electricity|Nuclear","GW",1,31.679,,31.679,34.332,32.772,0.162541361229443,0.162541361229443,0.162541361229443,0.162541361229443,0.162541361229443,,0.162541361229443,,0.162541361229443,,0.08127068061472101,,0
"MESSAGEix-GLOBIOM-GAINS 2.1-M-R12","Medium - SSP2","Pacific OECD (R10)","Capacity|Electricity|Oil","GW",1,8.204341666666668,,8.204341666666668,1.755103,13.65092823529412,10.896686,4.524945000000001,1.508703,0,0,,0,,0,,0,,0
"MESSAGEix-GLOBIOM-GAINS 2.1-M-R12","Medium - SSP2","Pacific OECD (R10)","Capacity|Electricity|Solar|CSP","GW",1,0.002999999999999,,0.003,0.003,0.003,0.002999999999999,0.002999999999999,0.002999999999999,0.002999999999999,0.002999999999999,,0.003,,0.003,,0.003,,0.003
"MESSAGEix-GLOBIOM-GAINS 2.1-M-R12","Medium - SSP2","Pacific OECD (R10)","Capacity|Electricity|Solar|PV","GW",1,93.92997399999996,,147.2843810499999,165.2483118499999,165.2483118499999,182.7016611645168,214.3378377252013,214.4951463557512,214.3378377252013,214.3378377252013,,215.8060633343394,,274.7687382393044,,287.5742685274598,,317.9369812861229
"MESSAGEix-GLOBIOM-GAINS 2.1-M-R12","Medium - SSP2","Pacific OECD (R10)","Capacity|Electricity|Wind|Offshore","GW",1,0.066,,0.19,0.19,0.19,0.19,0.19,0.19,0.19,0.19,,0.19,,0.19,,0.19,,0.19
"MESSAGEix-GLOBIOM-GAINS 2.1-M-R12","Medium - SSP2","Pacific OECD (R10)","Capacity|Electricity|Wind|Onshore","GW",1,14.95799999999999,,24.86854156,45.00000000000001,45.00000000000003,45,45.00000000000003,45,45,45,,45,,45.97024947197442,,48.28634673288697,,75.03225150858468
"MESSAGEix-GLOBIOM-GAINS 2.1-M-R12","Medium - SSP2","Reforming Economies (R10)","Capacity|Electricity|Biomass","GW",1,0.144166666666666,,0.144166666666666,0,0,0,0,0,0,0,,0,,0,,0,,0
"MESSAGEix-GLOBIOM-GAINS 2.1-M-R12","Medium - SSP2","Reforming Economies (R10)","Capacity|Electricity|Coal","GW",1,71.88830946112428,,71.88830946112428,46.06155083392556,33.04147141080806,16.4274,10.0884,4.006,0.9845928457428931,0.9845928457428931,,0.9845928457428931,,0.9845928457428931,,0,,0
"MESSAGEix-GLOBIOM-GAINS 2.1-M-R12","Medium - SSP2","Reforming Economies (R10)","Capacity|Electricity|Gas","GW",1,163.3161130289362,,65.62409159364091,65.25409159364091,76.15901372754843,93.19868757662053,111.8784601529166,141.1730440928412,165.2562733677541,182.5551960833802,,255.5671622663074,,309.6928558815222,,330.874640074326,,363.8758602805798
"MESSAGEix-GLOBIOM-GAINS 2.1-M-R12","Medium - SSP2","Reforming Economies (R10)","Capacity|Electricity|Geothermal","GW",1,1.704028049575995,,4.057033224398767,4.057033224398767,4.057033224398767,3.963033224398766,3.066519563718926,2.372814382876522,1.836038537695678,1.836038537695678,,1.836038537695678,,1.826133933668804,,1.093373842084201,,1.093373842084201
"MESSAGEix-GLOBIOM-GAINS 2.1-M-R12","Medium - SSP2","Reforming Economies (R10)","Capacity|Electricity|Hydro","GW",1,71.62413617170489,,72.16587777771304,70.42018651816431,70.54857388602069,70.69422222222221,70.6942222222222,70.6942222222222,70.6942222222222,70.6942222222222,,70.6942222222222,,70.6942222222222,,70.6942222222222,,70.69422222222218
"MESSAGEix-GLOBIOM-GAINS 2.1-M-R12","Medium - SSP2","Reforming Economies (R10)","Capacity|Electricity|Nuclear","GW",1,41.435,,43.745,44.94500000000001,45.166,28.55735515410532,28.55735515410532,20.925,19.025,18.6582727758584,,3.568518087282571,,3.568518087282571,,2.05,,0
"MESSAGEix-GLOBIOM-GAINS 2.1-M-R12","Medium - SSP2","Reforming Economies (R10)","Capacity|Electricity|Oil","GW",1,2.288153846153846,,2.288153846153846,11.63886855137971,6.299078196888167,3.683613846153846,1.258767692307692,0.29907434035303,0,0,,0,,0,,0,,0
"MESSAGEix-GLOBIOM-GAINS 2.1-M-R12","Medium - SSP2","Reforming Economies (R10)","Capacity|Electricity|Solar|CSP","GW",1,0,,0,0,0,0,0,0,0,0,,0,,0,,0,,0
"MESSAGEix-GLOBIOM-GAINS 2.1-M-R12","Medium - SSP2","Reforming Economies (R10)","Capacity|Electricity|Solar|PV","GW",1,11.55113899999999,,14.69517620999998,16.70513715,59.05523758948473,148.5848099146339,183.6834177817332,193.9457273169799,205.3772547128816,218.158081627774,,293.9797355062323,,467.0805632441886,,520.8793819424034,,741.973191770219
"MESSAGEix-GLOBIOM-GAINS 2.1-M-R12","Medium - SSP2","Reforming Economies (R10)","Capacity|Electricity|Wind|Offshore","GW",1,0,,0,0,0,0,0,0,0,0,,0,,0,,0,,0
"MESSAGEix-GLOBIOM-GAINS 2.1-M-R12","Medium - SSP2","Reforming Economies (R10)","Capacity|Electricity|Wind|Onshore","GW",1,3.077279999999995,,7.65204334999999,10.8,10.8,10.8,10.8,16.94643795467814,16.94643795467814,13.79848130467813,,16.94643795467815,,31.89059980359158,,100.4377627297913,,114.0839277552133
"MESSAGEix-GLOBIOM-GAINS 2.1-M-R12","Medium - SSP2","Rest of Asia (R10)","Capacity|Electricity|Biomass","GW",1,6.273094170403588,,4.394424077429024,0.8227139380300871,0,0,0,0,0,0,,0,,0,,0,,0
"MESSAGEix-GLOBIOM-GAINS 2.1-M-R12","Medium - SSP2","Rest of Asia (R10)","Capacity|Electricity|Coal","GW",1,122.006779,,122.006779,110.511779,99.370529,90.093514,63.630669,20.629,0.6381407812500001,2.090728875888721,,7.763341315899739,,18.632323866002,,36.60121093860943,,63.32314324064198
"MESSAGEix-GLOBIOM-GAINS 2.1-M-R12","Medium - SSP2","Rest of Asia (R10)","Capacity|Electricity|Gas","GW",1,150.8008014372783,,194.9503621309661,234.333688737871,317.949354506928,340.1670500011977,390.5201812669417,437.731419418363,529.700597450732,582.9594176726894,,643.5962269502857,,516.2716674669944,,282.4739433135175,,72.77254148748986
"MESSAGEix-GLOBIOM-GAINS 2.1-M-R12","Medium - SSP2","Rest of Asia (R10)","Capacity|Electricity|Geothermal","GW",1,4.108487925049456,,4.763584209632405,3.729667657782741,2.920568939008376,2.287321978600859,1.769886144966127,1.369504160520151,1.059696213237433,1.059696213237433,,1.059362395818913,,0.752755404258114,,0.450702466740651,,0.450702466740651
"MESSAGEix-GLOBIOM-GAINS 2.1-M-R12","Medium - SSP2","Rest of Asia (R10)","Capacity|Electricity|Hydro","GW",1,24.02399432742622,,26.96527671111154,25.86843767365278,24.90270584644896,24.0568515375884,24.0568515375884,24.0568515375884,24.05685153758841,24.05685153758841,,24.05685153758841,,155.0602413306798,,188.4222222222222,,188.6666666666666
"MESSAGEix-GLOBIOM-GAINS 2.1-M-R12","Medium - SSP2","Rest of Asia (R10)","Capacity|Electricity|Nuclear","GW",1,24.945,,27.699,25.842,19.97,16.23,12.25,11.254,8.267999999999999,5.433999999999999,,1.34,,0,,0,,0
"MESSAGEix-GLOBIOM-GAINS 2.1-M-R12","Medium - SSP2","Rest of Asia (R10)","Capacity|Electricity|Oil","GW",1,44.12364421196705,,44.12364421196705,43.18634192307692,33.104629,22.697095,13.06583,5.276747,0,0,,0,,0,,0,,0
"MESSAGEix-GLOBIOM-GAINS 2.1-M-R12","Medium - SSP2","Rest of Asia (R10)","Capacity|Electricity|Solar|CSP","GW",1,0,,0.005,0.005,0.005,0.005,0.005,0.005,0.005,0.005,,0.005,,0.005,,0.005,,0.005
"MESSAGEix-GLOBIOM-GAINS 2.1-M-R12","Medium - SSP2","Rest of Asia (R10)","Capacity|Electricity|Solar|PV","GW",1,24.04987,,45.75635057964995,201.9383345000001,268.4518309496977,461.4447312315823,678.3795581369809,929.0112379798936,1023.247450974577,1094.047500063465,,1316.686004375063,,1395.668350560441,,1569.896138120815,,1626.726379197581
"MESSAGEix-GLOBIOM-GAINS 2.1-M-R12","Medium - SSP2","Rest of Asia (R10)","Capacity|Electricity|Wind|Offshore","GW",1,0.264,,6.192845349999951,6.192845349999951,6.192845349999951,6.192845349999952,6.192845349999952,21.72032984738191,37.60194635012511,47.12262992230453,,49.71446015302995,,49.71446015302995,,49.71446015302995,,49.71446015302995
"MESSAGEix-GLOBIOM-GAINS 2.1-M-R12","Medium - SSP2","Rest of Asia (R10)","Capacity|Electricity|Wind|Onshore","GW",1,4.51015,,7.35773843,11.3,11.3,41.59365100478505,42.7289212788735,121.0154382156968,121.0154382156968,121.0154382156968,,153.6511691464311,,212.6392432238694,,353.6555070211855,,356.4427579482438
"MESSAGEix-GLOBIOM-GAINS 2.1-M-R12","Medium - SSP2","World","Capacity|Electricity|Biomass","GW",1,74.77098519401115,,42.14247730706961,19.73732134779954,15.05827315223803,3.437431152013477,3.294791319907928,1.853849397561995,0,0,,0,,0,,0,,0
"MESSAGEix-GLOBIOM-GAINS 2.1-M-R12","Medium - SSP2","World","Capacity|Electricity|Coal","GW",1,1969.561997432358,,2222.635935225747,1966.24799900416,1947.802774721421,1816.306787201617,1602.78131345041,1311.512500257855,1007.294947561837,1159.37910440468,,1263.219528346889,,1035.57083378243,,838.1772463197199,,851.820419493043
"MESSAGEix-GLOBIOM-GAINS 2.1-M-R12","Medium - SSP2","World","Capacity|Electricity|Gas","GW",1,1721.067453622441,,1661.080527645923,1781.246231895958,2064.581609127176,2768.156912959237,3686.226410975542,4559.880790037653,5346.270797573267,5921.852459938797,,6708.108711558848,,6270.26896384724,,5454.29202975373,,4775.747069826257
"MESSAGEix-GLOBIOM-GAINS 2.1-M-R12","Medium - SSP2","World","Capacity|Electricity|Geothermal","GW",1,14.69414021588627,,18.84172165098881,17.40058804382385,16.68910597094117,15.89964950820153,13.75252436101237,12.89926278487692,11.88929779499097,12.6655701151658,,14.85083765979831,,22.02714366299744,,34.332554358008,,42.06380542361777
"MESSAGEix-GLOBIOM-GAINS 2.1-M-R12","Medium - SSP2","World","Capacity|Electricity|Hydro","GW",1,1177.641460534615,,1334.634620005088,1309.872661065422,1340.001370055159,1362.773330602659,1379.33638395908,1382.650337447452,1393.324268595664,1395.06300946599,,1401.44393061874,,1532.447320411831,,1678.469085926637,,1688.411204789687
"MESSAGEix-GLOBIOM-GAINS 2.1-M-R12","Medium - SSP2","World","Capacity|Electricity|Nuclear","GW",1,379.7261021699021,,406.1101021699021,435.0001021699021,410.7291021699021,314.0549356869373,232.6389986852369,168.4101536680503,147.1991536680503,128.8464264439087,,61.08797974684455,,32.26340485039324,,8.471063851471392,,1.188793170856669
"MESSAGEix-GLOBIOM-GAINS 2.1-M-R12","Medium - SSP2","World","Capacity|Electricity|Oil","GW",1,313.0661436635444,,293.6508078006003,288.9830132787977,290.6001398450322,203.3872851051576,158.9946559513114,112.8700635993567,0.446284135926806,0,,0,,0,,0,,0
"MESSAGEix-GLOBIOM-GAINS 2.1-M-R12","Medium - SSP2","World","Capacity|Electricity|Solar|CSP","GW",1,6.474639999999999,,6.852018325946717,6.862438325946717,6.851853208299659,6.851853208299659,6.851853208299659,6.851853208299659,6.851853208299659,6.851853208299659,,6.851853208299659,,6.851853208299659,,6.851853208299659,,6.851853208299659
"MESSAGEix-GLOBIOM-GAINS 2.1-M-R12","Medium - SSP2","World","Capacity|Electricity|Solar|PV","GW",1,780.7605364013498,,2040.272837042799,4582.16496349197,5808.946028563973,7149.109663043748,8501.60258420933,10154.06272602589,11763.75201070477,12834.45234698986,,15402.90114426814,,17926.17593254333,,19300.17421496722,,21453.28473436194
"MESSAGEix-GLOBIOM-GAINS 2.1-M-R12","Medium - SSP2","World","Capacity|Electricity|Wind|Offshore","GW",1,34.3884,,102.7240830499999,109.7727202291499,109.7727202291498,109.7727202291499,109.7727202291499,118.2515675473819,134.1331840501251,143.6538676223045,,146.24569785303,,150.1705981428696,,150.9801040714797,,151.6319128740896
"MESSAGEix-GLOBIOM-GAINS 2.1-M-R12","Medium - SSP2","World","Capacity|Electricity|Wind|Onshore","GW",1,699.0911899999993,,1176.645762189998,1670.125961449149,1671.532229307827,1713.034602561473,1862.888300609808,2218.694049666211,2495.507814527545,2555.868442121358,,3110.708478036647,,4013.847969582822,,4855.469801362757,,5912.266663632769
"MESSAGEix-GLOBIOM-GAINS 2.1-M-R12","Very Low - SSP2","Africa (R10)","Capacity|Electricity|Biomass","GW",1,1.017771,,1.017771,1.24094915625,0,0,0,0,0,0,,0,,0,,0,,0
"MESSAGEix-GLOBIOM-GAINS 2.1-M-R12","Very Low - SSP2","Africa (R10)","Capacity|Electricity|Coal","GW",1,41.4869249913216,,31.87472496793589,7.9457,0,0,0,0,0,0,,0,,0,,0,,0
"MESSAGEix-GLOBIOM-GAINS 2.1-M-R12","Very Low - SSP2","Africa (R10)","Capacity|Electricity|Gas","GW",1,19.28647154864807,,21.22018315340781,18.93221526221419,11.82468756714396,9.504648242763771,9.504648242763771,4.382148242763771,0,0,,0,,0,,0,,0
"MESSAGEix-GLOBIOM-GAINS 2.1-M-R12","Very Low - SSP2","Africa (R10)","Capacity|Electricity|Geothermal","GW",1,0.893440965427266,,1.300346850553046,1.357074767302201,1.291774767302201,1.151774767302201,0.8912213592319411,0.689610098866516,0.5336071488104001,0.5336071488104001,,0.5336071488104001,,0.340445704349739,,0.203837418999217,,0.203837418999217
"MESSAGEix-GLOBIOM-GAINS 2.1-M-R12","Very Low - SSP2","Africa (R10)","Capacity|Electricity|Hydro","GW",1,27.66276923678868,,35.32506947625536,69.13590159259772,84.8047250395791,102.8493136510749,114.8393136510748,126.8293136510749,136.0293136510748,145.2293136510748,,157.5693136510748,,165.1293136510748,,169.4893136510748,,171.9293136510748
"MESSAGEix-GLOBIOM-GAINS 2.1-M-R12","Very Low - SSP2","Africa (R10)","Capacity|Electricity|Nuclear","GW",1,1.854,,1.854,0,0,0,0,0,0,0,,0,,0,,0,,0
"MESSAGEix-GLOBIOM-GAINS 2.1-M-R12","Very Low - SSP2","Africa (R10)","Capacity|Electricity|Oil","GW",1,5.164152862944163,,3.830012,14.069361,0,0,0,0,0,0,,0,,0,,0,,0
"MESSAGEix-GLOBIOM-GAINS 2.1-M-R12","Very Low - SSP2","Africa (R10)","Capacity|Electricity|Solar|CSP","GW",1,0.5,,0.5,0.5,0.5,0.5412794160647261,0.9260340578464791,1.844055669427538,3.590007914099487,6.621374729766258,,19.95013583745929,,50.04438393495187,,117.0403716459865,,163.4014724741821
"MESSAGEix-GLOBIOM-GAINS 2.1-M-R12","Very Low - SSP2","Africa (R10)","Capacity|Electricity|Solar|PV","GW",1,5.142512990000022,,16.99393156999997,88.20409917060093,166.7228231278432,250.8237513807211,369.2872261163064,504.915946042071,724.0709288577862,1123.161008003298,,1971.458413198367,,2740.151621646873,,3123.418224662933,,3443.572718467986
"MESSAGEix-GLOBIOM-GAINS 2.1-M-R12","Very Low - SSP2","Africa (R10)","Capacity|Electricity|Wind|Offshore","GW",1,0,,0,0,0,0,0,0,0,0,,0,,0,,0,,0
"MESSAGEix-GLOBIOM-GAINS 2.1-M-R12","Very Low - SSP2","Africa (R10)","Capacity|Electricity|Wind|Onshore","GW",1,3.443759999999995,,5.46705159999999,13,40.86558575602622,82.66568315070411,130.5398867306178,237.3180875444722,396.553678130182,607.5432374589126,,1164.756394775502,,1572.951332785218,,1726.713284581299,,1963.283361566724
"MESSAGEix-GLOBIOM-GAINS 2.1-M-R12","Very Low - SSP2","China+ (R10)","Capacity|Electricity|Biomass","GW",1,17.59559803921568,,7.780474148235297,2.185409826850286,0,0,0,0,0,0,,0,,0,,0,,0
"MESSAGEix-GLOBIOM-GAINS 2.1-M-R12","Very Low - SSP2","China+ (R10)","Capacity|Electricity|Coal","GW",1,1016.415192884399,,1290.551123227147,1140.108402396529,534.397103260675,397.2011150009799,286.1394,111.107,0,0,,0,,0,,0,,0
"MESSAGEix-GLOBIOM-GAINS 2.1-M-R12","Very Low - SSP2","China+ (R10)","Capacity|Electricity|Gas","GW",1,63.88730305699597,,104.6803735637682,150.4249044669505,106.8930664028685,106.4529318710244,73.7364872575008,51.8948572575008,9.786282350971918,0,,0,,0,,0,,0
"MESSAGEix-GLOBIOM-GAINS 2.1-M-R12","Very Low - SSP2","China+ (R10)","Capacity|Electricity|Geothermal","GW",1,0.02604336810622,,0.027305635065168,0.022337441362757,0.180652609869841,0.373792167662966,0.621438273596145,0.9382418350980781,1.184581660605214,1.45656073301128,,2.088388577345305,,2.858583193985798,,3.797446133980559,,4.941914818974045
"MESSAGEix-GLOBIOM-GAINS 2.1-M-R12","Very Low - SSP2","China+ (R10)","Capacity|Electricity|Hydro","GW",1,375.4594046215433,,478.7472251327483,462.4054958966067,478.8333858659252,486.0714285714286,486.3169642857143,486.5625,486.5848214285714,486.607142857143,,486.6071428571429,,486.6071428571429,,486.6071428571429,,486.6071428571429
"MESSAGEix-GLOBIOM-GAINS 2.1-M-R12","Very Low - SSP2","China+ (R10)","Capacity|Electricity|Nuclear","GW",1,47.74499999999999,,54.794,77.1,84.57960190344224,129.4279924578875,129.4279924578875,129.4279924578875,124.9279924578875,109.3952590498819,,82.44875904988197,,44.98629860970232,,16.23230280596806,,2.802538119376731
"MESSAGEix-GLOBIOM-GAINS 2.1-M-R12","Very Low - SSP2","China+ (R10)","Capacity|Electricity|Oil","GW",1,0.294833333333333,,0.272833333333333,11.04356615041794,0,0,0,0,0,0,,0,,0,,0,,0
"MESSAGEix-GLOBIOM-GAINS 2.1-M-R12","Very Low - SSP2","China+ (R10)","Capacity|Electricity|Solar|CSP","GW",1,0.546,,0.5700000000000001,0.5700000000000001,0.5700000000000001,0.5700000000000001,0.5700000000000001,0.5700000000000001,0.5700000000000001,0.5700000000000001,,0.5700000000000001,,0.5700000000000001,,0.5700000000000001,,0.5700000000000001
"MESSAGEix-GLOBIOM-GAINS 2.1-M-R12","Very Low - SSP2","China+ (R10)","Capacity|Electricity|Solar|PV","GW",1,284.29403116925,,982.8490845078011,1824.782369794334,3619.709082379421,3856.443966887818,4081.931440939708,4141.310428171862,4116.1093466378,4065.802587972711,,3726.952519050299,,3500.403329815833,,3273.289601940046,,3088.679260038129
"MESSAGEix-GLOBIOM-GAINS 2.1-M-R12","Very Low - SSP2","China+ (R10)","Capacity|Electricity|Wind|Offshore","GW",1,9.089200000000002,,56.99273507,56.99273507000007,194.7346217048035,208.7147136653587,208.7147136653587,234.9640337338307,221.2258876844516,228.0649090413519,,242.663874196041,,262.7192664529596,,255.2996866197127,,87.70633708440604
"MESSAGEix-GLOBIOM-GAINS 2.1-M-R12","Very Low - SSP2","China+ (R10)","Capacity|Electricity|Wind|Onshore","GW",1,273.5801199999995,,550.3370808399991,830.7,1616.163698550938,2042.954470412747,2105.131897775034,2114.886360487426,2114.886360487426,2147.258903855376,,1965.668312737324,,1992.822426815478,,1970.477003914844,,1961.704961124103
"MESSAGEix-GLOBIOM-GAINS 2.1-M-R12","Very Low - SSP2","Europe (R10)","Capacity|Electricity|Biomass","GW",1,19.66899035361752,,3.480750538645995,0.009409383401394,0,0,0,0,0,0,,0,,0,,0,,0
"MESSAGEix-GLOBIOM-GAINS 2.1-M-R12","Very Low - SSP2","Europe (R10)","Capacity|Electricity|Coal","GW",1,131.5198766501555,,123.9110522106335,33.93163690605749,5.629471737425952,1.084319521914882,0.456112189268948,0,0,0,,0,,0,,0,,0
"MESSAGEix-GLOBIOM-GAINS 2.1-M-R12","Very Low - SSP2","Europe (R10)","Capacity|Electricity|Gas","GW",1,215.0781414047792,,182.3543103853146,108.3271604975211,21.61377308230147,21.61377308230147,21.61377308230147,0.69613048516242,0,0,,0,,0,,0,,0
"MESSAGEix-GLOBIOM-GAINS 2.1-M-R12","Very Low - SSP2","Europe (R10)","Capacity|Electricity|Geothermal","GW",1,1.61717,,1.899974561105424,1.98006632816915,2.839847331791271,3.523745908762758,4.420772955681307,5.029577417387742,5.701746736460326,6.44387597814838,,6.928887637870647,,4.173589071613137,,2.498881946376397,,1.769914577984173
"MESSAGEix-GLOBIOM-GAINS 2.1-M-R12","Very Low - SSP2","Europe (R10)","Capacity|Electricity|Hydro","GW",1,207.1625370759525,,216.457285529931,221.441129935912,226.9407303816196,233.1869149384827,233.1869149384827,233.1869149384827,233.1869149384827,233.1869149384827,,233.1869149384827,,233.1869149384827,,233.1869149384827,,233.1869149384827
"MESSAGEix-GLOBIOM-GAINS 2.1-M-R12","Very Low - SSP2","Europe (R10)","Capacity|Electricity|Nuclear","GW",1,104.0473684210526,,108.8063684210526,112.2233684210526,112.7843684210526,58.91421481456774,50.55837199417483,28.48337199417482,22.93336842105263,14.33036842105263,,12.126,,11.801,,5.151000000000001,,0
"MESSAGEix-GLOBIOM-GAINS 2.1-M-R12","Very Low - SSP2","Europe (R10)","Capacity|Electricity|Oil","GW",1,38.74314895389575,,38.74314895389575,0,0,0,0,0,0,0,,0,,0,,0,,0
"MESSAGEix-GLOBIOM-GAINS 2.1-M-R12","Very Low - SSP2","Europe (R10)","Capacity|Electricity|Solar|CSP","GW",1,2.31213,,2.322174,2.322174,2.322174,2.322174,2.322174,2.322174,2.322174,2.322174,,2.322174,,2.322174,,2.322174,,2.322174
"MESSAGEix-GLOBIOM-GAINS 2.1-M-R12","Very Low - SSP2","Europe (R10)","Capacity|Electricity|Solar|PV","GW",1,174.4364499999999,,348.1967539100012,972.9893998737209,1108.000068722143,1119.792719237832,1139.231789321102,1199.056108108232,1221.923741340516,1246.154824169673,,1284.263479857718,,1300.258802799272,,1282.763976994874,,1317.659234263396
"MESSAGEix-GLOBIOM-GAINS 2.1-M-R12","Very Low - SSP2","Europe (R10)","Capacity|Electricity|Wind|Offshore","GW",1,24.9399,,39.30720262999995,46.35583980914986,51.89600821257858,54.55615290023348,77.54455143260407,94.07491274016235,95.73684610013888,124.1491671693045,,102.9777006119298,,96.49576089671217,,91.52751031013275,,87.24859795753612
"MESSAGEix-GLOBIOM-GAINS 2.1-M-R12","Very Low - SSP2","Europe (R10)","Capacity|Electricity|Wind|Onshore","GW",1,190.2000999999999,,265.6607075899993,354.5831504018893,354.5820004018894,370.8815693633506,387.5392784288339,474.3126433532353,505.5646562612068,501.9896464983137,,516.6066876083875,,532.9490930984429,,526.7009251220353,,542.0508624749575
"MESSAGEix-GLOBIOM-GAINS 2.1-M-R12","Very Low - SSP2","India+ (R10)","Capacity|Electricity|Biomass","GW",1,4.930473,,4.930473,10.1825,3.465365048595918,0,0,0,0,0,,0,,0,,0,,0
"MESSAGEix-GLOBIOM-GAINS 2.1-M-R12","Very Low - SSP2","India+ (R10)","Capacity|Electricity|Coal","GW",1,239.0917185,,239.0917185,237.222895222789,99.99546561412353,4.996720175859878,4.996720175859878,4.996720175859878,0,0,,0,,0,,0,,0
"MESSAGEix-GLOBIOM-GAINS 2.1-M-R12","Very Low - SSP2","India+ (R10)","Capacity|Electricity|Gas","GW",1,57.12988824999999,,141.1741353080646,150.34174508867,149.94963008867,137.63589508867,137.04392008867,126.30123608867,0,0,,0,,0,,0,,0
"MESSAGEix-GLOBIOM-GAINS 2.1-M-R12","Very Low - SSP2","India+ (R10)","Capacity|Electricity|Geothermal","GW",1,0,,0,0,0.07434343085714201,0.15642458571054,0.247048813088663,0.247048813088663,0.247048813088663,0.247048813088663,,0.457575710331949,,0.714206823330324,,1.027038718072387,,1.408379052159349
"MESSAGEix-GLOBIOM-GAINS 2.1-M-R12","Very Low - SSP2","India+ (R10)","Capacity|Electricity|Hydro","GW",1,61.5104934365328,,70.18211219213997,62.62541389453028,173.1646107757149,171.6101694915254,172.6694915254237,173.728813559322,174.7881355932204,175.8474576271186,,175.8474576271187,,175.8474576271187,,175.8474576271186,,175.8474576271186
"MESSAGEix-GLOBIOM-GAINS 2.1-M-R12","Very Low - SSP2","India+ (R10)","Capacity|Electricity|Nuclear","GW",1,7.483,,10.777,16.201,17.95417,29.35856105274723,40.28693919215265,38.98893919215265,36.94893919215265,35.18693919215265,,29.03093919215265,,18.07707366577904,,0.627905249912536,,0.627905249912536
"MESSAGEix-GLOBIOM-GAINS 2.1-M-R12","Very Low - SSP2","India+ (R10)","Capacity|Electricity|Oil","GW",1,24.78252330438446,,24.78252330438446,18.7325142,18.0582782,14.0301742,14.0301742,8.956825199999999,0,0,,0,,0,,0,,0
"MESSAGEix-GLOBIOM-GAINS 2.1-M-R12","Very Low - SSP2","India+ (R10)","Capacity|Electricity|Solar|CSP","GW",1,0.3285,,0.3425,0.3425,0.3425,0.3425,0.3425,0.3425,0.3425,0.3425,,0.3425,,0.3425,,0.3425,,0.3425
"MESSAGEix-GLOBIOM-GAINS 2.1-M-R12","Very Low - SSP2","India+ (R10)","Capacity|Electricity|Solar|PV","GW",1,52.8740834113499,,117.0767878646999,503.8171058849377,956.8958244941841,1399.991834241695,1873.577373979231,2367.817348764108,2797.304510233328,3201.38224756571,,3865.801214165556,,4060.939138538557,,4123.972243378814,,4067.838353196557
"MESSAGEix-GLOBIOM-GAINS 2.1-M-R12","Very Low - SSP2","India+ (R10)","Capacity|Electricity|Wind|Offshore","GW",1,0,,0,0,0,0,0,0,0,0,,0,,0,,0,,0
"MESSAGEix-GLOBIOM-GAINS 2.1-M-R12","Very Low - SSP2","India+ (R10)","Capacity|Electricity|Wind|Onshore","GW",1,39.97896999999995,,56.05794807999995,85.99999999999999,208.8633782695263,393.199294388869,705.1200286464284,1234.924410906865,1982.205504769391,2453.006876491828,,2901.166650599735,,2984.219357440446,,2984.219357440446,,2984.214637440446
"MESSAGEix-GLOBIOM-GAINS 2.1-M-R12","Very Low - SSP2","Latin America (R10)","Capacity|Electricity|Biomass","GW",1,10.39858823529412,,0,13.36599776385632,0,0,0,0,0,0,,0,,0,,0,,0
"MESSAGEix-GLOBIOM-GAINS 2.1-M-R12","Very Low - SSP2","Latin America (R10)","Capacity|Electricity|Coal","GW",1,18.69986881995844,,15.64278861495543,0,0,0,0,0,0,0,,0,,0,,0,,0
"MESSAGEix-GLOBIOM-GAINS 2.1-M-R12","Very Low - SSP2","Latin America (R10)","Capacity|Electricity|Gas","GW",1,90.00464469678911,,65.40621195750325,45.04109323294518,47.86673346565377,22.8629801986996,23.13652495124064,23.34818866631005,6.856608374349499,5.305512855974506,,3.176606528476046,,1.9019516700244,,1.138768721489732,,0.681822898805164
"MESSAGEix-GLOBIOM-GAINS 2.1-M-R12","Very Low - SSP2","Latin America (R10)","Capacity|Electricity|Geothermal","GW",1,1.735269907727328,,1.724277830018537,1.321589754609918,1.520505943227698,1.165613513735817,1.013813513735817,0.7844695711086691,0.6141706282928181,0.6141706282928181,,0.367726642154154,,0.220171524199785,,0.169298495513358,,0.15953019619204
"MESSAGEix-GLOBIOM-GAINS 2.1-M-R12","Very Low - SSP2","Latin America (R10)","Capacity|Electricity|Hydro","GW",1,197.5379286509483,,209.6477850184081,201.6744141373424,204.021595999646,206.3057299692829,206.3057299692828,206.3057299692828,206.3057299692828,206.3057299692828,,206.3057299692828,,206.3057299692828,,206.3057299692828,,206.3057299692828
"MESSAGEix-GLOBIOM-GAINS 2.1-M-R12","Very Low - SSP2","Latin America (R10)","Capacity|Electricity|Nuclear","GW",1,5.369489863081315,,5.369489863081315,6.369489863081315,4.400489863081314,2.350489863081314,0.292489863081313,0,0,0,,0,,0,,0,,0
"MESSAGEix-GLOBIOM-GAINS 2.1-M-R12","Very Low - SSP2","Latin America (R10)","Capacity|Electricity|Oil","GW",1,18.059195,,0,0,0,0,0,0,0,0,,0,,0,,0,,0
"MESSAGEix-GLOBIOM-GAINS 2.1-M-R12","Very Low - SSP2","Latin America (R10)","Capacity|Electricity|Solar|CSP","GW",1,0,,0.12527,0.12527,0.12527,0.12527,0.12527,0.12527,0.12527,0.12527,,0.12527,,0.12527,,0.12527,,0.12527
"MESSAGEix-GLOBIOM-GAINS 2.1-M-R12","Very Low - SSP2","Latin America (R10)","Capacity|Electricity|Solar|PV","GW",1,24.68465200000048,,107.6925152754504,279.75,542.1117064836415,727.6163795506616,862.3798653375461,1008.863713557418,1159.447856788925,1343.664856723181,,1403.672301526979,,1411.007776947408,,1387.130494852861,,1341.069225564816
"MESSAGEix-GLOBIOM-GAINS 2.1-M-R12","Very Low - SSP2","Latin America (R10)","Capacity|Electricity|Wind|Offshore","GW",1,0,,0,0,0,0,0,0,0,0,,0,,0,,0,,0
"MESSAGEix-GLOBIOM-GAINS 2.1-M-R12","Very Low - SSP2","Latin America (R10)","Capacity|Electricity|Wind|Onshore","GW",1,33.07356999999995,,68.72819046999994,80,158.5932293599296,296.9843232647181,412.1304268167357,535.7276870942368,657.0244420991355,724.2015506834266,,795.9243731063448,,807.5106571567255,,819.861261932262,,788.495662681121
"MESSAGEix-GLOBIOM-GAINS 2.1-M-R12","Very Low - SSP2","Middle East (R10)","Capacity|Electricity|Biomass","GW",1,0.00038,,0,0,0,0,0,0,0,0,,0,,0,,0,,0
"MESSAGEix-GLOBIOM-GAINS 2.1-M-R12","Very Low - SSP2","Middle East (R10)","Capacity|Electricity|Coal","GW",1,9.439,,9.439,15.51899393557006,11.2096035688473,3.095283084495268,0,0,0,0,,0,,0,,0,,0
"MESSAGEix-GLOBIOM-GAINS 2.1-M-R12","Very Low - SSP2","Middle East (R10)","Capacity|Electricity|Gas","GW",1,328.5380204153607,,298.989643158355,225.5198062718734,144.3598174124092,132.1386127104427,123.798360796509,64.56842677075493,1.299275273685581,1.299275273685581,,0,,0,,0,,0
"MESSAGEix-GLOBIOM-GAINS 2.1-M-R12","Very Low - SSP2","Middle East (R10)","Capacity|Electricity|Geothermal","GW",1,0,,0,0,0.07434343085714201,0.176964304949362,0.318618297481501,0.514152137724014,0.784059692015575,1.156629922177777,,2.293748350071835,,4.395017037860087,,5.513925830643873,,6.877869405530378
"MESSAGEix-GLOBIOM-GAINS 2.1-M-R12","Very Low - SSP2","Middle East (R10)","Capacity|Electricity|Hydro","GW",1,20.07953120323608,,23.4961538750416,17.9398707561181,58.70209136180019,62.86564602313263,64.53231268979931,64.5323126897993,64.53231268979928,64.53231268979928,,64.53231268979928,,64.53231268979928,,64.53231268979928,,64.53231268979928
"MESSAGEix-GLOBIOM-GAINS 2.1-M-R12","Very Low - SSP2","Middle East (R10)","Capacity|Electricity|Nuclear","GW",1,2.252,,6.236,6.236,11.61,11.61,11.61,11.61,10.695,9.358,,5.374,,0,,0,,0
"MESSAGEix-GLOBIOM-GAINS 2.1-M-R12","Very Low - SSP2","Middle East (R10)","Capacity|Electricity|Oil","GW",1,99.24940569553266,,99.24940569553266,21.71137712281177,23.09351765748332,6.051326923076922,6.048826923076922,0,0,0,,0,,0,,0,,0
"MESSAGEix-GLOBIOM-GAINS 2.1-M-R12","Very Low - SSP2","Middle East (R10)","Capacity|Electricity|Solar|CSP","GW",1,1.02711,,1.236594325946717,1.236594325946717,1.302030230519017,1.724289345587115,2.700539019415101,4.536894006371835,7.70861678610884,12.97913235922914,,35.24155284442378,,84.90048244280807,,195.8799198693537,,170.6929011354925
"MESSAGEix-GLOBIOM-GAINS 2.1-M-R12","Very Low - SSP2","Middle East (R10)","Capacity|Electricity|Solar|PV","GW",1,10.9509479925,,32.10758805239995,335.5444717461437,558.7737561654769,772.95849161153,872.9375698304649,1051.687499355706,1277.038139384341,1464.278399708456,,1679.155457019702,,1875.665749683462,,2053.2477988562,,2006.276999186258
"MESSAGEix-GLOBIOM-GAINS 2.1-M-R12","Very Low - SSP2","Middle East (R10)","Capacity|Electricity|Wind|Offshore","GW",1,0,,0,0,20.7699876548757,45.48499932609687,124.4601734533681,236.5806461150907,382.5688587520295,417.3294359070095,,417.3294359070095,,329.2375615956128,,196.1166730974846,,162.6668688774425
"MESSAGEix-GLOBIOM-GAINS 2.1-M-R12","Very Low - SSP2","Middle East (R10)","Capacity|Electricity|Wind|Onshore","GW",1,4.003619999999994,,7.614001049999995,78.58569112125585,153.7924448249441,320.9222966302895,354.5745633378384,354.5745633378384,354.5745633378384,473.2911881372644,,675.708981016817,,958.5722677677926,,1301.665456545245,,1301.665456545245
"MESSAGEix-GLOBIOM-GAINS 2.1-M-R12","Very Low - SSP2","North America (R10)","Capacity|Electricity|Biomass","GW",1,10.84316666666667,,7.007458779996584,2.947101,0,0,0,0,0,0,,0,,0,,0,,0
"MESSAGEix-GLOBIOM-GAINS 2.1-M-R12","Very Low - SSP2","North America (R10)","Capacity|Electricity|Coal","GW",1,249.042128,,249.042128,130.9954025825419,33.46519158240029,0.5272701338366811,0,0,0,0,,0,,0,,0,,0
"MESSAGEix-GLOBIOM-GAINS 2.1-M-R12","Very Low - SSP2","North America (R10)","Capacity|Electricity|Gas","GW",1,518.6904261678121,,522.9326335234293,518.9996335234293,328.5211243280534,305.2313915234294,305.2313915234294,229.2083615234293,0,0,,0,,0,,0,,0
"MESSAGEix-GLOBIOM-GAINS 2.1-M-R12","Very Low - SSP2","North America (R10)","Capacity|Electricity|Geothermal","GW",1,3.0796,,3.241035861132952,2.507851767098576,3.241035861132952,3.652708907616816,4.107229215434512,4.609056361960585,5.163114080964655,5.163114080964655,,3.560777557722722,,2.131969056219613,,1.276488627271866,,1.276488627271866
"MESSAGEix-GLOBIOM-GAINS 2.1-M-R12","Very Low - SSP2","North America (R10)","Capacity|Electricity|Hydro","GW",1,153.0939603039292,,160.2334524641383,166.5365395810019,187.0885685306208,196.7591188935813,196.7591188935813,196.7591188935813,196.7591188935813,196.7591188935813,,196.7591188935813,,196.7591188935813,,196.7591188935813,,196.7591188935813
"MESSAGEix-GLOBIOM-GAINS 2.1-M-R12","Very Low - SSP2","North America (R10)","Capacity|Electricity|Nuclear","GW",1,112.9162438857682,,115.1502438857682,111.7512438857682,87.84224388576821,70.80324388576821,40.60724388576821,12.0432438857682,9.092243885768198,7.935243885768198,,3.604185062238806,,2.919092531119403,,0,,0
"MESSAGEix-GLOBIOM-GAINS 2.1-M-R12","Very Low - SSP2","North America (R10)","Capacity|Electricity|Oil","GW",1,61.342633,,61.342633,25.30524309765451,0,0,0,0,0,0,,0,,0,,0,,0
"MESSAGEix-GLOBIOM-GAINS 2.1-M-R12","Very Low - SSP2","North America (R10)","Capacity|Electricity|Solar|CSP","GW",1,1.7579,,1.74748,1.7579,1.747314882352941,1.747314882352941,1.747314882352941,1.747314882352941,1.747314882352941,1.747314882352941,,1.747314882352941,,1.747314882352941,,1.747314882352941,,1.747314882352941
"MESSAGEix-GLOBIOM-GAINS 2.1-M-R12","Very Low - SSP2","North America (R10)","Capacity|Electricity|Solar|PV","GW",1,98.88475900000006,,227.8469517,293.14388107,670.9766817769496,727.7082863503248,926.5962221288491,1219.641076129747,1358.177304334215,1408.074750407349,,1437.664188198662,,1495.096124969509,,1483.520090957429,,1433.875036073002
"MESSAGEix-GLOBIOM-GAINS 2.1-M-R12","Very Low - SSP2","North America (R10)","Capacity|Electricity|Wind|Offshore","GW",1,0.0293,,0.0413,0.0413,0.0413,0.0413,0.0413,0.0413001,0.0413,0.0413001,,0.0413,,0.0413,,0.0413,,0.0413
"MESSAGEix-GLOBIOM-GAINS 2.1-M-R12","Very Low - SSP2","North America (R10)","Capacity|Electricity|Wind|Onshore","GW",1,132.26562,,182.90245927,250,444.2532978323152,584.5746867532838,605.4161003473175,704.7061933989245,774.2338668325169,800.459261475367,,848.8504174042762,,953.1830422508918,,946.168545389652,,887.0714624355809
"MESSAGEix-GLOBIOM-GAINS 2.1-M-R12","Very Low - SSP2","Pacific OECD (R10)","Capacity|Electricity|Biomass","GW",1,3.898757062146893,,1.557241001494171,0,0,0,0,0,0,0,,0,,0,,0,,0
"MESSAGEix-GLOBIOM-GAINS 2.1-M-R12","Very Low - SSP2","Pacific OECD (R10)","Capacity|Electricity|Coal","GW",1,70.36024575531668,,70.36024575531668,56.80261029536685,13.25240188045918,0,0,0,0,0,,0,,0,,0,,0
"MESSAGEix-GLOBIOM-GAINS 2.1-M-R12","Very Low - SSP2","Pacific OECD (R10)","Capacity|Electricity|Gas","GW",1,110.1910789920773,,85.41538020823548,45.7525014193961,49.03000591145852,47.97440144015369,34.13858529158034,3.466035,0,0,,0,,0,,0,,0
"MESSAGEix-GLOBIOM-GAINS 2.1-M-R12","Very Low - SSP2","Pacific OECD (R10)","Capacity|Electricity|Geothermal","GW",1,1.5301,,1.828163479082504,1.828163479082504,2.187247050935256,2.612573175848236,2.958835321266438,3.341136708897522,3.763228332017722,4.229251590296267,,5.311858675035642,,6.631550670379732,,8.240247848815924,,10.20124073279095
"MESSAGEix-GLOBIOM-GAINS 2.1-M-R12","Very Low - SSP2","Pacific OECD (R10)","Capacity|Electricity|Hydro","GW",1,39.49249770017558,,41.42462981460719,42.03656250000001,43.4626817447496,44.98896321070234,44.98896321070234,44.98896321070234,44.98896321070234,44.98896321070234,,44.98896321070234,,44.98896321070234,,44.98896321070234,,44.98896321070235
"MESSAGEix-GLOBIOM-GAINS 2.1-M-R12","Very Low - SSP2","Pacific OECD (R10)","Capacity|Electricity|Nuclear","GW",1,31.679,,31.679,34.332,32.772,30.932,26.513,20.326,3.519000000000001,3.519000000000001,,0,,0,,0,,0
"MESSAGEix-GLOBIOM-GAINS 2.1-M-R12","Very Low - SSP2","Pacific OECD (R10)","Capacity|Electricity|Oil","GW",1,8.181666666666668,,8.181666666666668,0,0,0,0,0,0,0,,0,,0,,0,,0
"MESSAGEix-GLOBIOM-GAINS 2.1-M-R12","Very Low - SSP2","Pacific OECD (R10)","Capacity|Electricity|Solar|CSP","GW",1,0.003,,0.003,0.003,0.003,0.003,0.003,0.003,0.003,0.003,,0.003,,0.003,,0.003,,0.003
"MESSAGEix-GLOBIOM-GAINS 2.1-M-R12","Very Low - SSP2","Pacific OECD (R10)","Capacity|Electricity|Solar|PV","GW",1,93.92997399999996,,147.2843810500001,165.2483118499999,257.2446024722916,267.8505535680933,282.7388406653985,272.3834217292043,262.7340362807793,252.7009091182521,,234.7602449950685,,234.2682103076802,,231.2176100208657,,230.8841417295014
"MESSAGEix-GLOBIOM-GAINS 2.1-M-R12","Very Low - SSP2","Pacific OECD (R10)","Capacity|Electricity|Wind|Offshore","GW",1,0.066,,0.19,0.19,0.19,0.19,8.994268823710936,8.994268823710936,8.994268823710936,8.994268823710936,,0.19,,0.19,,0.19,,0.19
"MESSAGEix-GLOBIOM-GAINS 2.1-M-R12","Very Low - SSP2","Pacific OECD (R10)","Capacity|Electricity|Wind|Onshore","GW",1,14.95799999999999,,24.86854156,45.00000000000001,45.00000000000001,45.00000000000001,58.07170543449286,76.55014760437643,76.55014760437643,75.07617549703883,,79.83958413031965,,102.635738170744,,110.4422881179404,,110.150248430742
"MESSAGEix-GLOBIOM-GAINS 2.1-M-R12","Very Low - SSP2","Reforming Economies (R10)","Capacity|Electricity|Biomass","GW",1,0.166642,,0.166642,0,0,0,0,0,0,0,,0,,0,,0,,0
"MESSAGEix-GLOBIOM-GAINS 2.1-M-R12","Very Low - SSP2","Reforming Economies (R10)","Capacity|Electricity|Coal","GW",1,71.88830946112427,,71.88830946112427,61.3832,31.23110053106783,2.385178467659421,0,0,0,0,,0,,0,,0,,0
"MESSAGEix-GLOBIOM-GAINS 2.1-M-R12","Very Low - SSP2","Reforming Economies (R10)","Capacity|Electricity|Gas","GW",1,163.3161130289362,,65.34724666992554,94.41723540472574,70.44129827337977,66.03940830254477,39.84322557788717,53.07008709991654,50.05710033265988,58.44970537128906,,58.44970537128906,,36.75837048602635,,5.160382061068904,,0
"MESSAGEix-GLOBIOM-GAINS 2.1-M-R12","Very Low - SSP2","Reforming Economies (R10)","Capacity|Electricity|Geothermal","GW",1,1.704028049575995,,4.057033224398767,4.057033224398767,5.674519410211722,7.907236468147566,10.98919506817863,15.24341473230697,21.11577945209064,29.22177070894443,,54.15501460605761,,94.7056463459058,,115.6020790233666,,92.93623604814263
"MESSAGEix-GLOBIOM-GAINS 2.1-M-R12","Very Low - SSP2","Reforming Economies (R10)","Capacity|Electricity|Hydro","GW",1,71.62413617170489,,72.16587777771305,70.42018651816433,71.25770662891509,72.45552168523355,73.78878244847631,74.06458756749828,74.3544615194594,74.65912195623275,,75.3158577963467,,75.3158577963467,,75.3158577963467,,75.3158577963467
"MESSAGEix-GLOBIOM-GAINS 2.1-M-R12","Very Low - SSP2","Reforming Economies (R10)","Capacity|Electricity|Nuclear","GW",1,41.435,,43.745,44.945,45.166,41.923,30.4,20.925,19.025,19.025,,14.711,,8.238,,2.05,,0
"MESSAGEix-GLOBIOM-GAINS 2.1-M-R12","Very Low - SSP2","Reforming Economies (R10)","Capacity|Electricity|Oil","GW",1,2.540761968878508,,2.540761968878508,12.09041384615385,8.733413846153846,3.220765277377456,1.258767692307692,0,0,0,,0,,0,,0,,0
"MESSAGEix-GLOBIOM-GAINS 2.1-M-R12","Very Low - SSP2","Reforming Economies (R10)","Capacity|Electricity|Solar|CSP","GW",1,0,,0,0,0,0,0,0,0,0,,0,,0,,0,,0
"MESSAGEix-GLOBIOM-GAINS 2.1-M-R12","Very Low - SSP2","Reforming Economies (R10)","Capacity|Electricity|Solar|PV","GW",1,11.551139,,14.69517620999999,27.86820349280111,230.1938693913312,443.7847669933396,626.6318509104531,738.4893284418815,768.2206778997631,792.9248180874266,,815.5196086296949,,957.2824380145087,,1087.858559385571,,1220.88424855753
"MESSAGEix-GLOBIOM-GAINS 2.1-M-R12","Very Low - SSP2","Reforming Economies (R10)","Capacity|Electricity|Wind|Offshore","GW",1,0,,0,0,11.90740364704092,11.90740364704092,11.90740364704092,11.90740364704092,0,0,,0,,0,,0,,0
"MESSAGEix-GLOBIOM-GAINS 2.1-M-R12","Very Low - SSP2","Reforming Economies (R10)","Capacity|Electricity|Wind|Onshore","GW",1,3.077279999999995,,7.65204334999999,10.8,60.8728840740036,134.2440036455483,214.7285918588091,266.8655635357289,304.597930516804,336.5015477572771,,347.6823293889764,,482.7047538518117,,691.045880674037,,867.0123848835294
"MESSAGEix-GLOBIOM-GAINS 2.1-M-R12","Very Low - SSP2","Rest of Asia (R10)","Capacity|Electricity|Biomass","GW",1,6.273094170403587,,1.749498611130558,1.199341845392549,0,0,0,0,0,0,,0,,0,,0,,0
"MESSAGEix-GLOBIOM-GAINS 2.1-M-R12","Very Low - SSP2","Rest of Asia (R10)","Capacity|Electricity|Coal","GW",1,122.006779,,122.006779,104.770529,6.51,0,0,0,0,0,,0,,0,,0,,0
"MESSAGEix-GLOBIOM-GAINS 2.1-M-R12","Very Low - SSP2","Rest of Asia (R10)","Capacity|Electricity|Gas","GW",1,144.787275208618,,194.6587278265598,163.92004405522,137.1493116129363,71.83450916726126,60.52925853688402,60.52925853688402,0,0.3805341754066761,,0.3805341754066761,,0.3805341754066761,,0,,0
"MESSAGEix-GLOBIOM-GAINS 2.1-M-R12","Very Low - SSP2","Rest of Asia (R10)","Capacity|Electricity|Geothermal","GW",1,4.108487925049457,,4.763584209632405,3.729667657782741,4.240708612233362,3.321224807963863,2.649524807963863,2.050151789835785,1.586368373956437,1.586368373956437,,1.263844034741322,,0.8106558525945821,,0.485369603958158,,0.290608711073252
"MESSAGEix-GLOBIOM-GAINS 2.1-M-R12","Very Low - SSP2","Rest of Asia (R10)","Capacity|Electricity|Hydro","GW",1,24.02399432742623,,26.96635058915755,76.17508267899233,146.0487871034727,165.4888888888889,171.6333333333333,177.7777777777778,180.7888888888889,183.8,,186.6000000000001,,187.8666666666667,,188.4222222222222,,188.4222222222222
"MESSAGEix-GLOBIOM-GAINS 2.1-M-R12","Very Low - SSP2","Rest of Asia (R10)","Capacity|Electricity|Nuclear","GW",1,24.945,,27.699,25.842,19.97,16.23,12.25,11.254,8.267999999999999,5.433999999999999,,1.34,,0,,0,,0
"MESSAGEix-GLOBIOM-GAINS 2.1-M-R12","Very Low - SSP2","Rest of Asia (R10)","Capacity|Electricity|Oil","GW",1,43.70637234063739,,43.70637234063739,40.6617358679657,0.43825,0.3910400000000001,0,0,0,0,,0,,0,,0,,0
"MESSAGEix-GLOBIOM-GAINS 2.1-M-R12","Very Low - SSP2","Rest of Asia (R10)","Capacity|Electricity|Solar|CSP","GW",1,0,,0.005,0.005,0.005,0.005,0.005,0.005,0.005,0.005,,0.005,,0.005,,0.005,,0.005
"MESSAGEix-GLOBIOM-GAINS 2.1-M-R12","Very Low - SSP2","Rest of Asia (R10)","Capacity|Electricity|Solar|PV","GW",1,24.04987,,45.75635057965,206.7036727637737,505.4900662204279,756.1161843616661,1015.508049999627,1217.411071461772,1318.669363740355,1368.887256140388,,1454.620489826687,,1551.476488101826,,1538.567454212989,,1399.420314669855
"MESSAGEix-GLOBIOM-GAINS 2.1-M-R12","Very Low - SSP2","Rest of Asia (R10)","Capacity|Electricity|Wind|Offshore","GW",1,0.264,,6.192845349999951,6.192845349999951,49.12061079441821,114.3038141194437,114.3038141194438,114.3038141194438,114.3038141194438,49.71446015303,,49.71446015302995,,49.71446015302995,,49.71446015302995,,49.71446015302995
"MESSAGEix-GLOBIOM-GAINS 2.1-M-R12","Very Low - SSP2","Rest of Asia (R10)","Capacity|Electricity|Wind|Onshore","GW",1,4.51015,,7.35773843,11.3,73.1643783929567,196.3126443441736,278.6847042041369,440.3392981461301,502.1526749950346,621.5625800141053,,847.7226845570347,,973.6803024183994,,1010.053977486043,,957.4923747411166
"MESSAGEix-GLOBIOM-GAINS 2.1-M-R12","Very Low - SSP2","World","Capacity|Electricity|Biomass","GW",1,74.79346052734448,,27.6903090795026,31.13070897575055,3.465365048595918,0,0,0,0,0,,0,,0,,0,,0
"MESSAGEix-GLOBIOM-GAINS 2.1-M-R12","Very Low - SSP2","World","Capacity|Electricity|Coal","GW",1,1969.950044062275,,2223.807869737113,1788.679370338854,735.690338174999,409.2898863847461,291.5922323651288,116.1037201758599,0,0,,0,,0,,0,,0
"MESSAGEix-GLOBIOM-GAINS 2.1-M-R12","Very Low - SSP2","World","Capacity|Electricity|Gas","GW",1,1710.909362770017,,1682.178845754564,1521.676339222945,1067.649448144875,921.288551627291,828.5761753487666,617.4647296713918,67.99926633166687,65.43502767635583,,62.00684607517179,,39.04085633145743,,6.299150782558637,,0.681822898805164
"MESSAGEix-GLOBIOM-GAINS 2.1-M-R12","Very Low - SSP2","World","Capacity|Electricity|Geothermal","GW",1,14.69414021588627,,18.84172165098881,16.80378441980661,21.32497844841859,24.04205860770013,28.21769762565882,33.44685946627455,40.69370491830245,50.6523979776911,,76.96142894014159,,116.9818352804386,,138.8146136469983,,120.0660195891179
"MESSAGEix-GLOBIOM-GAINS 2.1-M-R12","Very Low - SSP2","World","Capacity|Electricity|Hydro","GW",1,1177.647252728238,,1334.645941870141,1390.390597491266,1674.324883432043,1742.581695323333,1765.020924945871,1784.736032257521,1798.318660783063,1811.916075793418,,1827.712811633531,,1836.539478300198,,1841.455033855754,,1843.895033855754
"MESSAGEix-GLOBIOM-GAINS 2.1-M-R12","Very Low - SSP2","World","Capacity|Electricity|Nuclear","GW",1,379.7261021699021,,406.1101021699021,435.0001021699021,417.0788740733444,391.549502074052,341.9460373930646,273.0585475299832,235.409543956861,204.1838105488555,,148.6348833042734,,86.02146480660076,,24.06120805588059,,3.430443369289268
"MESSAGEix-GLOBIOM-GAINS 2.1-M-R12","Very Low - SSP2","World","Capacity|Electricity|Oil","GW",1,302.0646931262729,,282.6493572633288,143.6142112850038,50.32345970363716,23.69330640045438,21.33776881538461,8.956825199999999,0,0,,0,,0,,0,,0
"MESSAGEix-GLOBIOM-GAINS 2.1-M-R12","Very Low - SSP2","World","Capacity|Electricity|Solar|CSP","GW",1,6.474639999999999,,6.852018325946716,6.862438325946716,6.917289112871958,7.380827644004783,8.74183195961452,11.49620855815231,16.41388358256127,24.71576597134834,,60.306947564236,,140.0601252601129,,318.0355503976931,,339.2096324920276
"MESSAGEix-GLOBIOM-GAINS 2.1-M-R12","Very Low - SSP2","World","Capacity|Electricity|Solar|PV","GW",1,780.7984195631003,,2040.499520720003,4698.051515646312,8616.118481233709,10323.08693418368,12050.82022922869,13721.575941762,15003.69590549781,16267.03165789644,,17873.86791646873,,19126.54968082493,,19584.98605526258,,19550.15953174703
"MESSAGEix-GLOBIOM-GAINS 2.1-M-R12","Very Low - SSP2","World","Capacity|Electricity|Wind|Offshore","GW",1,34.3884,,102.7240830499999,109.7727202291499,328.6599320137169,435.1983836581737,545.9662251415265,700.8663792792794,822.8709754797746,828.2935411944069,,812.9167708680103,,738.3983490983146,,592.8896301803601,,387.5675640724145
"MESSAGEix-GLOBIOM-GAINS 2.1-M-R12","Very Low - SSP2","World","Capacity|Electricity|Wind|Onshore","GW",1,699.0911899999993,,1176.645762239998,1759.968841523145,3156.150897462529,4467.738971953684,5251.937183580245,6440.204955409234,7668.343825033911,8740.89096786891,,10143.92641532472,,11361.22897175595,,12087.3479812038,,12363.14141232357
"MESSAGEix-GLOBIOM-GAINS 2.1-M-R12","High - SSP3","Africa (R10)","Capacity|Electricity|Biomass","GW",1,1.113321,,1.113321,1.113321,1.017771,0.8761869999999999,0.633887,0,0,0,,0,,0,,0,,0
"MESSAGEix-GLOBIOM-GAINS 2.1-M-R12","High - SSP3","Africa (R10)","Capacity|Electricity|Coal","GW",1,41.51253000000001,,40.26270674435904,40.12304677838596,40.12304677838596,28.70669381165024,21.90377194736202,28.43873933329875,36.50424558059173,39.82557929485333,,90.56815419424044,,194.8141368723222,,403.3734045874502,,400.0704219639435
"MESSAGEix-GLOBIOM-GAINS 2.1-M-R12","High - SSP3","Africa (R10)","Capacity|Electricity|Gas","GW",1,18.69870472046891,,20.63241632522865,27.79991459774966,69.4043872864882,108.9522906231911,176.4197540075094,240.0990486077209,338.8086010565121,449.978539383391,,636.6479022071943,,873.132924298211,,1148.935765184674,,1450.520036606528
"MESSAGEix-GLOBIOM-GAINS 2.1-M-R12","High - SSP3","Africa (R10)","Capacity|Electricity|Geothermal","GW",1,0.893440965427266,,1.300346850553046,1.357074767302201,1.220694297285061,0.9445499777541381,0.730874767302201,0.5655369626381911,0.437601721141082,0.437601721141082,,0.437601721141082,,0.386650140759453,,0.231501721834403,,0.231501721834403
"MESSAGEix-GLOBIOM-GAINS 2.1-M-R12","High - SSP3","Africa (R10)","Capacity|Electricity|Hydro","GW",1,27.66276923678868,,35.32506947625536,30.15151771095597,31.05010062523302,32.36000671317475,32.36000671317475,32.36000671317475,32.36000671317475,32.36000671317475,,32.36000671317475,,32.36000671317475,,32.36000671317475,,171.9293136510748
"MESSAGEix-GLOBIOM-GAINS 2.1-M-R12","High - SSP3","Africa (R10)","Capacity|Electricity|Nuclear","GW",1,1.854,,1.854,0,0,0,0,0,0,0,,0,,0,,0,,0
"MESSAGEix-GLOBIOM-GAINS 2.1-M-R12","High - SSP3","Africa (R10)","Capacity|Electricity|Oil","GW",1,5.165108923076923,,3.830012,16.07061554081371,16.07061554081371,16.07061554081371,14.150436,11.738397,0,0,,0,,0,,0,,0
"MESSAGEix-GLOBIOM-GAINS 2.1-M-R12","High - SSP3","Africa (R10)","Capacity|Electricity|Solar|CSP","GW",1,0.5,,0.5,0.5,0.5,0.5,0.5,0.5,0.5,0.5,,0.5,,0.5,,0.5,,0.5
"MESSAGEix-GLOBIOM-GAINS 2.1-M-R12","High - SSP3","Africa (R10)","Capacity|Electricity|Solar|PV","GW",1,5.142512990000028,,16.99393156999998,47.31,71.49677519761524,130.276720486742,178.3539121376736,211.204069542293,277.9409736980006,303.1712293763677,,516.3471009685865,,919.7663677706291,,1360.226992906003,,1750.770449197741
"MESSAGEix-GLOBIOM-GAINS 2.1-M-R12","High - SSP3","Africa (R10)","Capacity|Electricity|Wind|Offshore","GW",1,0,,0,0,0,0,0,0,0,0,,0,,0,,0,,0
"MESSAGEix-GLOBIOM-GAINS 2.1-M-R12","High - SSP3","Africa (R10)","Capacity|Electricity|Wind|Onshore","GW",1,3.443759999999995,,5.46705159999999,9.23,9.23,9.23,9.23,9.23,9.230000000000004,9.23,,58.34017801525046,,82.9076513244376,,116.3346751051089,,358.179064142706
"MESSAGEix-GLOBIOM-GAINS 2.1-M-R12","High - SSP3","China+ (R10)","Capacity|Electricity|Biomass","GW",1,17.59559803921568,,7.780474148235297,2.185409826850286,0,0,0,0,0,0,,0,,0,,0,,0
"MESSAGEix-GLOBIOM-GAINS 2.1-M-R12","High - SSP3","China+ (R10)","Capacity|Electricity|Coal","GW",1,1016.06974186106,,1290.207217028692,1284.634804712493,1383.1449730662,1414.411234054429,1411.653391089755,1257.697983925494,1124.37518721008,1127.668119808545,,1023.785997126226,,952.7827382435876,,962.2196886656179,,1050.791465986354
"MESSAGEix-GLOBIOM-GAINS 2.1-M-R12","High - SSP3","China+ (R10)","Capacity|Electricity|Gas","GW",1,83.47350744295,,94.02351573825875,118.2331336607647,239.2734631551884,445.942736073904,533.5474222392527,684.5479597510193,814.3729119448215,806.185135055245,,800.9990439166015,,766.8416615191942,,740.3484231826515,,664.4181538778971
"MESSAGEix-GLOBIOM-GAINS 2.1-M-R12","High - SSP3","China+ (R10)","Capacity|Electricity|Geothermal","GW",1,0.02605,,0.027305635065168,0.022337441362757,0.016834603530952,0.012695985671733,0.010295985671733,0.007966837445560001,0.006164586947535001,0.006164586947535001,,0.006164586947535001,,0.006164586947535001,,0.003690965920636,,0.003690965920636
"MESSAGEix-GLOBIOM-GAINS 2.1-M-R12","High - SSP3","China+ (R10)","Capacity|Electricity|Hydro","GW",1,375.4594046215433,,478.7472251327483,466.2147515722256,464.8936380037217,463.0905999287057,463.0905999287057,463.0905999287057,463.0905999287058,463.0905999287058,,463.0905999287058,,463.0905999287058,,463.0905999287058,,463.0905999287057
"MESSAGEix-GLOBIOM-GAINS 2.1-M-R12","High - SSP3","China+ (R10)","Capacity|Electricity|Nuclear","GW",1,47.74499999999999,,54.794,77.1,78.23899999999999,78.23899999999999,78.23899999999999,78.23899999999999,73.73899999999999,63.06792317806237,,30.84475410829514,,11.55155248690191,,0,,0
"MESSAGEix-GLOBIOM-GAINS 2.1-M-R12","High - SSP3","China+ (R10)","Capacity|Electricity|Oil","GW",1,8.477073400012786,,2.658651247301434,12.65169058941538,17.11541539823829,14.26059424439213,11.61205124439214,7.908036244392136,6.796855244392136,5.140734039592136,,0,,0,,0,,0
"MESSAGEix-GLOBIOM-GAINS 2.1-M-R12","High - SSP3","China+ (R10)","Capacity|Electricity|Solar|CSP","GW",1,0.546,,0.5700000000000001,0.5700000000000001,0.5700000000000001,0.5700000000000001,0.5700000000000001,0.5700000000000001,0.5700000000000001,0.5700000000000001,,0.5700000000000001,,0.5700000000000001,,0.5700000000000001,,0.5700000000000001
"MESSAGEix-GLOBIOM-GAINS 2.1-M-R12","High - SSP3","China+ (R10)","Capacity|Electricity|Solar|PV","GW",1,284.2940310000004,,982.8490843385495,1909.442029491683,2001.896814819489,2052.136152934977,2081.716266787141,2136.803598288967,2250.347965006171,2216.57454875088,,2351.135489720714,,2469.083992178258,,2402.125013759309,,2376.971890900222
"MESSAGEix-GLOBIOM-GAINS 2.1-M-R12","High - SSP3","China+ (R10)","Capacity|Electricity|Wind|Offshore","GW",1,9.089200000000002,,56.99273507000004,56.99273507000007,56.99273507000007,56.99273507,56.99273507,56.99273506999999,56.99273507000004,56.99273507000004,,56.99273507000007,,56.99273507000007,,56.99273507000004,,56.99273507000004
"MESSAGEix-GLOBIOM-GAINS 2.1-M-R12","High - SSP3","China+ (R10)","Capacity|Electricity|Wind|Onshore","GW",1,273.5801199999995,,550.337080789999,692.4899999999999,697.368949720987,702.5245494024358,704.6739502327794,705.1196079016854,706.8679763216331,709.0768989850903,,706.8665472377488,,709.4801564073045,,714.7569788808648,,723.943875819173
"MESSAGEix-GLOBIOM-GAINS 2.1-M-R12","High - SSP3","Europe (R10)","Capacity|Electricity|Biomass","GW",1,19.66899035361752,,5.263758331624268,0,0,0,0,0,0,0,,0,,0,,0,,0
"MESSAGEix-GLOBIOM-GAINS 2.1-M-R12","High - SSP3","Europe (R10)","Capacity|Electricity|Coal","GW",1,132.3394821041925,,125.985202662743,80.73140725100242,64.85430725100241,49.33170813832126,42.25963054790387,46.20249931616726,40.65504512641795,51.64695423909821,,75.368367297476,,106.742347422353,,144.6437529430255,,163.7175332933597
"MESSAGEix-GLOBIOM-GAINS 2.1-M-R12","High - SSP3","Europe (R10)","Capacity|Electricity|Gas","GW",1,215.0796984297791,,180.1085239910108,185.1405107222474,209.0539494926068,309.3682452574149,398.7284835815758,429.834833733601,444.9921558070724,439.3393690758359,,420.961465688305,,463.4663728002437,,471.6684043903774,,504.5230485355305
"MESSAGEix-GLOBIOM-GAINS 2.1-M-R12","High - SSP3","Europe (R10)","Capacity|Electricity|Geothermal","GW",1,1.61717,,1.902239432375606,1.902239432375606,1.565529360845562,1.293675374923995,1.000982655382477,0.7745412975030921,0.5997316284416451,0.5997316284416451,,0.5997316284416451,,0.402102108139084,,0.240753385488495,,0.240753385488495
"MESSAGEix-GLOBIOM-GAINS 2.1-M-R12","High - SSP3","Europe (R10)","Capacity|Electricity|Hydro","GW",1,207.1625370759525,,216.457285529931,216.4585902533723,222.184987942496,228.5218930395826,228.5218930395826,228.5218930395826,228.5218930395826,228.5218930395826,,228.5218930395826,,228.5218930395826,,228.5218930395826,,228.5218930395826
"MESSAGEix-GLOBIOM-GAINS 2.1-M-R12","High - SSP3","Europe (R10)","Capacity|Electricity|Nuclear","GW",1,104.0473684210526,,108.8063684210526,112.2233684210526,112.7843684210526,48.56492882181531,21.31736842105263,17.94636842105263,16.94336842105263,14.33036842105263,,12.126,,11.66903080027961,,4.931000000000001,,0
"MESSAGEix-GLOBIOM-GAINS 2.1-M-R12","High - SSP3","Europe (R10)","Capacity|Electricity|Oil","GW",1,37.38208495389576,,37.38208495389576,33.54411671064476,27.27236,17.531689,11.883898,5.817017,0,0,,0,,0,,0,,0
"MESSAGEix-GLOBIOM-GAINS 2.1-M-R12","High - SSP3","Europe (R10)","Capacity|Electricity|Solar|CSP","GW",1,2.31213,,2.322174,2.322174,2.322174,2.322174,2.322174,2.322174,2.322174,2.322174,,2.322174,,2.322174,,2.322174,,2.322174
"MESSAGEix-GLOBIOM-GAINS 2.1-M-R12","High - SSP3","Europe (R10)","Capacity|Electricity|Solar|PV","GW",1,174.4364500000004,,348.1967539100012,639.62,639.62,639.62,639.62,639.62,658.9017459876395,639.62,,856.2653687675393,,932.995986890556,,984.9950061865567,,1058.046551599896
"MESSAGEix-GLOBIOM-GAINS 2.1-M-R12","High - SSP3","Europe (R10)","Capacity|Electricity|Wind|Offshore","GW",1,24.93989999999999,,39.30720262999995,39.30720262999997,39.30720263000001,39.30720263000001,39.30720262999998,39.30720262999998,39.30720263,39.30720262999998,,39.30720262999997,,39.30720262999997,,39.30720263,,39.30720263
"MESSAGEix-GLOBIOM-GAINS 2.1-M-R12","High - SSP3","Europe (R10)","Capacity|Electricity|Wind|Onshore","GW",1,190.2000999999999,,265.6607075899993,295.33,295.33,295.33,295.33,295.33,295.33,295.33,,295.3299999999999,,295.33,,295.33,,295.3299999999999
"MESSAGEix-GLOBIOM-GAINS 2.1-M-R12","High - SSP3","India+ (R10)","Capacity|Electricity|Biomass","GW",1,4.930473,,4.930473,4.928472999999999,4.140350930406139,0,0,0,0,0,,0,,0,,0,,0
"MESSAGEix-GLOBIOM-GAINS 2.1-M-R12","High - SSP3","India+ (R10)","Capacity|Electricity|Coal","GW",1,239.0917185,,255.1446007061513,281.5674771494004,323.5327567050003,376.4623310355382,417.3033524011025,433.2845982194183,583.6828051762068,775.4787881393383,,1004.392498100854,,1253.987897650079,,1543.738483634636,,1690.055176271648
"MESSAGEix-GLOBIOM-GAINS 2.1-M-R12","High - SSP3","India+ (R10)","Capacity|Electricity|Gas","GW",1,57.12988824999999,,120.1783800569897,134.7913493081149,182.1322807722709,298.333441749448,458.1285057414243,639.7005895072635,726.058806479052,733.682243232011,,893.4968042532706,,1166.681993116316,,1441.795589982071,,1652.112192775367
"MESSAGEix-GLOBIOM-GAINS 2.1-M-R12","High - SSP3","India+ (R10)","Capacity|Electricity|Geothermal","GW",1,0,,0,0,0,0,0,0,0,0,,0,,0,,0,,0
"MESSAGEix-GLOBIOM-GAINS 2.1-M-R12","High - SSP3","India+ (R10)","Capacity|Electricity|Hydro","GW",1,61.5104934365328,,70.17765639875613,62.62116438787718,60.39459572801096,58.55126755086824,58.55126755086823,58.55126755086822,58.55126755086822,58.55126755086822,,58.55126755086822,,58.55126755086822,,58.55126755086822,,175.8474576271186
"MESSAGEix-GLOBIOM-GAINS 2.1-M-R12","High - SSP3","India+ (R10)","Capacity|Electricity|Nuclear","GW",1,7.483,,10.777,16.201,17.945,16.24,15.75,14.654,12.614,10.852,,0,,0,,0,,0
"MESSAGEix-GLOBIOM-GAINS 2.1-M-R12","High - SSP3","India+ (R10)","Capacity|Electricity|Oil","GW",1,24.78252330438446,,24.78252330438446,18.7325142,18.0582782,16.9998452,14.0301742,8.956825199999999,0,0,,0,,0,,0,,0
"MESSAGEix-GLOBIOM-GAINS 2.1-M-R12","High - SSP3","India+ (R10)","Capacity|Electricity|Solar|CSP","GW",1,0.3285,,0.3425,0.3425,0.3425,0.3425,0.3425,0.3425,0.3425,0.3425,,0.3425,,0.3425,,0.3425,,0.3425
"MESSAGEix-GLOBIOM-GAINS 2.1-M-R12","High - SSP3","India+ (R10)","Capacity|Electricity|Solar|PV","GW",1,52.87408341134989,,117.0767878646999,458.2471058849377,715.1906116240343,816.4204097098755,966.5866114907869,1230.677585061752,1450.587944901746,1559.007234654133,,2134.945435359316,,2664.770087794104,,2908.107486617199,,3073.09755615376
"MESSAGEix-GLOBIOM-GAINS 2.1-M-R12","High - SSP3","India+ (R10)","Capacity|Electricity|Wind|Offshore","GW",1,0,,0,0,0,0,0,0,0,0,,0,,0,,0,,0
"MESSAGEix-GLOBIOM-GAINS 2.1-M-R12","High - SSP3","India+ (R10)","Capacity|Electricity|Wind|Onshore","GW",1,39.97896999999995,,56.05794807999995,73.88,73.88,88.85175979909624,103.7264894692129,145.3420553188374,145.3420553188374,145.3420553188374,,197.6396232950328,,242.184286767286,,293.3056343224913,,510.8373283232652
"MESSAGEix-GLOBIOM-GAINS 2.1-M-R12","High - SSP3","Latin America (R10)","Capacity|Electricity|Biomass","GW",1,10.39858823529412,,6.038447648697992,0,0,0,0,0,0,0,,0,,0,,0,,0
"MESSAGEix-GLOBIOM-GAINS 2.1-M-R12","High - SSP3","Latin America (R10)","Capacity|Electricity|Coal","GW",1,18.69986881995844,,2.375699864016036,4.133,4.133,5.2370808032,7.560156026394757,11.22909958791364,12.25099054541089,18.4989010613595,,34.78430199929245,,53.03745047360747,,73.35356822273998,,92.92347284240934
"MESSAGEix-GLOBIOM-GAINS 2.1-M-R12","High - SSP3","Latin America (R10)","Capacity|Electricity|Gas","GW",1,105.159015947756,,84.43824685738869,85.599724,99.29624782813305,178.3879558479363,265.3946356453625,352.0355988709907,474.4003720398407,562.8680643470709,,712.3412294745451,,838.7431339010764,,927.4272562573823,,984.0179062516385
"MESSAGEix-GLOBIOM-GAINS 2.1-M-R12","High - SSP3","Latin America (R10)","Capacity|Electricity|Geothermal","GW",1,1.735269907727328,,1.724277830018537,1.321589754609918,1.013036191849543,0.7765893190898691,0.600910011377845,0.4649727119570841,0.35978702097007,0.35978702097007,,0.298086832833061,,0.178475597917729,,0.106859933226001,,0.286686248034048
"MESSAGEix-GLOBIOM-GAINS 2.1-M-R12","High - SSP3","Latin America (R10)","Capacity|Electricity|Hydro","GW",1,197.5379286509483,,209.6477850184081,201.6744141373424,203.905558430028,206.1896923996649,206.1896923996649,206.1896923996649,214.4921306401837,214.4921306401837,,214.4921306401837,,214.4921306401837,,214.4921306401837,,215.1532637556207
"MESSAGEix-GLOBIOM-GAINS 2.1-M-R12","High - SSP3","Latin America (R10)","Capacity|Electricity|Nuclear","GW",1,5.369489863081315,,5.369489863081315,6.369489863081315,4.400489863081314,0,0,0,0,0,,0,,0,,0,,0
"MESSAGEix-GLOBIOM-GAINS 2.1-M-R12","High - SSP3","Latin America (R10)","Capacity|Electricity|Oil","GW",1,18.059195,,0,16.25804777457729,16.25804777457729,16.25804777457729,16.25804777457729,16.25804777457729,0,0,,0,,0,,0,,0
"MESSAGEix-GLOBIOM-GAINS 2.1-M-R12","High - SSP3","Latin America (R10)","Capacity|Electricity|Solar|CSP","GW",1,0,,0.12527,0.12527,0.12527,0.12527,0.12527,0.12527,0.12527,0.12527,,0.12527,,0.12527,,0.12527,,0.12527
"MESSAGEix-GLOBIOM-GAINS 2.1-M-R12","High - SSP3","Latin America (R10)","Capacity|Electricity|Solar|PV","GW",1,24.68465199999999,,107.5037147600006,233.78,370.3638416524306,472.6412326064568,553.2138707930851,632.995705322315,717.1006020799031,793.8755556585384,,925.3622812202057,,1036.453941250637,,1130.975620056439,,1381.35397299308
"MESSAGEix-GLOBIOM-GAINS 2.1-M-R12","High - SSP3","Latin America (R10)","Capacity|Electricity|Wind|Offshore","GW",1,0,,0,0,0,0,0,0,0,0,,0,,0,,0,,0
"MESSAGEix-GLOBIOM-GAINS 2.1-M-R12","High - SSP3","Latin America (R10)","Capacity|Electricity|Wind|Onshore","GW",1,33.07356999999995,,68.72819046999994,74.36000000000001,74.36000000000001,74.36000000000001,84.3095209720378,125.8134407813143,147.8432743200308,165.5498669100792,,196.0904932726889,,222.5470671085805,,243.043546782805,,258.904752318008
"MESSAGEix-GLOBIOM-GAINS 2.1-M-R12","High - SSP3","Middle East (R10)","Capacity|Electricity|Biomass","GW",1,0.00038,,0,0,0,0,0,0,0,0,,0,,0,,0,,0
"MESSAGEix-GLOBIOM-GAINS 2.1-M-R12","High - SSP3","Middle East (R10)","Capacity|Electricity|Coal","GW",1,9.439,,9.439,7.489000000000001,4.266,2.956,1.556,0,0,0,,5.93152872024466,,21.3272329590658,,54.56540369087539,,127.5431157673946
"MESSAGEix-GLOBIOM-GAINS 2.1-M-R12","High - SSP3","Middle East (R10)","Capacity|Electricity|Gas","GW",1,328.5266204153608,,288.6259835575341,285.7313935575341,356.6404198461815,460.3921772292387,521.2415145471036,627.1078288730489,791.5686464626767,921.791523751594,,1073.497609726842,,1201.082728914728,,1285.995856101218,,1273.915660276049
"MESSAGEix-GLOBIOM-GAINS 2.1-M-R12","High - SSP3","Middle East (R10)","Capacity|Electricity|Geothermal","GW",1,0,,0,0,0,0,0,0,0,0,,0,,0,,0.15642458571054,,0.347105282841681
"MESSAGEix-GLOBIOM-GAINS 2.1-M-R12","High - SSP3","Middle East (R10)","Capacity|Electricity|Hydro","GW",1,20.07953120323607,,23.4961538750416,19.14078763574404,17.88908153150564,16.81005857538722,16.81005857538722,16.81005857538721,16.81005857538721,16.81005857538721,,16.81005857538721,,16.81005857538721,,16.81005857538721,,16.81005857538721
"MESSAGEix-GLOBIOM-GAINS 2.1-M-R12","High - SSP3","Middle East (R10)","Capacity|Electricity|Nuclear","GW",1,2.252,,6.236,6.236,11.61,3.861655646639155,0,0,0,0,,0,,0,,0,,0
"MESSAGEix-GLOBIOM-GAINS 2.1-M-R12","High - SSP3","Middle East (R10)","Capacity|Electricity|Oil","GW",1,109.6202029230769,,109.6047029230769,134.7323438645992,134.7323438645992,85.60245292307694,72.90633192307692,53.93492292307693,0,0,,0,,0,,0,,0
"MESSAGEix-GLOBIOM-GAINS 2.1-M-R12","High - SSP3","Middle East (R10)","Capacity|Electricity|Solar|CSP","GW",1,1.02711,,1.236594325946717,1.236594325946717,1.236594325946717,1.236594325946717,1.236594325946717,1.236594325946717,1.236594325946717,1.236594325946717,,1.236594325946717,,1.236594325946717,,1.236594325946717,,1.236594325946717
"MESSAGEix-GLOBIOM-GAINS 2.1-M-R12","High - SSP3","Middle East (R10)","Capacity|Electricity|Solar|PV","GW",1,10.9509479925,,32.10758805239995,163.87,193.3337136533996,287.8421027431166,429.0121090314516,585.1718455236389,668.9557161563805,757.1336366862057,,893.4721763748475,,1013.097548178612,,1114.601216934909,,1301.730493804478
"MESSAGEix-GLOBIOM-GAINS 2.1-M-R12","High - SSP3","Middle East (R10)","Capacity|Electricity|Wind|Offshore","GW",1,0,,0,0,0,0,0,0,0,0,,0,,0,,0,,0
"MESSAGEix-GLOBIOM-GAINS 2.1-M-R12","High - SSP3","Middle East (R10)","Capacity|Electricity|Wind|Onshore","GW",1,4.003619999999994,,7.614001049999995,9.41,9.41,9.41,9.410000000000002,9.41,9.41,9.41,,11.52827635383137,,99.25871065085788,,106.5431744903888,,220.8188436988411
"MESSAGEix-GLOBIOM-GAINS 2.1-M-R12","High - SSP3","North America (R10)","Capacity|Electricity|Biomass","GW",1,10.84316666666667,,4.381757653766238,6.969871911558371,6.969871911558371,0,0,0,0,0,,0,,0,,0,,0
"MESSAGEix-GLOBIOM-GAINS 2.1-M-R12","High - SSP3","North America (R10)","Capacity|Electricity|Coal","GW",1,249.042128,,249.042128,217.241888,141.504888,91.6279454535386,83.54868484654757,100.7025868143297,114.4178292775541,128.5980316255721,,167.002613682613,,212.2987619379364,,257.9032399754761,,312.1529945256204
"MESSAGEix-GLOBIOM-GAINS 2.1-M-R12","High - SSP3","North America (R10)","Capacity|Electricity|Gas","GW",1,518.6883750804069,,525.6327100866496,526.3489646211193,687.2802685722309,796.6224283002229,929.0100031117694,1006.575765240099,1132.643358742505,1302.382909264335,,1632.600188350382,,1832.763216765851,,2030.334650093661,,2159.450928981958
"MESSAGEix-GLOBIOM-GAINS 2.1-M-R12","High - SSP3","North America (R10)","Capacity|Electricity|Geothermal","GW",1,3.0796,,3.241035861132952,3.241035861132952,3.241035861132952,2.507851767098576,2.843214424181878,3.213481895977696,3.622287103636856,4.073641085661525,,5.122170338193324,,6.400321646230861,,7.958380958637617,,9.857646566482321
"MESSAGEix-GLOBIOM-GAINS 2.1-M-R12","High - SSP3","North America (R10)","Capacity|Electricity|Hydro","GW",1,153.0939603039292,,160.2334524641383,166.536539581002,174.3082476750057,182.864235172651,182.864235172651,182.864235172651,182.864235172651,184.2154128833224,,184.2154128833224,,184.2154128833223,,184.2154128833224,,184.2154128833224
"MESSAGEix-GLOBIOM-GAINS 2.1-M-R12","High - SSP3","North America (R10)","Capacity|Electricity|Nuclear","GW",1,112.9162438857682,,115.1502438857682,111.7512438857682,87.84224388576821,70.80324388576821,40.60724388576821,12.0432438857682,9.092243885768198,7.935243885768198,,3.604185062238806,,2.919092531119403,,0,,0
"MESSAGEix-GLOBIOM-GAINS 2.1-M-R12","High - SSP3","North America (R10)","Capacity|Electricity|Oil","GW",1,61.342633,,61.342633,57.824987,26.431433,14.281679,8.445183,3.535486,0,0,,0,,0,,0,,0
"MESSAGEix-GLOBIOM-GAINS 2.1-M-R12","High - SSP3","North America (R10)","Capacity|Electricity|Solar|CSP","GW",1,1.7579,,1.74748,1.7579,1.747314882352941,1.747314882352941,1.747314882352941,1.747314882352941,1.747314882352941,1.747314882352941,,1.747314882352941,,1.747314882352941,,1.747314882352941,,1.747314882352941
"MESSAGEix-GLOBIOM-GAINS 2.1-M-R12","High - SSP3","North America (R10)","Capacity|Electricity|Solar|PV","GW",1,98.88475899999996,,227.8469517,260.4938810699999,260.4938810699999,272.132978143543,498.5240714345296,528.7765441157582,571.5313214254014,629.0124587255386,,745.9177998843402,,824.7981574503899,,1169.506115200581,,1481.225483820728
"MESSAGEix-GLOBIOM-GAINS 2.1-M-R12","High - SSP3","North America (R10)","Capacity|Electricity|Wind|Offshore","GW",1,0.0293,,0.0413,0.0413,0.0413,0.0413,0.0413,0.0413,0.0413,0.0413,,0.0413,,0.0413,,0.0413,,0.0413
"MESSAGEix-GLOBIOM-GAINS 2.1-M-R12","High - SSP3","North America (R10)","Capacity|Electricity|Wind|Onshore","GW",1,132.26562,,182.90245927,216.45,216.45,216.45,216.45,269.1767610578981,296.7445436159762,335.7786621201987,,420.5802651505107,,477.7990432054737,,545.0969668822464,,597.6648500153348
"MESSAGEix-GLOBIOM-GAINS 2.1-M-R12","High - SSP3","Pacific OECD (R10)","Capacity|Electricity|Biomass","GW",1,3.901992352941177,,2.832772306996304,0.076380893510718,0,0,0,0,0,0,,0,,0,,0,,0
"MESSAGEix-GLOBIOM-GAINS 2.1-M-R12","High - SSP3","Pacific OECD (R10)","Capacity|Electricity|Coal","GW",1,70.47240000000001,,70.47240000000001,57.06403524260253,49.96403524260252,34.28368799277755,23.14222202085869,16.23844198725835,22.00516412323757,35.7837472220415,,71.74749556194173,,104.5870934530257,,113.1259146226977,,122.6177932641505
"MESSAGEix-GLOBIOM-GAINS 2.1-M-R12","High - SSP3","Pacific OECD (R10)","Capacity|Electricity|Gas","GW",1,109.1556778015794,,77.19403772804914,72.55612740962712,79.55186982388598,118.3776600609283,123.9810807289607,135.3978394180693,127.3451467689351,127.3451467689351,,98.96894703134149,,75.70568214772756,,47.94505545230747,,47.94505545230747
"MESSAGEix-GLOBIOM-GAINS 2.1-M-R12","High - SSP3","Pacific OECD (R10)","Capacity|Electricity|Geothermal","GW",1,1.5301,,1.828163479082504,1.828163479082504,1.828163479082504,1.828163479082504,1.414598050747722,1.094589005893245,0.8469721071572681,0.8469721071572681,,0.8469721071572681,,0.727659343751897,,0.4356765282862181,,0.4356765282862181
"MESSAGEix-GLOBIOM-GAINS 2.1-M-R12","High - SSP3","Pacific OECD (R10)","Capacity|Electricity|Hydro","GW",1,39.49249770017558,,41.42462981460719,42.03656250000001,43.4626817447496,44.98896321070235,44.98896321070234,44.98896321070234,44.98896321070235,44.98896321070235,,44.98896321070235,,44.98896321070235,,44.98896321070235,,44.98896321070235
"MESSAGEix-GLOBIOM-GAINS 2.1-M-R12","High - SSP3","Pacific OECD (R10)","Capacity|Electricity|Nuclear","GW",1,31.679,,31.679,34.332,32.772,0,0,0,0,0,,0,,0,,0,,0
"MESSAGEix-GLOBIOM-GAINS 2.1-M-R12","High - SSP3","Pacific OECD (R10)","Capacity|Electricity|Oil","GW",1,14.1232724423008,,14.1232724423008,13.65092823529412,13.65092823529412,10.896686,4.524945000000001,1.508703,0,0,,0,,0,,0,,0
"MESSAGEix-GLOBIOM-GAINS 2.1-M-R12","High - SSP3","Pacific OECD (R10)","Capacity|Electricity|Solar|CSP","GW",1,0.003,,0.003,0.003,0.003,0.003,0.003,0.003,0.003,0.003,,0.003,,0.003,,0.003,,0.003
"MESSAGEix-GLOBIOM-GAINS 2.1-M-R12","High - SSP3","Pacific OECD (R10)","Capacity|Electricity|Solar|PV","GW",1,93.92997400000021,,147.2843810500001,156.2683118499999,156.2683118499999,168.8557891682012,214.4904233247242,214.4904233247242,214.4904233247242,214.4904233247242,,220.9625745465337,,227.2774467657279,,234.3953572155682,,242.7739164002986
"MESSAGEix-GLOBIOM-GAINS 2.1-M-R12","High - SSP3","Pacific OECD (R10)","Capacity|Electricity|Wind|Offshore","GW",1,0.066,,0.19,0.19,0.19,0.19,0.19,0.19,0.19,0.19,,0.19,,0.19,,0.19,,0.19
"MESSAGEix-GLOBIOM-GAINS 2.1-M-R12","High - SSP3","Pacific OECD (R10)","Capacity|Electricity|Wind|Onshore","GW",1,14.95799999999999,,24.86854156,34.93000000000001,34.93000000000002,34.93000000000002,34.93000000000002,34.93000000000003,34.93000000000005,34.93000000000002,,34.93000000000002,,34.93,,34.93,,34.93
"MESSAGEix-GLOBIOM-GAINS 2.1-M-R12","High - SSP3","Reforming Economies (R10)","Capacity|Electricity|Biomass","GW",1,0.1448875,,0.1448875,0,0,0,0,0,0,0,,0,,0,,0,,0
"MESSAGEix-GLOBIOM-GAINS 2.1-M-R12","High - SSP3","Reforming Economies (R10)","Capacity|Electricity|Coal","GW",1,72.24775100842987,,71.25547523861854,47.22225951486789,34.92045951486788,19.94683686405157,14.88613684461676,10.86995517673823,10.35146062998335,17.98419147378559,,42.06817514085101,,79.79934104759832,,135.4987173399584,,221.5343746549083
"MESSAGEix-GLOBIOM-GAINS 2.1-M-R12","High - SSP3","Reforming Economies (R10)","Capacity|Electricity|Gas","GW",1,163.3161130289362,,59.84391306907241,70.22592463770665,83.00518059646667,104.3587717573141,127.9352108389705,158.2743897700651,170.6054245054852,163.2960530079543,,166.6543252878022,,151.1048414240618,,158.3978899725682,,130.4395618963795
"MESSAGEix-GLOBIOM-GAINS 2.1-M-R12","High - SSP3","Reforming Economies (R10)","Capacity|Electricity|Geothermal","GW",1,1.704028049575995,,4.057033224398767,4.057033224398767,4.057033224398767,3.963033224398766,3.355033224398766,2.372814382876521,1.836038537695679,1.836038537695679,,1.836038537695679,,1.826133933668804,,1.0933738420842,,1.0933738420842
"MESSAGEix-GLOBIOM-GAINS 2.1-M-R12","High - SSP3","Reforming Economies (R10)","Capacity|Electricity|Hydro","GW",1,71.62413617170489,,72.16587777771305,70.42018651816433,70.5485738860207,70.69422222222222,70.69422222222222,70.69422222222222,70.69422222222222,70.69422222222222,,70.69422222222222,,70.69422222222222,,70.69422222222222,,70.69422222222222
"MESSAGEix-GLOBIOM-GAINS 2.1-M-R12","High - SSP3","Reforming Economies (R10)","Capacity|Electricity|Nuclear","GW",1,41.435,,43.745,44.945,45.166,32.74357772482277,13.68439842602775,1.9,0,0,,0,,0,,0,,0
"MESSAGEix-GLOBIOM-GAINS 2.1-M-R12","High - SSP3","Reforming Economies (R10)","Capacity|Electricity|Oil","GW",1,8.733413846153846,,8.733413846153846,12.09041384615385,8.733413846153846,3.683613846153846,1.258767692307692,0.350452856428442,0,0,,0,,0,,0,,0
"MESSAGEix-GLOBIOM-GAINS 2.1-M-R12","High - SSP3","Reforming Economies (R10)","Capacity|Electricity|Solar|CSP","GW",1,0,,0,0,0,0,0,0,0,0,,0,,0,,0,,0
"MESSAGEix-GLOBIOM-GAINS 2.1-M-R12","High - SSP3","Reforming Economies (R10)","Capacity|Electricity|Solar|PV","GW",1,11.551139,,14.69517620999999,15.70513715,44.70571755900219,117.197543601022,171.1761025465856,180.9178214959507,192.1413960702364,200.2033340832552,,234.6148073864898,,274.2142618363169,,310.2355330775748,,351.2432870255822
"MESSAGEix-GLOBIOM-GAINS 2.1-M-R12","High - SSP3","Reforming Economies (R10)","Capacity|Electricity|Wind|Offshore","GW",1,0,,0,0,0,0,0,0,0,0,,0,,0,,0,,0
"MESSAGEix-GLOBIOM-GAINS 2.1-M-R12","High - SSP3","Reforming Economies (R10)","Capacity|Electricity|Wind|Onshore","GW",1,3.077279999999995,,7.65204334999999,9.23,9.23,9.23,9.230000000000002,9.230000000000011,9.230000000000011,9.23,,16.94643795467815,,16.94643795467815,,32.44361186112572,,37.44484051295051
"MESSAGEix-GLOBIOM-GAINS 2.1-M-R12","High - SSP3","Rest of Asia (R10)","Capacity|Electricity|Biomass","GW",1,6.274187823529411,,2.912882523666903,0,0,0,0,0,0,0,,0,,0,,0,,0
"MESSAGEix-GLOBIOM-GAINS 2.1-M-R12","High - SSP3","Rest of Asia (R10)","Capacity|Electricity|Coal","GW",1,122.15754335,,124.4136827012406,116.4362925389098,110.4226439000456,108.3280327583631,91.67009815841251,61.77277695521015,56.20824656528305,75.56639343922473,,134.7582819538443,,227.0344416597782,,280.4931189434078,,262.6726860321268
"MESSAGEix-GLOBIOM-GAINS 2.1-M-R12","High - SSP3","Rest of Asia (R10)","Capacity|Electricity|Gas","GW",1,152.54893051,,187.8856569271551,240.434036919647,327.9124752719032,381.8631123234442,439.8692425361569,507.1670197845589,527.5345390577681,573.8191468981548,,542.3421617848039,,428.6611842936395,,333.1151598744518,,398.2226576020962
"MESSAGEix-GLOBIOM-GAINS 2.1-M-R12","High - SSP3","Rest of Asia (R10)","Capacity|Electricity|Geothermal","GW",1,4.1091,,4.763584209632405,3.729667657782741,2.920568939008377,2.287321978600859,1.769886144966127,1.369504160520151,1.059696213237433,1.059696213237433,,1.059362395818914,,0.752755404258114,,0.450702466740651,,0.450702466740651
"MESSAGEix-GLOBIOM-GAINS 2.1-M-R12","High - SSP3","Rest of Asia (R10)","Capacity|Electricity|Hydro","GW",1,24.0257385582046,,26.96702094188992,25.87029565861236,24.90469345826618,24.05898822029191,24.05898822029192,24.05898822029192,24.05898822029192,24.05898822029193,,24.05898822029193,,86.0389558702559,,183.5896780056154,,188.6666666666666
"MESSAGEix-GLOBIOM-GAINS 2.1-M-R12","High - SSP3","Rest of Asia (R10)","Capacity|Electricity|Nuclear","GW",1,24.945,,27.699,25.842,19.97,16.23,12.25,11.254,8.267999999999999,5.433999999999999,,1.34,,0,,0,,0
"MESSAGEix-GLOBIOM-GAINS 2.1-M-R12","High - SSP3","Rest of Asia (R10)","Capacity|Electricity|Oil","GW",1,47.52051800506459,,47.52051800506459,43.20020652307692,33.11849360000001,22.7109596,13.0796946,5.289336599999999,0,0,,0,,0,,0,,0
"MESSAGEix-GLOBIOM-GAINS 2.1-M-R12","High - SSP3","Rest of Asia (R10)","Capacity|Electricity|Solar|CSP","GW",1,0,,0.005,0.005,0.005,0.005,0.005,0.005,0.005,0.005,,0.005,,0.005,,0.005,,0.005
"MESSAGEix-GLOBIOM-GAINS 2.1-M-R12","High - SSP3","Rest of Asia (R10)","Capacity|Electricity|Solar|PV","GW",1,24.12426881324997,,45.8307493928999,162.5483345,162.5483345,257.4862848687344,352.5952330083177,469.6489528210107,645.2620125781945,668.4772751668152,,889.5000957713243,,943.2811839170066,,993.0963711042001,,1056.457388098324
"MESSAGEix-GLOBIOM-GAINS 2.1-M-R12","High - SSP3","Rest of Asia (R10)","Capacity|Electricity|Wind|Offshore","GW",1,0.264,,6.192845349999951,6.192845349999951,6.192845349999951,6.192845349999952,6.192845349999952,6.192845349999952,6.192845349999952,6.192845349999952,,6.192845350000006,,6.192845350000006,,6.192845349999952,,25.84880471737241
"MESSAGEix-GLOBIOM-GAINS 2.1-M-R12","High - SSP3","Rest of Asia (R10)","Capacity|Electricity|Wind|Onshore","GW",1,4.510149999999999,,7.357738429999999,10.32,10.32,28.49052573839958,59.60629595571721,61.41079318595531,61.41079318595531,67.11205148461595,,68.86361238529595,,121.0154382156968,,117.2625604512474,,121.0187869156968
"MESSAGEix-GLOBIOM-GAINS 2.1-M-R12","High - SSP3","World","Capacity|Electricity|Biomass","GW",1,74.8715849712646,,35.398774112987,15.27345663191938,12.12799384196451,0.8761869999999999,0.633887,0,0,0,,0,,0,,0,,0
"MESSAGEix-GLOBIOM-GAINS 2.1-M-R12","High - SSP3","World","Capacity|Electricity|Coal","GW",1,1971.072163643641,,2238.59811294582,2136.643211187662,2156.866110458106,2131.291550911869,2115.483443882954,1966.436681315828,2000.450974234765,2271.050706303818,,2650.407413777583,,3206.411441719354,,3968.915292625885,,4444.079034601915
"MESSAGEix-GLOBIOM-GAINS 2.1-M-R12","High - SSP3","World","Capacity|Electricity|Gas","GW",1,1751.776531627237,,1638.563384337337,1746.861079434511,2333.550542645356,3202.598819223042,3974.255852978085,4780.740873556437,5548.329962864669,6080.688130784527,,6978.509677721089,,7798.18373918105,,8585.964050491362,,9265.565202255752
"MESSAGEix-GLOBIOM-GAINS 2.1-M-R12","High - SSP3","World","Capacity|Electricity|Geothermal","GW",1,14.69475892273059,,18.84398652225899,17.45914161804745,15.86289595713372,13.61388110662044,11.72579526402875,9.863407254811543,8.768278919227571,9.21963290125224,,10.20612814822851,,10.68026276167348,,10.67736438792877,,12.94713700771266
"MESSAGEix-GLOBIOM-GAINS 2.1-M-R12","High - SSP3","World","Capacity|Electricity|Hydro","GW",1,1177.648996959016,,1334.642156429489,1301.124809955296,1313.542159025038,1328.129927033251,1328.129927033251,1328.129927033251,1336.43236527377,1337.783542984441,,1337.783542984441,,1399.763510634405,,1497.314232769765,,1759.917851560403
"MESSAGEix-GLOBIOM-GAINS 2.1-M-R12","High - SSP3","World","Capacity|Electricity|Nuclear","GW",1,379.7261021699021,,406.1101021699021,435.0001021699021,410.7291021699021,266.6824060790454,181.8480107328486,136.0366123068208,120.6566123068208,101.6195354848832,,47.91493917053395,,26.13967581830093,,4.931000000000001,,0
"MESSAGEix-GLOBIOM-GAINS 2.1-M-R12","High - SSP3","World","Capacity|Electricity|Oil","GW",1,335.206025797966,,309.9778117221778,358.7558642845752,311.4413294596764,218.2961831290139,168.149529434354,115.2972245984748,6.796855244392136,5.140734039592136,,0,,0,,0,,0
"MESSAGEix-GLOBIOM-GAINS 2.1-M-R12","High - SSP3","World","Capacity|Electricity|Solar|CSP","GW",1,6.474639999999999,,6.852018325946716,6.862438325946716,6.851853208299658,6.851853208299658,6.851853208299658,6.851853208299658,6.851853208299658,6.851853208299658,,6.851853208299658,,6.851853208299658,,6.851853208299658,,6.851853208299658
"MESSAGEix-GLOBIOM-GAINS 2.1-M-R12","High - SSP3","World","Capacity|Electricity|Solar|PV","GW",1,780.8728182071007,,2040.385118848551,4047.284799946621,4615.918001925971,5214.609214262669,6085.288600554296,6830.306545496409,7647.260101228398,7981.565696426458,,9768.523129999896,,11305.73897403224,,12608.26471305834,,14073.67098999411
"MESSAGEix-GLOBIOM-GAINS 2.1-M-R12","High - SSP3","World","Capacity|Electricity|Wind|Offshore","GW",1,34.3884,,102.7240830499999,102.72408305,102.72408305,102.72408305,102.7240830499999,102.7240830499999,102.72408305,102.72408305,,102.72408305,,102.72408305,,102.72408305,,122.3800424173725
"MESSAGEix-GLOBIOM-GAINS 2.1-M-R12","High - SSP3","World","Capacity|Electricity|Wind|Onshore","GW",1,699.0911899999993,,1176.645762189998,1425.63,1430.508949720987,1468.806834939932,1526.896256629747,1664.992658245691,1716.338642762433,1780.989534818822,,2007.115433665037,,2302.398791634315,,2499.047148776278,,3159.072341745975
"MESSAGEix-GLOBIOM-GAINS 2.1-M-R12","High-to-Low - SSP3","Africa (R10)","Capacity|Electricity|Biomass","GW",1,1.113321,,1.113321,1.113321,1.017771,0.8761869999999999,0.633887,0,0,0,,0,,0,,0,,0
"MESSAGEix-GLOBIOM-GAINS 2.1-M-R12","High-to-Low - SSP3","Africa (R10)","Capacity|Electricity|Coal","GW",1,41.51253000000001,,40.26270674435904,40.12304677838596,40.12304677838596,28.70669381165024,21.90377194736202,28.43873933329875,36.50424558059173,39.82557929485333,,22.61807821973186,,24.46811379244587,,4.559883158325745,,4.382917635408083
"MESSAGEix-GLOBIOM-GAINS 2.1-M-R12","High-to-Low - SSP3","Africa (R10)","Capacity|Electricity|Gas","GW",1,18.69870472046891,,20.63241632522865,27.79991459774966,69.4043872864882,108.9522906231911,176.4197540075094,240.0990486077209,338.8086010565121,449.978539383391,,393.1283225593236,,430.3078155858976,,381.313565028099,,376.8759883199526
"MESSAGEix-GLOBIOM-GAINS 2.1-M-R12","High-to-Low - SSP3","Africa (R10)","Capacity|Electricity|Geothermal","GW",1,0.893440965427266,,1.300346850553046,1.357074767302201,1.220694297285061,0.9445499777541381,0.730874767302201,0.5655369626381911,0.437601721141082,0.437601721141082,,0.965064013055808,,1.939755804870392,,3.740878090943327,,7.069152235274808
"MESSAGEix-GLOBIOM-GAINS 2.1-M-R12","High-to-Low - SSP3","Africa (R10)","Capacity|Electricity|Hydro","GW",1,27.66276923678868,,35.32506947625536,30.15151771095597,31.05010062523302,32.36000671317475,32.36000671317475,32.36000671317475,32.36000671317475,32.36000671317475,,157.5693136510748,,165.1293136510748,,169.4893136510748,,171.9293136510749
"MESSAGEix-GLOBIOM-GAINS 2.1-M-R12","High-to-Low - SSP3","Africa (R10)","Capacity|Electricity|Nuclear","GW",1,1.854,,1.854,0,0,0,0,0,0,0,,14.14708749552949,,48.17009644624849,,73.01514062740486,,73.01514062740486
"MESSAGEix-GLOBIOM-GAINS 2.1-M-R12","High-to-Low - SSP3","Africa (R10)","Capacity|Electricity|Oil","GW",1,5.165108923076923,,3.830012,16.07061554081371,16.07061554081371,16.07061554081371,14.150436,11.738397,0,0,,0,,0,,0,,0
"MESSAGEix-GLOBIOM-GAINS 2.1-M-R12","High-to-Low - SSP3","Africa (R10)","Capacity|Electricity|Solar|CSP","GW",1,0.5,,0.5,0.5,0.5,0.5,0.5,0.5,0.5,0.5,,1.886858483356318,,6.2732798081954,,6.0732798081954,,4.686421324839082
"MESSAGEix-GLOBIOM-GAINS 2.1-M-R12","High-to-Low - SSP3","Africa (R10)","Capacity|Electricity|Solar|PV","GW",1,5.142512990000028,,16.99393156999998,47.31,71.49677519761524,130.276720486742,178.3539121376736,211.204069542293,277.9409736980006,303.1712293763677,,542.9882181023002,,959.609216947528,,1573.464634346269,,2046.505713293888
"MESSAGEix-GLOBIOM-GAINS 2.1-M-R12","High-to-Low - SSP3","Africa (R10)","Capacity|Electricity|Wind|Offshore","GW",1,0,,0,0,0,0,0,0,0,0,,7.416043258368523,,32.47606465856067,,89.95642703895089,,64.89640563875875
"MESSAGEix-GLOBIOM-GAINS 2.1-M-R12","High-to-Low - SSP3","Africa (R10)","Capacity|Electricity|Wind|Onshore","GW",1,3.443759999999995,,5.46705159999999,9.23,9.23,9.23,9.23,9.23,9.230000000000004,9.23,,74.07177658244844,,215.0639589725284,,557.5948691720736,,954.8848376370267
"MESSAGEix-GLOBIOM-GAINS 2.1-M-R12","High-to-Low - SSP3","China+ (R10)","Capacity|Electricity|Biomass","GW",1,17.59559803921568,,7.780474148235297,2.185409826850286,0,0,0,0,0,0,,0,,0,,0,,0
"MESSAGEix-GLOBIOM-GAINS 2.1-M-R12","High-to-Low - SSP3","China+ (R10)","Capacity|Electricity|Coal","GW",1,1016.06974186106,,1290.207217028692,1284.634804712493,1383.1449730662,1414.411234054429,1411.653391089755,1257.697983925494,1124.37518721008,1127.668119808545,,500.963821957111,,285.1627664948786,,54.72211925263323,,19.97503784527667
"MESSAGEix-GLOBIOM-GAINS 2.1-M-R12","High-to-Low - SSP3","China+ (R10)","Capacity|Electricity|Gas","GW",1,83.47350744295,,94.02351573825875,118.2331336607647,239.2734631551884,445.942736073904,533.5474222392527,684.5479597510193,814.3729119448215,806.185135055245,,574.8283191014634,,229.5601700751753,,48.79577951453646,,84.30610801323365
"MESSAGEix-GLOBIOM-GAINS 2.1-M-R12","High-to-Low - SSP3","China+ (R10)","Capacity|Electricity|Geothermal","GW",1,0.02605,,0.027305635065168,0.022337441362757,0.016834603530952,0.012695985671733,0.010295985671733,0.007966837445560001,0.006164586947535001,0.006164586947535001,,0.324240644119307,,0.9120099062075131,,1.998142287649684,,4.005194418661277
"MESSAGEix-GLOBIOM-GAINS 2.1-M-R12","High-to-Low - SSP3","China+ (R10)","Capacity|Electricity|Hydro","GW",1,375.4594046215433,,478.7472251327483,466.2147515722256,464.8936380037217,463.0905999287057,463.0905999287057,463.0905999287057,463.0905999287058,463.0905999287058,,486.607142857143,,486.6071428571429,,486.6071428571429,,486.6071428571429
"MESSAGEix-GLOBIOM-GAINS 2.1-M-R12","High-to-Low - SSP3","China+ (R10)","Capacity|Electricity|Nuclear","GW",1,47.74499999999999,,54.794,77.1,78.23899999999999,78.23899999999999,78.23899999999999,78.23899999999999,73.73899999999999,63.06792317806237,,143.597849247643,,287.8146818521179,,537.2421500793705,,717.5259438496194
"MESSAGEix-GLOBIOM-GAINS 2.1-M-R12","High-to-Low - SSP3","China+ (R10)","Capacity|Electricity|Oil","GW",1,8.477073400012786,,2.658651247301434,12.65169058941538,17.11541539823829,14.26059424439213,11.61205124439214,7.908036244392136,6.796855244392136,5.140734039592136,,0,,0,,0,,0
"MESSAGEix-GLOBIOM-GAINS 2.1-M-R12","High-to-Low - SSP3","China+ (R10)","Capacity|Electricity|Solar|CSP","GW",1,0.546,,0.5700000000000001,0.5700000000000001,0.5700000000000001,0.5700000000000001,0.5700000000000001,0.5700000000000001,0.5700000000000001,0.5700000000000001,,0.5700000000000001,,0.5700000000000001,,0.5700000000000001,,0.5700000000000001
"MESSAGEix-GLOBIOM-GAINS 2.1-M-R12","High-to-Low - SSP3","China+ (R10)","Capacity|Electricity|Solar|PV","GW",1,284.2940310000004,,982.8490843385495,1909.442029491683,2001.896814819489,2052.136152934977,2081.716266787141,2136.803598288967,2250.347965006171,2216.57454875088,,3926.362759552277,,3995.85185778258,,3688.237447997473,,2683.958155919821
"MESSAGEix-GLOBIOM-GAINS 2.1-M-R12","High-to-Low - SSP3","China+ (R10)","Capacity|Electricity|Wind|Offshore","GW",1,9.089200000000002,,56.99273507000004,56.99273507000007,56.99273507000007,56.99273507,56.99273507,56.99273506999999,56.99273507000004,56.99273507000004,,226.9262352756179,,560.0389353429885,,392.9853372853973,,59.87263721802672
"MESSAGEix-GLOBIOM-GAINS 2.1-M-R12","High-to-Low - SSP3","China+ (R10)","Capacity|Electricity|Wind|Onshore","GW",1,273.5801199999995,,550.337080789999,692.4899999999999,697.368949720987,702.5245494024358,704.6739502327794,705.1196079016854,706.8679763216331,709.0768989850903,,1042.766643529806,,1144.456855897903,,1073.645867649202,,948.5220676039572
"MESSAGEix-GLOBIOM-GAINS 2.1-M-R12","High-to-Low - SSP3","Europe (R10)","Capacity|Electricity|Biomass","GW",1,19.66899035361752,,5.263758331624268,0,0,0,0,0,0,0,,0,,0,,0,,0
"MESSAGEix-GLOBIOM-GAINS 2.1-M-R12","High-to-Low - SSP3","Europe (R10)","Capacity|Electricity|Coal","GW",1,132.3394821041925,,125.985202662743,80.73140725100242,64.85430725100241,49.33170813832126,42.25963054790387,46.20249931616726,40.65504512641795,51.64695423909821,,6.852700301111638,,0,,0,,0
"MESSAGEix-GLOBIOM-GAINS 2.1-M-R12","High-to-Low - SSP3","Europe (R10)","Capacity|Electricity|Gas","GW",1,215.0796984297791,,180.1085239910108,185.1405107222474,209.0539494926068,309.3682452574149,398.7284835815758,429.834833733601,444.9921558070724,439.3393690758359,,17.78957113676572,,17.78957113676572,,0,,0
"MESSAGEix-GLOBIOM-GAINS 2.1-M-R12","High-to-Low - SSP3","Europe (R10)","Capacity|Electricity|Geothermal","GW",1,1.61717,,1.902239432375606,1.902239432375606,1.565529360845562,1.293675374923995,1.000982655382477,0.7745412975030921,0.5997316284416451,0.5997316284416451,,1.421086678621252,,2.938859679359177,,5.743535782909362,,10.92626603440347
"MESSAGEix-GLOBIOM-GAINS 2.1-M-R12","High-to-Low - SSP3","Europe (R10)","Capacity|Electricity|Hydro","GW",1,207.1625370759525,,216.457285529931,216.4585902533723,222.184987942496,228.5218930395826,228.5218930395826,228.5218930395826,228.5218930395826,228.5218930395826,,303.4542630648101,,305.9099356298312,,307.4831892411143,,308.5097004138723
"MESSAGEix-GLOBIOM-GAINS 2.1-M-R12","High-to-Low - SSP3","Europe (R10)","Capacity|Electricity|Nuclear","GW",1,104.0473684210526,,108.8063684210526,112.2233684210526,112.7843684210526,48.56492882181531,21.31736842105263,17.94636842105263,16.94336842105263,14.33036842105263,,38.88337281260468,,63.18165909283924,,56.53165909283925,,51.38065909283925
"MESSAGEix-GLOBIOM-GAINS 2.1-M-R12","High-to-Low - SSP3","Europe (R10)","Capacity|Electricity|Oil","GW",1,37.38208495389576,,37.38208495389576,33.54411671064476,27.27236,17.531689,11.883898,5.817017,0,0,,0,,0,,0,,0
"MESSAGEix-GLOBIOM-GAINS 2.1-M-R12","High-to-Low - SSP3","Europe (R10)","Capacity|Electricity|Solar|CSP","GW",1,2.31213,,2.322174,2.322174,2.322174,2.322174,2.322174,2.322174,2.322174,2.322174,,2.322174,,2.322174,,2.322174,,2.322174
"MESSAGEix-GLOBIOM-GAINS 2.1-M-R12","High-to-Low - SSP3","Europe (R10)","Capacity|Electricity|Solar|PV","GW",1,174.4364500000004,,348.1967539100012,639.62,639.62,639.62,639.62,639.62,658.9017459876395,639.62,,1396.279617046645,,1546.531908983965,,1477.310404864265,,1399.101557424111
"MESSAGEix-GLOBIOM-GAINS 2.1-M-R12","High-to-Low - SSP3","Europe (R10)","Capacity|Electricity|Wind|Offshore","GW",1,24.93989999999999,,39.30720262999995,39.30720262999997,39.30720263000001,39.30720263000001,39.30720262999998,39.30720262999998,39.30720263,39.30720262999998,,47.17579970925319,,81.25837793858071,,95.7409269248789,,65.10962810378497
"MESSAGEix-GLOBIOM-GAINS 2.1-M-R12","High-to-Low - SSP3","Europe (R10)","Capacity|Electricity|Wind|Onshore","GW",1,190.2000999999999,,265.6607075899993,295.33,295.33,295.33,295.33,295.33,295.33,295.33,,500.5650786419197,,652.1266872410155,,651.4673453596155,,570.5245880802679
"MESSAGEix-GLOBIOM-GAINS 2.1-M-R12","High-to-Low - SSP3","India+ (R10)","Capacity|Electricity|Biomass","GW",1,4.930473,,4.930473,4.928472999999999,4.140350930406139,0,0,0,0,0,,0,,0,,0,,0
"MESSAGEix-GLOBIOM-GAINS 2.1-M-R12","High-to-Low - SSP3","India+ (R10)","Capacity|Electricity|Coal","GW",1,239.0917185,,255.1446007061513,281.5674771494004,323.5327567050003,376.4623310355382,417.3033524011025,433.2845982194183,583.6828051762068,775.4787881393383,,486.6634655012626,,290.8324468538902,,109.5744297031904,,0
"MESSAGEix-GLOBIOM-GAINS 2.1-M-R12","High-to-Low - SSP3","India+ (R10)","Capacity|Electricity|Gas","GW",1,57.12988824999999,,120.1783800569897,134.7913493081149,182.1322807722709,298.333441749448,458.1285057414243,639.7005895072635,726.058806479052,733.682243232011,,588.5501839930984,,300.8898779157822,,464.1003586957666,,573.1235526359765
"MESSAGEix-GLOBIOM-GAINS 2.1-M-R12","High-to-Low - SSP3","India+ (R10)","Capacity|Electricity|Geothermal","GW",1,0,,0,0,0,0,0,0,0,0,,0.15642458571054,,0.445479864290927,,0.979621947491311,,1.966657252457385
"MESSAGEix-GLOBIOM-GAINS 2.1-M-R12","High-to-Low - SSP3","India+ (R10)","Capacity|Electricity|Hydro","GW",1,61.5104934365328,,70.17765639875613,62.62116438787718,60.39459572801096,58.55126755086824,58.55126755086823,58.55126755086822,58.55126755086822,58.55126755086822,,175.8474576271187,,175.8474576271186,,175.8474576271186,,175.8474576271186
"MESSAGEix-GLOBIOM-GAINS 2.1-M-R12","High-to-Low - SSP3","India+ (R10)","Capacity|Electricity|Nuclear","GW",1,7.483,,10.777,16.201,17.945,16.24,15.75,14.654,12.614,10.852,,37.11843605960386,,97.82194899330604,,204.4693087165477,,414.2608071474713
"MESSAGEix-GLOBIOM-GAINS 2.1-M-R12","High-to-Low - SSP3","India+ (R10)","Capacity|Electricity|Oil","GW",1,24.78252330438446,,24.78252330438446,18.7325142,18.0582782,16.9998452,14.0301742,8.956825199999999,0,0,,0,,0,,0,,0
"MESSAGEix-GLOBIOM-GAINS 2.1-M-R12","High-to-Low - SSP3","India+ (R10)","Capacity|Electricity|Solar|CSP","GW",1,0.3285,,0.3425,0.3425,0.3425,0.3425,0.3425,0.3425,0.3425,0.3425,,3.74395291181076,,14.90951784536345,,14.89551784536345,,11.49406493355269
"MESSAGEix-GLOBIOM-GAINS 2.1-M-R12","High-to-Low - SSP3","India+ (R10)","Capacity|Electricity|Solar|PV","GW",1,52.87408341134989,,117.0767878646999,458.2471058849377,715.1906116240343,816.4204097098755,966.5866114907869,1230.677585061752,1450.587944901746,1559.007234654133,,2096.857105209014,,3326.676439916479,,3763.679143270477,,4285.085505643481
"MESSAGEix-GLOBIOM-GAINS 2.1-M-R12","High-to-Low - SSP3","India+ (R10)","Capacity|Electricity|Wind|Offshore","GW",1,0,,0,0,0,0,0,0,0,0,,0,,0,,0,,0
"MESSAGEix-GLOBIOM-GAINS 2.1-M-R12","High-to-Low - SSP3","India+ (R10)","Capacity|Electricity|Wind|Onshore","GW",1,39.97896999999995,,56.05794807999995,73.88,73.88,88.85175979909624,103.7264894692129,145.3420553188374,145.3420553188374,145.3420553188374,,527.4362883200092,,1190.88629734271,,1955.927415744839,,2207.462360612759
"MESSAGEix-GLOBIOM-GAINS 2.1-M-R12","High-to-Low - SSP3","Latin America (R10)","Capacity|Electricity|Biomass","GW",1,10.39858823529412,,6.038447648697992,0,0,0,0,0,0,0,,0,,0,,0,,0
"MESSAGEix-GLOBIOM-GAINS 2.1-M-R12","High-to-Low - SSP3","Latin America (R10)","Capacity|Electricity|Coal","GW",1,18.69986881995844,,2.375699864016036,4.133,4.133,5.2370808032,7.560156026394757,11.22909958791364,12.25099054541089,18.4989010613595,,0,,0,,0,,0
"MESSAGEix-GLOBIOM-GAINS 2.1-M-R12","High-to-Low - SSP3","Latin America (R10)","Capacity|Electricity|Gas","GW",1,105.159015947756,,84.43824685738869,85.599724,99.29624782813305,178.3879558479363,265.3946356453625,352.0355988709907,474.4003720398407,562.8680643470709,,507.8643475683395,,301.7908364952058,,245.1664642443227,,248.266206936642
"MESSAGEix-GLOBIOM-GAINS 2.1-M-R12","High-to-Low - SSP3","Latin America (R10)","Capacity|Electricity|Geothermal","GW",1,1.735269907727328,,1.724277830018537,1.321589754609918,1.013036191849543,0.7765893190898691,0.600910011377845,0.4649727119570841,0.35978702097007,0.35978702097007,,0.821271080931933,,1.674042420595425,,3.249869238560843,,6.161822355089029
"MESSAGEix-GLOBIOM-GAINS 2.1-M-R12","High-to-Low - SSP3","Latin America (R10)","Capacity|Electricity|Hydro","GW",1,197.5379286509483,,209.6477850184081,201.6744141373424,203.905558430028,206.1896923996649,206.1896923996649,206.1896923996649,214.4921306401837,214.4921306401837,,298.8198932264183,,372.2012322898769,,462.9135656094394,,542.4746333658782
"MESSAGEix-GLOBIOM-GAINS 2.1-M-R12","High-to-Low - SSP3","Latin America (R10)","Capacity|Electricity|Nuclear","GW",1,5.369489863081315,,5.369489863081315,6.369489863081315,4.400489863081314,0,0,0,0,0,,0.6950000000000001,,0,,0,,0
"MESSAGEix-GLOBIOM-GAINS 2.1-M-R12","High-to-Low - SSP3","Latin America (R10)","Capacity|Electricity|Oil","GW",1,18.059195,,0,16.25804777457729,16.25804777457729,16.25804777457729,16.25804777457729,16.25804777457729,0,0,,0,,0,,0,,0
"MESSAGEix-GLOBIOM-GAINS 2.1-M-R12","High-to-Low - SSP3","Latin America (R10)","Capacity|Electricity|Solar|CSP","GW",1,0,,0.12527,0.12527,0.12527,0.12527,0.12527,0.12527,0.12527,0.12527,,0.12527,,0.12527,,0.12527,,0.12527
"MESSAGEix-GLOBIOM-GAINS 2.1-M-R12","High-to-Low - SSP3","Latin America (R10)","Capacity|Electricity|Solar|PV","GW",1,24.68465199999999,,107.5037147600006,233.78,370.3638416524306,472.6412326064568,553.2138707930851,632.995705322315,717.1006020799031,793.8755556585384,,1135.056275501814,,1515.266269202327,,1505.998690704776,,1525.152305704675
"MESSAGEix-GLOBIOM-GAINS 2.1-M-R12","High-to-Low - SSP3","Latin America (R10)","Capacity|Electricity|Wind|Offshore","GW",1,0,,0,0,0,0,0,0,0,0,,0,,0,,0,,0
"MESSAGEix-GLOBIOM-GAINS 2.1-M-R12","High-to-Low - SSP3","Latin America (R10)","Capacity|Electricity|Wind|Onshore","GW",1,33.07356999999995,,68.72819046999994,74.36000000000001,74.36000000000001,74.36000000000001,84.3095209720378,125.8134407813143,147.8432743200308,165.5498669100792,,441.2587126578952,,693.9691058380904,,684.8413720951802,,693.9490512781324
"MESSAGEix-GLOBIOM-GAINS 2.1-M-R12","High-to-Low - SSP3","Middle East (R10)","Capacity|Electricity|Biomass","GW",1,0.00038,,0,0,0,0,0,0,0,0,,0,,0,,0,,0
"MESSAGEix-GLOBIOM-GAINS 2.1-M-R12","High-to-Low - SSP3","Middle East (R10)","Capacity|Electricity|Coal","GW",1,9.439,,9.439,7.489000000000001,4.266,2.956,1.556,0,0,0,,18.9980640256919,,17.04301466577628,,0,,0
"MESSAGEix-GLOBIOM-GAINS 2.1-M-R12","High-to-Low - SSP3","Middle East (R10)","Capacity|Electricity|Gas","GW",1,328.5266204153608,,288.6259835575341,285.7313935575341,356.6404198461815,460.3921772292387,521.2415145471036,627.1078288730489,791.5686464626767,921.791523751594,,306.4211693917352,,62.0245564815808,,0,,210.4573898901428
"MESSAGEix-GLOBIOM-GAINS 2.1-M-R12","High-to-Low - SSP3","Middle East (R10)","Capacity|Electricity|Geothermal","GW",1,0,,0,0,0,0,0,0,0,0,,0.15642458571054,,0.445479864290927,,0.979621947491311,,1.966657252457385
"MESSAGEix-GLOBIOM-GAINS 2.1-M-R12","High-to-Low - SSP3","Middle East (R10)","Capacity|Electricity|Hydro","GW",1,20.07953120323607,,23.4961538750416,19.14078763574404,17.88908153150564,16.81005857538722,16.81005857538722,16.81005857538721,16.81005857538721,16.81005857538721,,66.93863386544177,,66.93863386544179,,66.93863386544179,,66.93863386544179
"MESSAGEix-GLOBIOM-GAINS 2.1-M-R12","High-to-Low - SSP3","Middle East (R10)","Capacity|Electricity|Nuclear","GW",1,2.252,,6.236,6.236,11.61,3.861655646639155,0,0,0,0,,5.374,,0,,0,,0
"MESSAGEix-GLOBIOM-GAINS 2.1-M-R12","High-to-Low - SSP3","Middle East (R10)","Capacity|Electricity|Oil","GW",1,109.6202029230769,,109.6047029230769,134.7323438645992,134.7323438645992,85.60245292307694,72.90633192307692,53.93492292307693,0,0,,0,,0,,0,,0
"MESSAGEix-GLOBIOM-GAINS 2.1-M-R12","High-to-Low - SSP3","Middle East (R10)","Capacity|Electricity|Solar|CSP","GW",1,1.02711,,1.236594325946717,1.236594325946717,1.236594325946717,1.236594325946717,1.236594325946717,1.236594325946717,1.236594325946717,1.236594325946717,,4.437315113544047,,14.68580103764338,,14.12836671169667,,10.90209592409934
"MESSAGEix-GLOBIOM-GAINS 2.1-M-R12","High-to-Low - SSP3","Middle East (R10)","Capacity|Electricity|Solar|PV","GW",1,10.9509479925,,32.10758805239995,163.87,193.3337136533996,287.8421027431166,429.0121090314516,585.1718455236389,668.9557161563805,757.1336366862057,,1609.352733131199,,3199.43984931866,,2021.297783536914,,2079.678425722676
"MESSAGEix-GLOBIOM-GAINS 2.1-M-R12","High-to-Low - SSP3","Middle East (R10)","Capacity|Electricity|Wind|Offshore","GW",1,0,,0,0,0,0,0,0,0,0,,25.7809692800764,,112.8990751712955,,312.7225396669041,,417.3294359070095
"MESSAGEix-GLOBIOM-GAINS 2.1-M-R12","High-to-Low - SSP3","Middle East (R10)","Capacity|Electricity|Wind|Onshore","GW",1,4.003619999999994,,7.614001049999995,9.41,9.41,9.41,9.410000000000002,9.41,9.41,9.41,,72.73984633772629,,274.9982064394173,,675.2145056354008,,808.5516619395935
"MESSAGEix-GLOBIOM-GAINS 2.1-M-R12","High-to-Low - SSP3","North America (R10)","Capacity|Electricity|Biomass","GW",1,10.84316666666667,,4.381757653766238,6.969871911558371,6.969871911558371,0,0,0,0,0,,0,,0,,0,,0
"MESSAGEix-GLOBIOM-GAINS 2.1-M-R12","High-to-Low - SSP3","North America (R10)","Capacity|Electricity|Coal","GW",1,249.042128,,249.042128,217.241888,141.504888,91.6279454535386,83.54868484654757,100.7025868143297,114.4178292775541,128.5980316255721,,99.78690716030842,,97.80903519944088,,95.87036655296512,,93.9701241736861
"MESSAGEix-GLOBIOM-GAINS 2.1-M-R12","High-to-Low - SSP3","North America (R10)","Capacity|Electricity|Gas","GW",1,518.6883750804069,,525.6327100866496,526.3489646211193,687.2802685722309,796.6224283002229,929.0100031117694,1006.575765240099,1132.643358742505,1302.382909264335,,470.8515538860544,,299.508171870584,,192.9756895508689,,119.1025326562353
"MESSAGEix-GLOBIOM-GAINS 2.1-M-R12","High-to-Low - SSP3","North America (R10)","Capacity|Electricity|Geothermal","GW",1,3.0796,,3.241035861132952,3.241035861132952,3.241035861132952,2.507851767098576,2.843214424181878,3.213481895977696,3.622287103636856,4.073641085661525,,7.68406132838568,,14.35571734916027,,26.68419743378143,,49.46586074550206
"MESSAGEix-GLOBIOM-GAINS 2.1-M-R12","High-to-Low - SSP3","North America (R10)","Capacity|Electricity|Hydro","GW",1,153.0939603039292,,160.2334524641383,166.536539581002,174.3082476750057,182.864235172651,182.864235172651,182.864235172651,182.864235172651,184.2154128833224,,217.5928672124341,,221.4765881426667,,224.6626346542946,,227.2905416310388
"MESSAGEix-GLOBIOM-GAINS 2.1-M-R12","High-to-Low - SSP3","North America (R10)","Capacity|Electricity|Nuclear","GW",1,112.9162438857682,,115.1502438857682,111.7512438857682,87.84224388576821,70.80324388576821,40.60724388576821,12.0432438857682,9.092243885768198,7.935243885768198,,36.17723640295742,,100.2533585589147,,195.9364619290128,,256.0324841917283
"MESSAGEix-GLOBIOM-GAINS 2.1-M-R12","High-to-Low - SSP3","North America (R10)","Capacity|Electricity|Oil","GW",1,61.342633,,61.342633,57.824987,26.431433,14.281679,8.445183,3.535486,0,0,,0,,0,,0,,0
"MESSAGEix-GLOBIOM-GAINS 2.1-M-R12","High-to-Low - SSP3","North America (R10)","Capacity|Electricity|Solar|CSP","GW",1,1.7579,,1.74748,1.7579,1.747314882352941,1.747314882352941,1.747314882352941,1.747314882352941,1.747314882352941,1.747314882352941,,1.747314882352941,,1.747314882352941,,1.747314882352941,,1.747314882352941
"MESSAGEix-GLOBIOM-GAINS 2.1-M-R12","High-to-Low - SSP3","North America (R10)","Capacity|Electricity|Solar|PV","GW",1,98.88475899999996,,227.8469517,260.4938810699999,260.4938810699999,272.132978143543,498.5240714345296,528.7765441157582,571.5313214254014,629.0124587255386,,1783.255475658444,,2019.595436751832,,2196.332390394918,,2366.338586523611
"MESSAGEix-GLOBIOM-GAINS 2.1-M-R12","High-to-Low - SSP3","North America (R10)","Capacity|Electricity|Wind|Offshore","GW",1,0.0293,,0.0413,0.0413,0.0413,0.0413,0.0413,0.0413,0.0413,0.0413,,0.04130010000000001,,0.0413,,0.0413001,,0.0413
"MESSAGEix-GLOBIOM-GAINS 2.1-M-R12","High-to-Low - SSP3","North America (R10)","Capacity|Electricity|Wind|Onshore","GW",1,132.26562,,182.90245927,216.45,216.45,216.45,216.45,269.1767610578981,296.7445436159762,335.7786621201987,,628.4385874533691,,628.2347723533694,,700.0278761860247,,707.5077205991115
"MESSAGEix-GLOBIOM-GAINS 2.1-M-R12","High-to-Low - SSP3","Pacific OECD (R10)","Capacity|Electricity|Biomass","GW",1,3.901992352941177,,2.832772306996304,0.076380893510718,0,0,0,0,0,0,,0,,0,,0,,0
"MESSAGEix-GLOBIOM-GAINS 2.1-M-R12","High-to-Low - SSP3","Pacific OECD (R10)","Capacity|Electricity|Coal","GW",1,70.47240000000001,,70.47240000000001,57.06403524260253,49.96403524260252,34.28368799277755,23.14222202085869,16.23844198725835,22.00516412323757,35.7837472220415,,0.324394463674317,,0,,0,,0
"MESSAGEix-GLOBIOM-GAINS 2.1-M-R12","High-to-Low - SSP3","Pacific OECD (R10)","Capacity|Electricity|Gas","GW",1,109.1556778015794,,77.19403772804914,72.55612740962712,79.55186982388598,118.3776600609283,123.9810807289607,135.3978394180693,127.3451467689351,127.3451467689351,,0,,1.505850000000166,,1.505850000000166,,1.505850000000166
"MESSAGEix-GLOBIOM-GAINS 2.1-M-R12","High-to-Low - SSP3","Pacific OECD (R10)","Capacity|Electricity|Geothermal","GW",1,1.5301,,1.828163479082504,1.828163479082504,1.828163479082504,1.828163479082504,1.414598050747722,1.094589005893245,0.8469721071572681,0.8469721071572681,,1.721535065448025,,3.337630376786206,,6.323995201147937,,11.84246604975176
"MESSAGEix-GLOBIOM-GAINS 2.1-M-R12","High-to-Low - SSP3","Pacific OECD (R10)","Capacity|Electricity|Hydro","GW",1,39.49249770017558,,41.42462981460719,42.03656250000001,43.4626817447496,44.98896321070235,44.98896321070234,44.98896321070234,44.98896321070235,44.98896321070235,,65.31772575250837,,65.78595317725751,,66.12040133779264,,66.35451505016722
"MESSAGEix-GLOBIOM-GAINS 2.1-M-R12","High-to-Low - SSP3","Pacific OECD (R10)","Capacity|Electricity|Nuclear","GW",1,31.679,,31.679,34.332,32.772,0,0,0,0,0,,8.24779838396644,,7.81479838396644,,6.488298383966439,,5.161798383966439
"MESSAGEix-GLOBIOM-GAINS 2.1-M-R12","High-to-Low - SSP3","Pacific OECD (R10)","Capacity|Electricity|Oil","GW",1,14.1232724423008,,14.1232724423008,13.65092823529412,13.65092823529412,10.896686,4.524945000000001,1.508703,0,0,,0,,0,,0,,0
"MESSAGEix-GLOBIOM-GAINS 2.1-M-R12","High-to-Low - SSP3","Pacific OECD (R10)","Capacity|Electricity|Solar|CSP","GW",1,0.003,,0.003,0.003,0.003,0.003,0.003,0.003,0.003,0.003,,0.7342255175559571,,2.747252844523547,,2.747252844523547,,2.01732732696759
"MESSAGEix-GLOBIOM-GAINS 2.1-M-R12","High-to-Low - SSP3","Pacific OECD (R10)","Capacity|Electricity|Solar|PV","GW",1,93.92997400000021,,147.2843810500001,156.2683118499999,156.2683118499999,168.8557891682012,214.4904233247242,214.4904233247242,214.4904233247242,214.4904233247242,,312.4269956993958,,313.8561726097378,,313.3276404854975,,308.534068239998
"MESSAGEix-GLOBIOM-GAINS 2.1-M-R12","High-to-Low - SSP3","Pacific OECD (R10)","Capacity|Electricity|Wind|Offshore","GW",1,0.066,,0.19,0.19,0.19,0.19,0.19,0.19,0.19,0.19,,20.30673972665813,,20.30673972665813,,29.38376880866083,,50.12275409511372
"MESSAGEix-GLOBIOM-GAINS 2.1-M-R12","High-to-Low - SSP3","Pacific OECD (R10)","Capacity|Electricity|Wind|Onshore","GW",1,14.95799999999999,,24.86854156,34.93000000000001,34.93000000000002,34.93000000000002,34.93000000000002,34.93000000000003,34.93000000000005,34.93000000000002,,58.41622817709305,,58.41622817709305,,53.38549895709306,,34.93000000000001
"MESSAGEix-GLOBIOM-GAINS 2.1-M-R12","High-to-Low - SSP3","Reforming Economies (R10)","Capacity|Electricity|Biomass","GW",1,0.1448875,,0.1448875,0,0,0,0,0,0,0,,0,,0,,0,,0
"MESSAGEix-GLOBIOM-GAINS 2.1-M-R12","High-to-Low - SSP3","Reforming Economies (R10)","Capacity|Electricity|Coal","GW",1,72.24775100842987,,71.25547523861854,47.22225951486789,34.92045951486788,19.94683686405157,14.88613684461676,10.86995517673823,10.35146062998335,17.98419147378559,,15.93195861472396,,7.174063797166741,,7.174063797166741,,0
"MESSAGEix-GLOBIOM-GAINS 2.1-M-R12","High-to-Low - SSP3","Reforming Economies (R10)","Capacity|Electricity|Gas","GW",1,163.3161130289362,,59.84391306907241,70.22592463770665,83.00518059646667,104.3587717573141,127.9352108389705,158.2743897700651,170.6054245054852,163.2960530079543,,91.87632816151725,,0,,0,,0
"MESSAGEix-GLOBIOM-GAINS 2.1-M-R12","High-to-Low - SSP3","Reforming Economies (R10)","Capacity|Electricity|Geothermal","GW",1,1.704028049575995,,4.057033224398767,4.057033224398767,4.057033224398767,3.963033224398766,3.355033224398766,2.372814382876521,1.836038537695679,1.836038537695679,,3.54922008897003,,6.714989512702109,,12.56498015542295,,23.37511378782665
"MESSAGEix-GLOBIOM-GAINS 2.1-M-R12","High-to-Low - SSP3","Reforming Economies (R10)","Capacity|Electricity|Hydro","GW",1,71.62413617170489,,72.16587777771305,70.42018651816433,70.5485738860207,70.69422222222222,70.69422222222222,70.69422222222222,70.69422222222222,70.69422222222222,,92.68169486717667,,133.4549429223412,,199.7966532378976,,271.9398698308492
"MESSAGEix-GLOBIOM-GAINS 2.1-M-R12","High-to-Low - SSP3","Reforming Economies (R10)","Capacity|Electricity|Nuclear","GW",1,41.435,,43.745,44.945,45.166,32.74357772482277,13.68439842602775,1.9,0,0,,15.10797706573982,,46.11046513917975,,93.87131256533623,,157.5260210814271
"MESSAGEix-GLOBIOM-GAINS 2.1-M-R12","High-to-Low - SSP3","Reforming Economies (R10)","Capacity|Electricity|Oil","GW",1,8.733413846153846,,8.733413846153846,12.09041384615385,8.733413846153846,3.683613846153846,1.258767692307692,0.350452856428442,0,0,,0,,0,,0,,0
"MESSAGEix-GLOBIOM-GAINS 2.1-M-R12","High-to-Low - SSP3","Reforming Economies (R10)","Capacity|Electricity|Solar|CSP","GW",1,0,,0,0,0,0,0,0,0,0,,0,,0,,0,,0
"MESSAGEix-GLOBIOM-GAINS 2.1-M-R12","High-to-Low - SSP3","Reforming Economies (R10)","Capacity|Electricity|Solar|PV","GW",1,11.551139,,14.69517620999999,15.70513715,44.70571755900219,117.197543601022,171.1761025465856,180.9178214959507,192.1413960702364,200.2033340832552,,350.3892641732964,,568.8599680442192,,597.640314424824,,643.5230485527179
"MESSAGEix-GLOBIOM-GAINS 2.1-M-R12","High-to-Low - SSP3","Reforming Economies (R10)","Capacity|Electricity|Wind|Offshore","GW",1,0,,0,0,0,0,0,0,0,0,,18.80288133224145,,18.80288133224145,,0,,0
"MESSAGEix-GLOBIOM-GAINS 2.1-M-R12","High-to-Low - SSP3","Reforming Economies (R10)","Capacity|Electricity|Wind|Onshore","GW",1,3.077279999999995,,7.65204334999999,9.23,9.23,9.23,9.230000000000002,9.230000000000011,9.230000000000011,9.23,,72.14215428102341,,186.8021222701891,,186.8021222701891,,188.8043882024782
"MESSAGEix-GLOBIOM-GAINS 2.1-M-R12","High-to-Low - SSP3","Rest of Asia (R10)","Capacity|Electricity|Biomass","GW",1,6.274187823529411,,2.912882523666903,0,0,0,0,0,0,0,,4.412092220650208,,0,,0,,0
"MESSAGEix-GLOBIOM-GAINS 2.1-M-R12","High-to-Low - SSP3","Rest of Asia (R10)","Capacity|Electricity|Coal","GW",1,122.15754335,,124.4136827012406,116.4362925389098,110.4226439000456,108.3280327583631,91.67009815841251,61.77277695521015,56.20824656528305,75.56639343922473,,1.178118920887728,,0,,0,,0
"MESSAGEix-GLOBIOM-GAINS 2.1-M-R12","High-to-Low - SSP3","Rest of Asia (R10)","Capacity|Electricity|Gas","GW",1,152.54893051,,187.8856569271551,240.434036919647,327.9124752719032,381.8631123234442,439.8692425361569,507.1670197845589,527.5345390577681,573.8191468981548,,286.4452043818947,,201.4949589950571,,105.7298378248053,,126.9848963051234
"MESSAGEix-GLOBIOM-GAINS 2.1-M-R12","High-to-Low - SSP3","Rest of Asia (R10)","Capacity|Electricity|Geothermal","GW",1,4.1091,,4.763584209632405,3.729667657782741,2.920568939008377,2.287321978600859,1.769886144966127,1.369504160520151,1.059696213237433,1.059696213237433,,2.114625611057969,,4.064018090408529,,5.110439960676287,,6.386022381493161
"MESSAGEix-GLOBIOM-GAINS 2.1-M-R12","High-to-Low - SSP3","Rest of Asia (R10)","Capacity|Electricity|Hydro","GW",1,24.0257385582046,,26.96702094188992,25.87029565861236,24.90469345826618,24.05898822029191,24.05898822029192,24.05898822029192,24.05898822029192,24.05898822029193,,186.6,,187.8666666666667,,188.4222222222222,,188.6666666666667
"MESSAGEix-GLOBIOM-GAINS 2.1-M-R12","High-to-Low - SSP3","Rest of Asia (R10)","Capacity|Electricity|Nuclear","GW",1,24.945,,27.699,25.842,19.97,16.23,12.25,11.254,8.267999999999999,5.433999999999999,,42.68345373896612,,109.3915521648732,,225.1202725786774,,266.1684565367395
"MESSAGEix-GLOBIOM-GAINS 2.1-M-R12","High-to-Low - SSP3","Rest of Asia (R10)","Capacity|Electricity|Oil","GW",1,47.52051800506459,,47.52051800506459,43.20020652307692,33.11849360000001,22.7109596,13.0796946,5.289336599999999,0,0,,0,,0,,0,,0
"MESSAGEix-GLOBIOM-GAINS 2.1-M-R12","High-to-Low - SSP3","Rest of Asia (R10)","Capacity|Electricity|Solar|CSP","GW",1,0,,0.005,0.005,0.005,0.005,0.005,0.005,0.005,0.005,,0.005,,0.005,,0.005,,0.005
"MESSAGEix-GLOBIOM-GAINS 2.1-M-R12","High-to-Low - SSP3","Rest of Asia (R10)","Capacity|Electricity|Solar|PV","GW",1,24.12426881324997,,45.8307493928999,162.5483345,162.5483345,257.4862848687344,352.5952330083177,469.6489528210107,645.2620125781945,668.4772751668152,,1256.636687350465,,1501.547960375411,,1494.697622608782,,1498.794854553591
"MESSAGEix-GLOBIOM-GAINS 2.1-M-R12","High-to-Low - SSP3","Rest of Asia (R10)","Capacity|Electricity|Wind|Offshore","GW",1,0.264,,6.192845349999951,6.192845349999951,6.192845349999951,6.192845349999952,6.192845349999952,6.192845349999952,6.192845349999952,6.192845349999952,,60.44766340487872,,61.85718822790443,,7.602370173025655,,49.71446015302995
"MESSAGEix-GLOBIOM-GAINS 2.1-M-R12","High-to-Low - SSP3","Rest of Asia (R10)","Capacity|Electricity|Wind|Onshore","GW",1,4.510149999999999,,7.357738429999999,10.32,10.32,28.49052573839958,59.60629595571721,61.41079318595531,61.41079318595531,67.11205148461595,,279.4749248443497,,508.8006773803349,,503.5409032887355,,397.1008468988013
"MESSAGEix-GLOBIOM-GAINS 2.1-M-R12","High-to-Low - SSP3","World","Capacity|Electricity|Biomass","GW",1,74.8715849712646,,35.398774112987,15.27345663191938,12.12799384196451,0.8761869999999999,0.633887,0,0,0,,4.412092220650208,,0,,0,,0
"MESSAGEix-GLOBIOM-GAINS 2.1-M-R12","High-to-Low - SSP3","World","Capacity|Electricity|Coal","GW",1,1971.072163643641,,2238.59811294582,2136.643211187662,2156.866110458106,2131.291550911869,2115.483443882954,1966.436681315828,2000.450974234765,2271.050706303818,,1153.317509164503,,722.4894408035987,,271.9008624642812,,118.3280796543709
"MESSAGEix-GLOBIOM-GAINS 2.1-M-R12","High-to-Low - SSP3","World","Capacity|Electricity|Gas","GW",1,1751.776531627237,,1638.563384337337,1746.861079434511,2333.550542645356,3202.598819223042,3974.255852978085,4780.740873556437,5548.329962864669,6080.688130784527,,3237.755000180192,,1844.871808556049,,1439.587544858399,,1740.622524757307
"MESSAGEix-GLOBIOM-GAINS 2.1-M-R12","High-to-Low - SSP3","World","Capacity|Electricity|Geothermal","GW",1,14.69475892273059,,18.84398652225899,17.45914161804745,15.86289595713372,13.61388110662044,11.72579526402875,9.863407254811543,8.768278919227571,9.21963290125224,,18.91395368201109,,36.82798286867148,,67.37528204607445,,123.165212512917
"MESSAGEix-GLOBIOM-GAINS 2.1-M-R12","High-to-Low - SSP3","World","Capacity|Electricity|Hydro","GW",1,1177.648996959016,,1334.642156429489,1301.124809955296,1313.542159025038,1328.129927033251,1328.129927033251,1328.129927033251,1336.43236527377,1337.783542984441,,2051.428992124126,,2181.217866829418,,2348.281214303539,,2506.55847495925
"MESSAGEix-GLOBIOM-GAINS 2.1-M-R12","High-to-Low - SSP3","World","Capacity|Electricity|Nuclear","GW",1,379.7261021699021,,406.1101021699021,435.0001021699021,410.7291021699021,266.6824060790454,181.8480107328486,136.0366123068208,120.6566123068208,101.6195354848832,,342.0322112070108,,760.5585606314457,,1392.674603973155,,1941.071310911196
"MESSAGEix-GLOBIOM-GAINS 2.1-M-R12","High-to-Low - SSP3","World","Capacity|Electricity|Oil","GW",1,335.206025797966,,309.9778117221778,358.7558642845752,311.4413294596764,218.2961831290139,168.149529434354,115.2972245984748,6.796855244392136,5.140734039592136,,0,,0,,0,,0
"MESSAGEix-GLOBIOM-GAINS 2.1-M-R12","High-to-Low - SSP3","World","Capacity|Electricity|Solar|CSP","GW",1,6.474639999999999,,6.852018325946716,6.862438325946716,6.851853208299658,6.851853208299658,6.851853208299658,6.851853208299658,6.851853208299658,6.851853208299658,,15.57211090862002,,43.38561041807873,,42.61417609213201,,33.86966839181164
"MESSAGEix-GLOBIOM-GAINS 2.1-M-R12","High-to-Low - SSP3","World","Capacity|Electricity|Solar|PV","GW",1,780.8728182071007,,2040.385118848551,4047.284799946621,4615.918001925971,5214.609214262669,6085.288600554296,6830.306545496409,7647.260101228398,7981.565696426458,,14409.60513142485,,18947.23507993274,,18631.98607263419,,18836.67222157857
"MESSAGEix-GLOBIOM-GAINS 2.1-M-R12","High-to-Low - SSP3","World","Capacity|Electricity|Wind|Offshore","GW",1,34.3884,,102.7240830499999,102.72408305,102.72408305,102.72408305,102.7240830499999,102.7240830499999,102.72408305,102.72408305,,406.8976320870943,,887.6805623982294,,928.4326699978177,,707.0866211157236
"MESSAGEix-GLOBIOM-GAINS 2.1-M-R12","High-to-Low - SSP3","World","Capacity|Electricity|Wind|Onshore","GW",1,699.0911899999993,,1176.645762189998,1425.63,1430.508949720987,1468.806834939932,1526.896256629747,1664.992658245691,1716.338642762433,1780.989534818822,,3697.31024082564,,5553.754911912651,,7042.447776358354,,7512.237522852128
"MESSAGEix-GLOBIOM-GAINS 2.1-M-R12","Low-to-Negative - SSP4","Africa (R10)","Capacity|Electricity|Biomass","GW",1,1.113321,,1.113321,1.113321,0,0,0,0,0,0,,0,,0,,0,,0
"MESSAGEix-GLOBIOM-GAINS 2.1-M-R12","Low-to-Negative - SSP4","Africa (R10)","Capacity|Electricity|Coal","GW",1,41.51253000000001,,37.86456668242227,40.7161,47.57540260992921,22.17280369373293,15.09347509984068,5.826439266934017,0,0,,0,,0,,0,,0
"MESSAGEix-GLOBIOM-GAINS 2.1-M-R12","Low-to-Negative - SSP4","Africa (R10)","Capacity|Electricity|Gas","GW",1,18.69870472046891,,20.63241632522865,27.92468390080092,45.85969442089966,44.17488442089966,39.02893981826514,33.5567613846614,26.50108948114029,19.16348873374718,,1.607259935027632,,0.8036299675138151,,0,,0
"MESSAGEix-GLOBIOM-GAINS 2.1-M-R12","Low-to-Negative - SSP4","Africa (R10)","Capacity|Electricity|Geothermal","GW",1,0.893440965427266,,1.300346850553046,1.357074767302201,1.291774767302201,1.151774767302201,1.34599584104565,1.560431600142683,1.797186005281338,2.058581999067962,,2.665824555676038,,3.406049843764634,,4.308380339483644,,5.40831617875622
"MESSAGEix-GLOBIOM-GAINS 2.1-M-R12","Low-to-Negative - SSP4","Africa (R10)","Capacity|Electricity|Hydro","GW",1,27.66276923678868,,35.32506947625536,30.15151771095597,31.05010062523302,91.9851343671774,114.8393136510748,126.8293136510748,136.0293136510748,145.2293136510748,,157.5693136510749,,165.1293136510749,,169.4893136510748,,171.9293136510748
"MESSAGEix-GLOBIOM-GAINS 2.1-M-R12","Low-to-Negative - SSP4","Africa (R10)","Capacity|Electricity|Nuclear","GW",1,1.854,,1.854,0,0,0,0,0,0,0,,0,,0,,0,,0
"MESSAGEix-GLOBIOM-GAINS 2.1-M-R12","Low-to-Negative - SSP4","Africa (R10)","Capacity|Electricity|Oil","GW",1,5.165108923076923,,3.785137,16.284165,16.284165,14.44004522855743,14.150436,11.738397,0,0,,0,,0,,0,,0
"MESSAGEix-GLOBIOM-GAINS 2.1-M-R12","Low-to-Negative - SSP4","Africa (R10)","Capacity|Electricity|Solar|CSP","GW",1,0.5,,0.5,0.5,0.5,0.5,0.5,0.5,0.5,0.5,,0.5,,0.5,,0.5,,0.5
"MESSAGEix-GLOBIOM-GAINS 2.1-M-R12","Low-to-Negative - SSP4","Africa (R10)","Capacity|Electricity|Solar|PV","GW",1,5.14251299,,16.99393156999995,47.31,88.43349594059296,166.6095191829811,248.2776124326129,351.2847353364987,585.4846238715577,906.0507440613297,,1786.691788621921,,3000.805474302161,,3672.73290841665,,4206.816664504648
"MESSAGEix-GLOBIOM-GAINS 2.1-M-R12","Low-to-Negative - SSP4","Africa (R10)","Capacity|Electricity|Wind|Offshore","GW",1,0,,0,0,0,0,0,0,2.828948610798288,9.697447508613884,,27.37024271238073,,97.48264120313236,,236.7275769716778,,279.7147275946946
"MESSAGEix-GLOBIOM-GAINS 2.1-M-R12","Low-to-Negative - SSP4","Africa (R10)","Capacity|Electricity|Wind|Onshore","GW",1,3.443759999999995,,5.46705159999999,17.742,17.742,23.33081887758403,47.88966385772338,108.761449719996,223.4704095268293,426.5838304786922,,1034.328302275584,,1947.765604676708,,2223.191768547092,,2479.978752739856
"MESSAGEix-GLOBIOM-GAINS 2.1-M-R12","Low-to-Negative - SSP4","China+ (R10)","Capacity|Electricity|Biomass","GW",1,17.59559803921568,,10.52495535181741,3.805998532753487,0,0,0,0,0,0,,0,,0,,0,,0
"MESSAGEix-GLOBIOM-GAINS 2.1-M-R12","Low-to-Negative - SSP4","China+ (R10)","Capacity|Electricity|Coal","GW",1,1016.06974186106,,1290.74291683037,1282.129841448486,1347.500310730447,1170.044789712578,885.9682729475145,504.723706460499,253.9632879900258,126.1906898264995,,8.521507332888135,,0,,0,,0
"MESSAGEix-GLOBIOM-GAINS 2.1-M-R12","Low-to-Negative - SSP4","China+ (R10)","Capacity|Electricity|Gas","GW",1,70.310682160041,,86.92699612543863,121.3171669117065,180.9162609846436,168.5321128506593,112.8035134153986,90.96188341539857,65.46912442940668,59.67409407293707,,0,,0,,0,,0
"MESSAGEix-GLOBIOM-GAINS 2.1-M-R12","Low-to-Negative - SSP4","China+ (R10)","Capacity|Electricity|Geothermal","GW",1,0.02604336810622,,0.027305635065168,0.022337441362757,0.016834603530952,0.171335469307733,0.385191895456228,0.6803912577747111,1.087873347897785,1.650346289800451,,3.362506003724472,,6.526387185409291,,12.37288856633335,,18.07904091993045
"MESSAGEix-GLOBIOM-GAINS 2.1-M-R12","Low-to-Negative - SSP4","China+ (R10)","Capacity|Electricity|Hydro","GW",1,375.4594046215433,,478.7472251327483,466.2147515722256,471.3485936015293,477.9105214514606,486.3169642857143,486.5625,486.5848214285714,486.607142857143,,486.6071428571429,,486.6071428571429,,486.6071428571429,,486.6071428571429
"MESSAGEix-GLOBIOM-GAINS 2.1-M-R12","Low-to-Negative - SSP4","China+ (R10)","Capacity|Electricity|Nuclear","GW",1,47.74499999999999,,54.794,77.1,78.23899999999999,78.23899999999999,117.9651791070229,171.1277680883597,167.5320054080335,163.9020054080335,,136.9555054080336,,108.2990054080335,,93.79300540803352,,44.22919140260565
"MESSAGEix-GLOBIOM-GAINS 2.1-M-R12","Low-to-Negative - SSP4","China+ (R10)","Capacity|Electricity|Oil","GW",1,1.83881686561961,,1.83881686561961,12.07824938461539,11.40124015384615,5.69677,3.36801,0.37493,0,0,,0,,0,,0,,0
"MESSAGEix-GLOBIOM-GAINS 2.1-M-R12","Low-to-Negative - SSP4","China+ (R10)","Capacity|Electricity|Solar|CSP","GW",1,0.546,,0.5700000000000001,0.5700000000000001,0.5700000000000001,0.5700000000000001,0.5700000000000001,0.5700000000000001,0.5700000000000001,0.5700000000000001,,0.5700000000000001,,0.5700000000000001,,0.5700000000000001,,0.5700000000000001
"MESSAGEix-GLOBIOM-GAINS 2.1-M-R12","Low-to-Negative - SSP4","China+ (R10)","Capacity|Electricity|Solar|PV","GW",1,284.294031,,982.8483894799995,1882.621780304305,2047.782271883118,3124.413500442127,3707.617915416084,4017.678666614073,4118.9967834469,4131.971855331091,,4004.557244716604,,3672.429845378158,,3405.473454677405,,3182.198994774563
"MESSAGEix-GLOBIOM-GAINS 2.1-M-R12","Low-to-Negative - SSP4","China+ (R10)","Capacity|Electricity|Wind|Offshore","GW",1,9.089200000000002,,56.99273507000004,56.99273507000007,56.99273507000007,58.0308013149836,132.5328747607226,213.3233327369234,371.3272550067736,394.0196263336698,,433.5580740993283,,266.6806612419259,,263.3698691224312,,290.0225334386886
"MESSAGEix-GLOBIOM-GAINS 2.1-M-R12","Low-to-Negative - SSP4","China+ (R10)","Capacity|Electricity|Wind|Onshore","GW",1,273.5801199999995,,550.337080789999,696.8340440098755,696.8340440598757,723.1762250239182,992.1326034184161,1026.839731452687,1233.427633528258,1481.16101062626,,1544.694371095064,,1544.694371095064,,1364.546529659265,,1238.954876660852
"MESSAGEix-GLOBIOM-GAINS 2.1-M-R12","Low-to-Negative - SSP4","Europe (R10)","Capacity|Electricity|Biomass","GW",1,19.66899035361752,,5.226560888636138,0.6959979676443131,0,0,0,0,0,0,,0,,0,,0,,0
"MESSAGEix-GLOBIOM-GAINS 2.1-M-R12","Low-to-Negative - SSP4","Europe (R10)","Capacity|Electricity|Coal","GW",1,131.6522019888608,,122.5539664420634,55.49383404535988,33.147136132893,19.24624138456226,17.39980182340373,11.81372850238138,3.527887467448167,3.527887467448167,,0.326598824484272,,0,,0,,0
"MESSAGEix-GLOBIOM-GAINS 2.1-M-R12","Low-to-Negative - SSP4","Europe (R10)","Capacity|Electricity|Gas","GW",1,215.0796984297791,,179.2636366916625,140.2757253197351,87.8904068971463,109.5592540065615,108.4878640233268,104.8039969367948,77.5643441862252,63.37312975454665,,55.32111252555833,,24.2368680059824,,0,,0
"MESSAGEix-GLOBIOM-GAINS 2.1-M-R12","Low-to-Negative - SSP4","Europe (R10)","Capacity|Electricity|Geothermal","GW",1,1.61717,,1.902239432375606,1.98006632816915,2.462172540925059,3.075412307817491,3.624714136104446,4.82220469225526,6.805076738605398,9.542158687385674,,17.94569969240325,,33.47451106967626,,58.51406655641064,,71.6411697948875
"MESSAGEix-GLOBIOM-GAINS 2.1-M-R12","Low-to-Negative - SSP4","Europe (R10)","Capacity|Electricity|Hydro","GW",1,207.1625370759525,,216.457285529931,219.1095148490046,224.7077711679467,231.0800941681461,236.7913454891503,237.8576279098997,238.6645443364127,238.6645443364128,,238.6645443364128,,238.6645443364128,,238.6645443364128,,238.6645443364128
"MESSAGEix-GLOBIOM-GAINS 2.1-M-R12","Low-to-Negative - SSP4","Europe (R10)","Capacity|Electricity|Nuclear","GW",1,104.0473684210526,,108.8063684210526,112.2233684210526,112.7843684210526,96.93936842105262,54.52036842105263,29.07436842105263,22.93336842105263,14.33036842105263,,12.126,,11.801,,5.151000000000001,,0
"MESSAGEix-GLOBIOM-GAINS 2.1-M-R12","Low-to-Negative - SSP4","Europe (R10)","Capacity|Electricity|Oil","GW",1,38.74314895389575,,38.74314895389575,0,0,1.3861,1.112396,0.4499400000000001,0,0,,0,,0,,0,,0
"MESSAGEix-GLOBIOM-GAINS 2.1-M-R12","Low-to-Negative - SSP4","Europe (R10)","Capacity|Electricity|Solar|CSP","GW",1,2.31213,,2.322174,2.322174,2.322174,2.322174,2.322174,2.322174,2.322174,2.322174,,2.322174,,2.322174,,2.322174,,2.322174
"MESSAGEix-GLOBIOM-GAINS 2.1-M-R12","Low-to-Negative - SSP4","Europe (R10)","Capacity|Electricity|Solar|PV","GW",1,174.4364499999999,,348.1967539099994,712.3131135028179,712.3032371752179,846.6058786060489,1138.154264711609,1222.616729987715,1255.480665213484,1257.163688261345,,1356.033574258005,,1376.716851837219,,1405.704888409987,,1408.855594986381
"MESSAGEix-GLOBIOM-GAINS 2.1-M-R12","Low-to-Negative - SSP4","Europe (R10)","Capacity|Electricity|Wind|Offshore","GW",1,24.9399,,39.30720262999998,46.35583980914986,46.35583980914986,47.60692667761852,59.69501302843727,77.83413108260308,84.2302670191891,82.90951240072046,,113.438268110776,,102.7457988678898,,103.9839339061926,,95.72122347083491
"MESSAGEix-GLOBIOM-GAINS 2.1-M-R12","Low-to-Negative - SSP4","Europe (R10)","Capacity|Electricity|Wind|Onshore","GW",1,190.2000999999999,,265.6607075899993,295.33,295.33,295.33,295.33,329.6842933682921,353.9625762717941,362.3553413914167,,410.9741261595341,,438.2149531139502,,456.4084192682911,,473.5506907144896
"MESSAGEix-GLOBIOM-GAINS 2.1-M-R12","Low-to-Negative - SSP4","India+ (R10)","Capacity|Electricity|Biomass","GW",1,4.930473,,4.930473,0.385404168409849,0,0,0,0,0,0,,0,,0,,0,,0
"MESSAGEix-GLOBIOM-GAINS 2.1-M-R12","Low-to-Negative - SSP4","India+ (R10)","Capacity|Electricity|Coal","GW",1,239.0917185,,256.8449975363106,285.7090135350662,320.0417798981438,306.1062298981438,246.6468298981438,114.3269613981438,36.89854034657768,1.46495770538724,,0,,0,,0,,0
"MESSAGEix-GLOBIOM-GAINS 2.1-M-R12","Low-to-Negative - SSP4","India+ (R10)","Capacity|Electricity|Gas","GW",1,57.12988824999999,,118.5993856938254,126.289899527355,125.897784527355,138.5699730799314,147.449849106776,136.707165106776,42.31553841295053,34.45777457942094,,1.76472275557256,,0,,0,,0
"MESSAGEix-GLOBIOM-GAINS 2.1-M-R12","Low-to-Negative - SSP4","India+ (R10)","Capacity|Electricity|Geothermal","GW",1,0,,0,0,0,0,0,0.07434343085714201,0.07434343085714201,0.07434343085714201,,0.07434343085714201,,0.04451215824388501,,0.026651073385838,,0.188912095454748
"MESSAGEix-GLOBIOM-GAINS 2.1-M-R12","Low-to-Negative - SSP4","India+ (R10)","Capacity|Electricity|Hydro","GW",1,61.50470124290995,,70.17186420513328,67.5892506800488,117.6659931267754,171.6101694915254,172.6694915254237,173.728813559322,174.7881355932203,175.8474576271187,,175.8474576271186,,175.8474576271186,,175.8474576271186,,175.8474576271186
"MESSAGEix-GLOBIOM-GAINS 2.1-M-R12","Low-to-Negative - SSP4","India+ (R10)","Capacity|Electricity|Nuclear","GW",1,7.483,,10.777,16.201,17.945,30.30624115563607,46.91576534812994,70.58452846000274,103.4585085756896,122.9877131582518,,116.8317131582518,,158.6408507372238,,325.0234848130007,,497.3171622632797
"MESSAGEix-GLOBIOM-GAINS 2.1-M-R12","Low-to-Negative - SSP4","India+ (R10)","Capacity|Electricity|Oil","GW",1,24.78252330438446,,24.78252330438446,18.7325142,18.0582782,16.9998452,14.0301742,8.956825199999999,0,0,,0,,0,,0,,0
"MESSAGEix-GLOBIOM-GAINS 2.1-M-R12","Low-to-Negative - SSP4","India+ (R10)","Capacity|Electricity|Solar|CSP","GW",1,0.3285,,0.3425,0.3425,0.3425,0.3425,0.3425,0.3425,0.3425,0.3425,,0.3425,,0.3425,,0.3425,,0.3425
"MESSAGEix-GLOBIOM-GAINS 2.1-M-R12","Low-to-Negative - SSP4","India+ (R10)","Capacity|Electricity|Solar|PV","GW",1,52.8740834113499,,117.0767878646999,458.2868251035876,693.8611607628591,979.1319063046346,1419.635711313333,1856.163991433592,2472.455163036223,3157.678013488002,,3691.970775963201,,4907.678486209665,,5473.457306861727,,5743.475717957653
"MESSAGEix-GLOBIOM-GAINS 2.1-M-R12","Low-to-Negative - SSP4","India+ (R10)","Capacity|Electricity|Wind|Offshore","GW",1,0,,0,0,0,0,0,0,0,0,,0,,0,,0,,0
"MESSAGEix-GLOBIOM-GAINS 2.1-M-R12","Low-to-Negative - SSP4","India+ (R10)","Capacity|Electricity|Wind|Onshore","GW",1,39.97896999999995,,56.05794807999995,73.88,83.66035603075785,202.6330598007291,335.0406110171689,563.472285019868,955.1851138739225,1505.140648867631,,2612.514083056298,,2984.072712950046,,2984.072712950046,,2984.072712950046
"MESSAGEix-GLOBIOM-GAINS 2.1-M-R12","Low-to-Negative - SSP4","Latin America (R10)","Capacity|Electricity|Biomass","GW",1,10.39858823529412,,5.850770043775502,0,0,0,0,0,0,0,,0,,0,,0,,0
"MESSAGEix-GLOBIOM-GAINS 2.1-M-R12","Low-to-Negative - SSP4","Latin America (R10)","Capacity|Electricity|Coal","GW",1,18.69986881995844,,7.255645592907531,3.849,1.591211555104874,15.28489,10.6397,0.284,0,0,,0,,0,,0,,0
"MESSAGEix-GLOBIOM-GAINS 2.1-M-R12","Low-to-Negative - SSP4","Latin America (R10)","Capacity|Electricity|Gas","GW",1,101.6664598289412,,80.94569073857393,82.267224,88.19896700000001,93.87458296550831,87.57092228592562,53.9571649224601,35.7851087569703,35.7851087569703,,16.54039597880325,,8.162618589741072,,4.887261270591863,,2.926183854412443
"MESSAGEix-GLOBIOM-GAINS 2.1-M-R12","Low-to-Negative - SSP4","Latin America (R10)","Capacity|Electricity|Geothermal","GW",1,1.735269907727328,,1.724277830018537,1.905738942815851,1.905738942815851,2.158895236977388,2.457938218123792,2.788105832939236,3.152637558295299,3.555110038418303,,4.490083885009799,,5.629811786845867,,7.019133739496366,,8.712709447353543
"MESSAGEix-GLOBIOM-GAINS 2.1-M-R12","Low-to-Negative - SSP4","Latin America (R10)","Capacity|Electricity|Hydro","GW",1,197.5379286509483,,209.6477850184081,201.6744141373424,204.021595999646,206.3057299692828,206.3057299692828,206.3057299692828,215.059384143056,219.6875534232163,,219.6875534232163,,219.6875534232163,,219.6875534232163,,220.7675847268122
"MESSAGEix-GLOBIOM-GAINS 2.1-M-R12","Low-to-Negative - SSP4","Latin America (R10)","Capacity|Electricity|Nuclear","GW",1,5.369489863081315,,5.369489863081315,6.369489863081315,4.400489863081314,2.350489863081314,2.350489863081314,2.058,1.365,1.365,,0.6950000000000001,,0,,0,,0
"MESSAGEix-GLOBIOM-GAINS 2.1-M-R12","Low-to-Negative - SSP4","Latin America (R10)","Capacity|Electricity|Oil","GW",1,18.059195,,0,14.00976931157993,36.508526,45.057043,36.508526,26.062443,0,0,,0,,0,,0,,0
"MESSAGEix-GLOBIOM-GAINS 2.1-M-R12","Low-to-Negative - SSP4","Latin America (R10)","Capacity|Electricity|Solar|CSP","GW",1,0,,0.12527,0.12527,0.12527,0.12527,0.12527,0.12527,0.12527,0.12527,,0.12527,,0.12527,,0.12527,,0.12527
"MESSAGEix-GLOBIOM-GAINS 2.1-M-R12","Low-to-Negative - SSP4","Latin America (R10)","Capacity|Electricity|Solar|PV","GW",1,24.684652,,107.50371476,316.5294610771826,440.7432006868851,527.5943993744027,750.3069728604203,1008.881012131129,1225.551384158818,1541.976204754629,,2059.773094990137,,2777.735840777736,,2989.02644255519,,3002.139374145307
"MESSAGEix-GLOBIOM-GAINS 2.1-M-R12","Low-to-Negative - SSP4","Latin America (R10)","Capacity|Electricity|Wind|Offshore","GW",1,0,,0,0,0,0,0,0,0,0,,0,,0,,0,,0
"MESSAGEix-GLOBIOM-GAINS 2.1-M-R12","Low-to-Negative - SSP4","Latin America (R10)","Capacity|Electricity|Wind|Onshore","GW",1,33.07356999999995,,68.72819046999994,74.36,93.98452280556022,158.8398552974471,262.7228909102782,414.3039891219275,540.3865508155574,767.946605044675,,1180.304525317959,,1818.986533680057,,2006.05335881763,,2006.05335881763
"MESSAGEix-GLOBIOM-GAINS 2.1-M-R12","Low-to-Negative - SSP4","Middle East (R10)","Capacity|Electricity|Biomass","GW",1,0.00038,,0,0,0,0,0,0,0,0,,0,,0,,0,,0
"MESSAGEix-GLOBIOM-GAINS 2.1-M-R12","Low-to-Negative - SSP4","Middle East (R10)","Capacity|Electricity|Coal","GW",1,9.439,,9.439,7.489000000000001,2.579752350974688,2.956,1.556,0,0,0,,0,,0,,0,,0
"MESSAGEix-GLOBIOM-GAINS 2.1-M-R12","Low-to-Negative - SSP4","Middle East (R10)","Capacity|Electricity|Gas","GW",1,328.5266204153608,,288.634633854579,285.7400438545789,298.9354728725646,299.1673275100272,291.3153782859995,226.9527332364964,148.4446519950086,148.0748420278816,,21.89730980800071,,0,,0,,0
"MESSAGEix-GLOBIOM-GAINS 2.1-M-R12","Low-to-Negative - SSP4","Middle East (R10)","Capacity|Electricity|Geothermal","GW",1,0,,0,0,0,0.07434343085714201,0.176964304949362,0.318618297481501,0.514152137724014,0.784059692015575,,1.605279902601707,,3.122803734731776,,5.927019402340704,,11.10889881930223
"MESSAGEix-GLOBIOM-GAINS 2.1-M-R12","Low-to-Negative - SSP4","Middle East (R10)","Capacity|Electricity|Hydro","GW",1,20.07953120323608,,23.4961538750416,19.14078763574404,17.88908153150563,17.86732266478438,17.86732266478437,66.51572822968294,66.51572822968294,66.51572822968294,,66.51572822968292,,66.51572822968294,,66.51572822968294,,66.51572822968294
"MESSAGEix-GLOBIOM-GAINS 2.1-M-R12","Low-to-Negative - SSP4","Middle East (R10)","Capacity|Electricity|Nuclear","GW",1,2.252,,6.236,6.236,11.61,13.73271706691844,16.92365339855877,21.41424179902258,26.26689243553066,31.94712132246743,,46.88786617041623,,68.46575304167109,,103.4346103886827,,91.91305110847438
"MESSAGEix-GLOBIOM-GAINS 2.1-M-R12","Low-to-Negative - SSP4","Middle East (R10)","Capacity|Electricity|Oil","GW",1,109.6202029230769,,109.6047029230769,102.1898661244107,92.25807178950478,85.60245292307694,72.90633192307692,53.93492292307693,0,0,,0,,0,,0,,0
"MESSAGEix-GLOBIOM-GAINS 2.1-M-R12","Low-to-Negative - SSP4","Middle East (R10)","Capacity|Electricity|Solar|CSP","GW",1,1.02711,,1.236594325946717,1.236594325946717,1.236594325946717,1.236594325946717,1.236594325946717,1.236594325946717,1.236594325946717,1.236594325946717,,1.236594325946717,,1.236594325946717,,1.236594325946717,,1.236594325946717
"MESSAGEix-GLOBIOM-GAINS 2.1-M-R12","Low-to-Negative - SSP4","Middle East (R10)","Capacity|Electricity|Solar|PV","GW",1,10.95094799249994,,32.1075880523999,243.7204922825509,433.3744231960718,559.0741848119167,620.4411180032025,863.3686925290976,1045.864250674915,1620.520510721511,,2382.467468917127,,3750.895297752588,,4024.393484359279,,4011.717925185737
"MESSAGEix-GLOBIOM-GAINS 2.1-M-R12","Low-to-Negative - SSP4","Middle East (R10)","Capacity|Electricity|Wind|Offshore","GW",1,0,,0,0,0,11.32591402785938,28.91011050443407,85.12079604115293,183.7173476642928,320.8802226548452,,417.3294359070095,,713.8836382431917,,713.8836382431919,,567.8887557492736
"MESSAGEix-GLOBIOM-GAINS 2.1-M-R12","Low-to-Negative - SSP4","Middle East (R10)","Capacity|Electricity|Wind|Onshore","GW",1,4.003619999999994,,7.614001049999995,9.41,9.41,28.52421649708501,91.9420302518542,152.5373383179774,152.5373383179774,354.5745633378384,,740.3678161025865,,1428.024325758541,,1550.916703471874,,1655.752947407477
"MESSAGEix-GLOBIOM-GAINS 2.1-M-R12","Low-to-Negative - SSP4","North America (R10)","Capacity|Electricity|Biomass","GW",1,10.84316666666667,,2.118214,2.888098763856322,0,0,0,0,0,0,,0,,0,,0,,0
"MESSAGEix-GLOBIOM-GAINS 2.1-M-R12","Low-to-Negative - SSP4","North America (R10)","Capacity|Electricity|Coal","GW",1,249.042128,,249.042128,141.555600447449,59.21506315477353,32.09647222471976,30.67087222471976,17.04301466577627,16.15030923325351,5.070565591711666,,0,,0,,0,,0
"MESSAGEix-GLOBIOM-GAINS 2.1-M-R12","Low-to-Negative - SSP4","North America (R10)","Capacity|Electricity|Gas","GW",1,518.6887034540091,,527.8547023584563,514.0717744672626,279.7322890260773,457.7348007157973,459.6679759330319,237.9707697528721,27.35893348253299,27.66559137372662,,0,,0,,0,,0
"MESSAGEix-GLOBIOM-GAINS 2.1-M-R12","Low-to-Negative - SSP4","North America (R10)","Capacity|Electricity|Geothermal","GW",1,3.0796,,3.241035861132952,3.652708907616816,5.116405339788554,7.136836809567784,9.92576437292697,13.77549502205139,19.08951832818458,26.42479611042352,,48.98651588135077,,90.67807072239098,,167.7194382560517,,204.6054839444927
"MESSAGEix-GLOBIOM-GAINS 2.1-M-R12","Low-to-Negative - SSP4","North America (R10)","Capacity|Electricity|Hydro","GW",1,153.0939603039292,,160.2334524641383,175.0707970067445,187.0885685306208,200.6312119168371,203.9451654052092,207.2591188935813,209.6306118012751,211.369352671601,,217.7502738243505,,221.6339947545831,,224.8200412662109,,224.820041266211
"MESSAGEix-GLOBIOM-GAINS 2.1-M-R12","Low-to-Negative - SSP4","North America (R10)","Capacity|Electricity|Nuclear","GW",1,112.9162438857682,,115.1502438857682,111.7512438857682,87.84224388576821,70.80324388576821,40.60724388576821,12.0432438857682,9.092243885768198,7.935243885768198,,3.604185062238806,,2.919092531119403,,0,,0
"MESSAGEix-GLOBIOM-GAINS 2.1-M-R12","Low-to-Negative - SSP4","North America (R10)","Capacity|Electricity|Oil","GW",1,61.342633,,61.342633,26.384433,0,0.347695,0.347695,0.347695,0,0,,0,,0,,0,,0
"MESSAGEix-GLOBIOM-GAINS 2.1-M-R12","Low-to-Negative - SSP4","North America (R10)","Capacity|Electricity|Solar|CSP","GW",1,1.7579,,1.74748,1.7579,1.747314882352941,1.747314882352941,1.747314882352941,1.747314882352941,1.747314882352941,1.747314882352941,,1.747314882352941,,1.747314882352941,,1.747314882352941,,1.747314882352941
"MESSAGEix-GLOBIOM-GAINS 2.1-M-R12","Low-to-Negative - SSP4","North America (R10)","Capacity|Electricity|Solar|PV","GW",1,98.88475899999996,,227.8469516999999,378.9436986647506,771.8868395522203,816.4224074603204,1094.542606703963,1489.107846432218,1748.159717053556,1857.154022727686,,2073.938664234634,,2742.522180248424,,2676.40615023805,,2430.710518178292
"MESSAGEix-GLOBIOM-GAINS 2.1-M-R12","Low-to-Negative - SSP4","North America (R10)","Capacity|Electricity|Wind|Offshore","GW",1,0.0293,,0.0413,0.0413001,0.0413,0.0413,0.0413,0.0413,0.0413,0.0413,,0.0413,,0.0413,,0.0413,,0.0413
"MESSAGEix-GLOBIOM-GAINS 2.1-M-R12","Low-to-Negative - SSP4","North America (R10)","Capacity|Electricity|Wind|Onshore","GW",1,132.26562,,182.90245927,216.45,342.1735511266713,370.8482613269985,373.273677341347,681.9912499933913,952.973394291089,1053.621742637099,,1309.841065157302,,2028.496201024879,,1907.254622601716,,1589.26346111243
"MESSAGEix-GLOBIOM-GAINS 2.1-M-R12","Low-to-Negative - SSP4","Pacific OECD (R10)","Capacity|Electricity|Biomass","GW",1,3.901992352941177,,2.236496842086203,1.944817537732527,0,0,0,0,0,0,,0,,0,,0,,0
"MESSAGEix-GLOBIOM-GAINS 2.1-M-R12","Low-to-Negative - SSP4","Pacific OECD (R10)","Capacity|Electricity|Coal","GW",1,70.47240000000001,,70.47240000000001,51.00950093200191,9.980095432295913,22.6572146652252,12.18726965086626,3.61075,0,0,,0,,0,,0,,0
"MESSAGEix-GLOBIOM-GAINS 2.1-M-R12","Low-to-Negative - SSP4","Pacific OECD (R10)","Capacity|Electricity|Gas","GW",1,107.0512273076945,,80.23834755863034,69.258933,75.26456300000001,68.621003,45.832245,16.12105175630676,1.743416756306759,0,,0,,0,,0,,0
"MESSAGEix-GLOBIOM-GAINS 2.1-M-R12","Low-to-Negative - SSP4","Pacific OECD (R10)","Capacity|Electricity|Geothermal","GW",1,1.5301,,1.828163479082504,1.828163479082504,1.828163479082504,2.72675167904295,3.838248829217317,5.372517664900814,7.49036462454467,10.41376086394922,,19.39989922190729,,36.00528586635751,,66.69019796405442,,123.3925109305563
"MESSAGEix-GLOBIOM-GAINS 2.1-M-R12","Low-to-Negative - SSP4","Pacific OECD (R10)","Capacity|Electricity|Hydro","GW",1,39.49249770017558,,41.42462981460719,42.03656250000001,43.4626817447496,44.98896321070234,44.98896321070234,44.98896321070233,44.98896321070234,44.98896321070234,,44.98896321070234,,44.98896321070234,,44.98896321070234,,44.98896321070234
"MESSAGEix-GLOBIOM-GAINS 2.1-M-R12","Low-to-Negative - SSP4","Pacific OECD (R10)","Capacity|Electricity|Nuclear","GW",1,31.679,,31.679,34.332,32.772,30.932,26.513,20.326,11.572,7.815000000000001,,3.086,,2.653,,1.3265,,0
"MESSAGEix-GLOBIOM-GAINS 2.1-M-R12","Low-to-Negative - SSP4","Pacific OECD (R10)","Capacity|Electricity|Oil","GW",1,11.701423985966,,11.701423985966,5.916189300152333,20.93613847360951,10.896686,4.524945000000001,1.508703,0,0,,0,,0,,0,,0
"MESSAGEix-GLOBIOM-GAINS 2.1-M-R12","Low-to-Negative - SSP4","Pacific OECD (R10)","Capacity|Electricity|Solar|CSP","GW",1,0.003,,0.003,0.003,0.003,0.003,0.003,0.003,0.003,0.003,,0.003,,0.003,,0.003,,0.003
"MESSAGEix-GLOBIOM-GAINS 2.1-M-R12","Low-to-Negative - SSP4","Pacific OECD (R10)","Capacity|Electricity|Solar|PV","GW",1,93.92997399999996,,147.2843810499999,166.7019089595534,194.2969164779257,216.9255489316748,256.5239391971333,284.2719890313605,279.1906388605984,274.4443462256277,,273.207152747654,,271.6687609487882,,305.3998640467597,,471.2473404509979
"MESSAGEix-GLOBIOM-GAINS 2.1-M-R12","Low-to-Negative - SSP4","Pacific OECD (R10)","Capacity|Electricity|Wind|Offshore","GW",1,0.066,,0.19,0.19,0.19,0.19,0.19,0.19,0.19,0.19,,0.19,,0.19,,0.19,,0.19
"MESSAGEix-GLOBIOM-GAINS 2.1-M-R12","Low-to-Negative - SSP4","Pacific OECD (R10)","Capacity|Electricity|Wind|Onshore","GW",1,14.95799999999999,,24.86854156,34.92999999999999,34.93000000000001,34.93000000000001,34.93000000000001,45.93094499337991,67.44276681792448,57.38130837792448,,69.78264554986895,,72.76810498557772,,90.46861773883525,,208.1202980414091
"MESSAGEix-GLOBIOM-GAINS 2.1-M-R12","Low-to-Negative - SSP4","Reforming Economies (R10)","Capacity|Electricity|Biomass","GW",1,0.1448875,,0.1448875,0,0,0,0,0,0,0,,0,,0,,0,,0
"MESSAGEix-GLOBIOM-GAINS 2.1-M-R12","Low-to-Negative - SSP4","Reforming Economies (R10)","Capacity|Electricity|Coal","GW",1,72.11146482548794,,68.70646864319704,52.84654554534997,31.47765535669556,16.4274,10.39582033936563,5.305709959865951,1.299709959865951,1.299709959865951,,0,,0,,0,,0
"MESSAGEix-GLOBIOM-GAINS 2.1-M-R12","Low-to-Negative - SSP4","Reforming Economies (R10)","Capacity|Electricity|Gas","GW",1,163.2987138117179,,68.8365405937169,68.48393981093525,72.62444906663492,77.44888252654184,88.49400574109245,86.08578159412917,60.31627109212431,33.48736036749803,,0,,0,,0,,0
"MESSAGEix-GLOBIOM-GAINS 2.1-M-R12","Low-to-Negative - SSP4","Reforming Economies (R10)","Capacity|Electricity|Geothermal","GW",1,1.704028049575995,,4.057033224398767,4.057033224398767,4.057033224398767,5.674519410211722,7.907236468147566,10.98919506817863,15.24341473230697,21.11577945209063,,39.17604214928627,,72.54940376926265,,134.2196731607846,,248.1794884808689
"MESSAGEix-GLOBIOM-GAINS 2.1-M-R12","Low-to-Negative - SSP4","Reforming Economies (R10)","Capacity|Electricity|Hydro","GW",1,71.62413617170489,,72.16587777771305,70.42018651816433,70.65909580393738,71.60758041003365,72.66331710592615,74.0645875674983,75.92448209812713,78.45584571861909,,85.73648748234095,,94.53059768280232,,105.4346681847816,,117.678541092658
"MESSAGEix-GLOBIOM-GAINS 2.1-M-R12","Low-to-Negative - SSP4","Reforming Economies (R10)","Capacity|Electricity|Nuclear","GW",1,41.435,,43.745,44.945,45.166,41.923,41.52726351463573,46.59515190904283,63.70212541820797,88.5372872239102,,107.2415372819359,,195.3817412023248,,238.113640687531,,301.0940294709736
"MESSAGEix-GLOBIOM-GAINS 2.1-M-R12","Low-to-Negative - SSP4","Reforming Economies (R10)","Capacity|Electricity|Oil","GW",1,3.683613846153846,,3.683613846153846,12.09041384615385,8.733413846153846,3.683613846153846,1.258767692307692,0.56711,0,0,,0,,0,,0,,0
"MESSAGEix-GLOBIOM-GAINS 2.1-M-R12","Low-to-Negative - SSP4","Reforming Economies (R10)","Capacity|Electricity|Solar|CSP","GW",1,0,,0,0,0,0,0,0,0,0,,0,,0,,0,,0
"MESSAGEix-GLOBIOM-GAINS 2.1-M-R12","Low-to-Negative - SSP4","Reforming Economies (R10)","Capacity|Electricity|Solar|PV","GW",1,11.551139,,14.69517620999999,15.70513715,90.98000692241669,194.6385152786424,305.7307674581677,388.5364613306175,486.550605050705,599.922664152692,,851.9161653388187,,1403.377243312596,,1680.492587093993,,2572.411355512723
"MESSAGEix-GLOBIOM-GAINS 2.1-M-R12","Low-to-Negative - SSP4","Reforming Economies (R10)","Capacity|Electricity|Wind|Offshore","GW",1,0,,0,0,0,0,0,0,0,0,,0,,0,,0,,0
"MESSAGEix-GLOBIOM-GAINS 2.1-M-R12","Low-to-Negative - SSP4","Reforming Economies (R10)","Capacity|Electricity|Wind|Onshore","GW",1,3.077279999999995,,7.65204334999999,9.23,16.94643795467813,44.13402425872203,64.4408343947213,117.9963203670136,129.50090201008,150.8779843441775,,220.6805024271562,,464.4661859861763,,508.3929473522106,,999.0352762678232
"MESSAGEix-GLOBIOM-GAINS 2.1-M-R12","Low-to-Negative - SSP4","Rest of Asia (R10)","Capacity|Electricity|Biomass","GW",1,6.274187823529411,,5.162457241315424,1.249209966571546,0,0,0,0,0,0,,0,,0,,0,,0
"MESSAGEix-GLOBIOM-GAINS 2.1-M-R12","Low-to-Negative - SSP4","Rest of Asia (R10)","Capacity|Electricity|Coal","GW",1,122.04529835,,123.1803107036411,109.6994226624822,102.4281726624823,72.77802686592443,43.51242898857418,18.86984063857418,0,0,,0,,0,,0,,0
"MESSAGEix-GLOBIOM-GAINS 2.1-M-R12","Low-to-Negative - SSP4","Rest of Asia (R10)","Capacity|Electricity|Gas","GW",1,150.8008014372783,,191.670460964695,189.796510964695,153.743048964695,139.895408017302,109.100485017302,87.30420212610842,30.02001969290469,30.02001969290469,,0,,0,,0,,0
"MESSAGEix-GLOBIOM-GAINS 2.1-M-R12","Low-to-Negative - SSP4","Rest of Asia (R10)","Capacity|Electricity|Geothermal","GW",1,4.1091,,4.763584209632405,3.729667657782741,2.920568939008377,2.287321978600859,1.769886144966127,1.369504160520151,1.059696213237433,1.059696213237433,,1.059362395818914,,0.752755404258114,,0.450702466740651,,0.450702466740651
"MESSAGEix-GLOBIOM-GAINS 2.1-M-R12","Low-to-Negative - SSP4","Rest of Asia (R10)","Capacity|Electricity|Hydro","GW",1,24.02399432742622,,26.96527671111154,65.95948595772475,138.2135722067995,165.4888888888888,171.6333333333333,177.7777777777777,180.7888888888888,183.8,,186.6,,187.8666666666667,,188.4222222222223,,188.6666666666667
"MESSAGEix-GLOBIOM-GAINS 2.1-M-R12","Low-to-Negative - SSP4","Rest of Asia (R10)","Capacity|Electricity|Nuclear","GW",1,24.945,,27.699,25.842,19.97,16.23,35.81213352444803,62.01744547084282,97.08606418649518,94.25206418649518,,90.15806418649518,,88.81806418649518,,51.65527468884975,,44.09848412052498
"MESSAGEix-GLOBIOM-GAINS 2.1-M-R12","Low-to-Negative - SSP4","Rest of Asia (R10)","Capacity|Electricity|Oil","GW",1,44.72765974030291,,44.72765974030291,43.18634192307692,33.104629,22.697095,13.06583,5.276747,0,0,,0,,0,,0,,0
"MESSAGEix-GLOBIOM-GAINS 2.1-M-R12","Low-to-Negative - SSP4","Rest of Asia (R10)","Capacity|Electricity|Solar|CSP","GW",1,0,,0.005,0.005,0.005,0.005,0.005,0.005,0.005,0.005,,0.005,,0.005,,0.005,,0.005
"MESSAGEix-GLOBIOM-GAINS 2.1-M-R12","Low-to-Negative - SSP4","Rest of Asia (R10)","Capacity|Electricity|Solar|PV","GW",1,24.04987,,45.75635057964995,174.8157712563649,345.3218764194209,615.6236448279467,856.477136347861,1109.030847602161,1272.04348808621,1491.029329763127,,1747.278439496399,,1863.248599500823,,1847.377119647336,,1887.9433245252
"MESSAGEix-GLOBIOM-GAINS 2.1-M-R12","Low-to-Negative - SSP4","Rest of Asia (R10)","Capacity|Electricity|Wind|Offshore","GW",1,0.264,,6.192845349999951,6.192845349999951,6.192845349999951,16.72371336206017,49.71446015302994,49.71446015302994,102.4434306078507,102.4434306078507,,102.4434306078507,,49.71446015302995,,49.71446015302995,,71.07287992507132
"MESSAGEix-GLOBIOM-GAINS 2.1-M-R12","Low-to-Negative - SSP4","Rest of Asia (R10)","Capacity|Electricity|Wind|Onshore","GW",1,4.510149999999999,,7.357738429999999,10.32,40.87043286607796,117.4769072779339,147.2207203251202,269.0152626786059,269.0152626786059,386.4178797839508,,790.8266051190756,,1000.242755575267,,1114.248640186309,,1189.847680147766
"MESSAGEix-GLOBIOM-GAINS 2.1-M-R12","Low-to-Negative - SSP4","World","Capacity|Electricity|Biomass","GW",1,74.87158497126458,,37.30813586763067,12.08284793696804,0,0,0,0,0,0,,0,,0,,0,,0
"MESSAGEix-GLOBIOM-GAINS 2.1-M-R12","Low-to-Negative - SSP4","World","Capacity|Electricity|Coal","GW",1,1970.136352345367,,2236.102400430912,2030.497858616196,1955.53657988374,1679.770068444886,1274.070470972428,681.8041508921747,311.8397349971711,137.5538105509126,,8.848106157372406,,0,,0,,0
"MESSAGEix-GLOBIOM-GAINS 2.1-M-R12","Low-to-Negative - SSP4","World","Capacity|Electricity|Gas","GW",1,1731.251499815291,,1643.602810904807,1625.425901757069,1409.062936760017,1597.578229093228,1489.751178627118,1074.421510232004,515.5184982855703,451.7014093596331,,97.1308010029625,,33.20311656323729,,4.887261270591863,,2.926183854412443
"MESSAGEix-GLOBIOM-GAINS 2.1-M-R12","Low-to-Negative - SSP4","World","Capacity|Electricity|Geothermal","GW",1,14.69475229083681,,18.84398652225899,18.53279074853079,19.59869183685227,24.45719108968527,31.43194021093746,41.75080702710152,56.31426311693464,76.67863277724592,,138.7655571186357,,252.189591540941,,457.2481515250819,,691.7672330783432
"MESSAGEix-GLOBIOM-GAINS 2.1-M-R12","Low-to-Negative - SSP4","World","Capacity|Electricity|Hydro","GW",1,1177.641460534615,,1334.634620005088,1357.367268567955,1506.107054338743,1679.475616538838,1728.020946640602,1801.890160768822,1828.974873381012,1851.165901725571,,1879.967464642042,,1901.471962439403,,1920.477635008566,,1936.485983664482
"MESSAGEix-GLOBIOM-GAINS 2.1-M-R12","Low-to-Negative - SSP4","World","Capacity|Electricity|Nuclear","GW",1,379.7261021699021,,406.1101021699021,435.0001021699021,410.7291021699021,381.4560603924566,383.1350970626975,435.2407480340915,503.0082083307778,533.071803605979,,517.5858712673714,,636.9785071068678,,818.4975159860977,,978.6519183658584
"MESSAGEix-GLOBIOM-GAINS 2.1-M-R12","Low-to-Negative - SSP4","World","Capacity|Electricity|Oil","GW",1,319.6643265424764,,300.2096596193995,250.8719420899892,237.2844624631143,206.8073461977882,161.2731118153846,109.2177131230769,0,0,,0,,0,,0,,0
"MESSAGEix-GLOBIOM-GAINS 2.1-M-R12","Low-to-Negative - SSP4","World","Capacity|Electricity|Solar|CSP","GW",1,6.474639999999999,,6.852018325946716,6.862438325946716,6.851853208299658,6.851853208299658,6.851853208299658,6.851853208299658,6.851853208299658,6.851853208299658,,6.851853208299658,,6.851853208299658,,6.851853208299658,,6.851853208299658
"MESSAGEix-GLOBIOM-GAINS 2.1-M-R12","Low-to-Negative - SSP4","World","Capacity|Electricity|Solar|PV","GW",1,780.7984193938497,,2040.310025176748,4396.948188301112,5818.983429016728,8047.039505220696,10397.70804444439,12590.94097242846,14489.77731945297,16837.91137948704,,20227.8343692845,,25767.07858026816,,27480.46420630638,,28917.5168102215
"MESSAGEix-GLOBIOM-GAINS 2.1-M-R12","Low-to-Negative - SSP4","World","Capacity|Electricity|Wind|Offshore","GW",1,34.3884,,102.72408305,109.7727203291499,109.7727202291499,133.9186553825216,271.083758446624,426.2240200137093,744.7785489089046,910.1815395056999,,1094.370751437345,,1230.73849970917,,1367.910778396523,,1304.651420178563
"MESSAGEix-GLOBIOM-GAINS 2.1-M-R12","Low-to-Negative - SSP4","World","Capacity|Electricity|Wind|Onshore","GW",1,699.0911899999993,,1176.645762189998,1438.486044009875,1631.881344843621,1999.223368360418,2644.923031516629,3710.532865033138,4877.901948132038,6546.060914889664,,9914.314042260428,,13727.73174884627,,14205.55432059327,,14824.63005485978
"MESSAGEix-GLOBIOM-GAINS 2.1-M-R12","High - SSP5","Africa (R10)","Capacity|Electricity|Biomass","GW",1,1.017771,,1.017771,1.113321,1.017771,0.8761869999999999,0,0,0,0,,0,,0,,0,,0
"MESSAGEix-GLOBIOM-GAINS 2.1-M-R12","High - SSP5","Africa (R10)","Capacity|Electricity|Coal","GW",1,41.51253000000001,,35.6687673553014,33.90512822286167,33.90512822286167,27.9447,12.7457,2.5197,0,0,,0,,0,,0,,8.521507332888138
"MESSAGEix-GLOBIOM-GAINS 2.1-M-R12","High - SSP5","Africa (R10)","Capacity|Electricity|Gas","GW",1,18.69870472046891,,21.61594058648382,31.51872631952437,82.76893797618129,136.3813504362035,264.4482486897703,409.0965548726031,635.731912047312,897.1549827989646,,1524.698433425472,,2488.90496480101,,2579.703869528948,,2255.864706457991
"MESSAGEix-GLOBIOM-GAINS 2.1-M-R12","High - SSP5","Africa (R10)","Capacity|Electricity|Geothermal","GW",1,0.893440965427266,,1.300346850553046,1.357074767302201,1.220694297285061,0.9445499777541381,0.730874767302201,0.5655369626381911,0.437601721141082,0.437601721141082,,0.437601721141082,,0.689858641961621,,0.9973584208469181,,1.372198935457717
"MESSAGEix-GLOBIOM-GAINS 2.1-M-R12","High - SSP5","Africa (R10)","Capacity|Electricity|Hydro","GW",1,27.66276923678868,,35.32506947625536,30.15151771095597,31.05010062523302,32.36000671317475,32.36000671317475,32.36000671317475,32.36000671317475,32.36000671317475,,157.5693136510749,,165.1293136510748,,169.4893136510748,,171.9293136510748
"MESSAGEix-GLOBIOM-GAINS 2.1-M-R12","High - SSP5","Africa (R10)","Capacity|Electricity|Nuclear","GW",1,1.854,,1.854,0,0,0,0,0,0,0,,14.14708749552949,,43.30468133652148,,103.3994025195853,,227.2565195973682
"MESSAGEix-GLOBIOM-GAINS 2.1-M-R12","High - SSP5","Africa (R10)","Capacity|Electricity|Oil","GW",1,5.165108923076923,,3.785137,14.150436,14.150436,14.150436,14.150436,11.738397,0,0,,0,,0,,0,,0
"MESSAGEix-GLOBIOM-GAINS 2.1-M-R12","High - SSP5","Africa (R10)","Capacity|Electricity|Solar|CSP","GW",1,0.5,,0.5,0.5,0.5,0.5,0.5,0.5,0.5,0.5,,0.5,,0.5,,0.5,,0.5
"MESSAGEix-GLOBIOM-GAINS 2.1-M-R12","High - SSP5","Africa (R10)","Capacity|Electricity|Solar|PV","GW",1,5.142512990000028,,16.99393156999998,71.33,90.98141544300798,148.0443028824,230.8389053036369,300.0557302174792,448.799905554913,609.6094421866205,,1519.947103591702,,2305.099656277434,,2768.80154885432,,3669.849931165973
"MESSAGEix-GLOBIOM-GAINS 2.1-M-R12","High - SSP5","Africa (R10)","Capacity|Electricity|Wind|Offshore","GW",1,0,,0,0,0,0,0,0,0,0,,0,,0,,0,,0
"MESSAGEix-GLOBIOM-GAINS 2.1-M-R12","High - SSP5","Africa (R10)","Capacity|Electricity|Wind|Onshore","GW",1,3.443759999999995,,5.46705159999999,13,13,13,13.00000000000001,22.18724683493336,50.4046466915124,53.80488467726192,,295.4569577691358,,738.2592639528983,,997.6025428679467,,1341.330664545495
"MESSAGEix-GLOBIOM-GAINS 2.1-M-R12","High - SSP5","China+ (R10)","Capacity|Electricity|Biomass","GW",1,17.59559803921568,,10.98807053407318,4.079463416723696,0,0,0,0,0,0,,0,,0,,0,,0
"MESSAGEix-GLOBIOM-GAINS 2.1-M-R12","High - SSP5","China+ (R10)","Capacity|Electricity|Coal","GW",1,1016.06974186106,,1290.215560331997,1322.663833175572,1559.676670058204,1886.232761192357,1759.54415064228,1665.740869358392,1359.664035311541,1244.330808589994,,800.3365327314247,,378.2316820822716,,188.1532947677507,,159.2666939605993
"MESSAGEix-GLOBIOM-GAINS 2.1-M-R12","High - SSP5","China+ (R10)","Capacity|Electricity|Gas","GW",1,58.68107585257242,,94.20978719461823,209.1029263637094,327.4580107637472,398.7062779670107,744.8140346584516,1071.393993185278,1456.855840305994,1657.276451333926,,2017.377854357032,,1928.212613804667,,1306.124786116006,,652.6597097316462
"MESSAGEix-GLOBIOM-GAINS 2.1-M-R12","High - SSP5","China+ (R10)","Capacity|Electricity|Geothermal","GW",1,0.02605,,0.027305635065168,0.03434598567173301,0.03434598567173301,0.025902370742984,0.102941741151841,0.187999431110874,0.356253424616322,0.542019428907426,,0.973567830787978,,1.893601854918759,,3.778437485150659,,4.918743382118759
"MESSAGEix-GLOBIOM-GAINS 2.1-M-R12","High - SSP5","China+ (R10)","Capacity|Electricity|Hydro","GW",1,375.4594046215433,,478.7472251327483,471.4224543349978,477.4516415387498,486.0714285714287,486.2924107142858,486.5625,486.5848214285714,486.607142857143,,486.607142857143,,486.607142857143,,486.607142857143,,486.6071428571429
"MESSAGEix-GLOBIOM-GAINS 2.1-M-R12","High - SSP5","China+ (R10)","Capacity|Electricity|Nuclear","GW",1,47.74499999999999,,54.794,77.1,78.23899999999999,78.23899999999999,78.23899999999999,78.23899999999999,73.73899999999999,70.109,,106.6114462582172,,221.9384981151738,,428.471683282283,,798.3411621984594
"MESSAGEix-GLOBIOM-GAINS 2.1-M-R12","High - SSP5","China+ (R10)","Capacity|Electricity|Oil","GW",1,5.210067065186037,,0.2741975,12.65169058941538,11.97468135864615,9.1198602048,6.4713172048,2.7673022048,1.6561212048,0,,0,,0,,0,,0
"MESSAGEix-GLOBIOM-GAINS 2.1-M-R12","High - SSP5","China+ (R10)","Capacity|Electricity|Solar|CSP","GW",1,0.546,,0.5700000000000001,0.5700000000000001,0.5700000000000001,0.5700000000000001,0.5700000000000001,0.5700000000000001,0.5700000000000001,0.5700000000000001,,0.5700000000000001,,0.5700000000000001,,0.5700000000000001,,0.5700000000000001
"MESSAGEix-GLOBIOM-GAINS 2.1-M-R12","High - SSP5","China+ (R10)","Capacity|Electricity|Solar|PV","GW",1,284.2940310000004,,982.849084338551,2031.479506884451,2216.95614593999,2514.241859601623,3175.063390257265,3461.695804295388,3688.085194730123,3840.679867587674,,3905.129555046281,,4362.020390783597,,4338.305220677714,,4228.177036696316
"MESSAGEix-GLOBIOM-GAINS 2.1-M-R12","High - SSP5","China+ (R10)","Capacity|Electricity|Wind|Offshore","GW",1,9.089200000000002,,56.99273507000004,56.99273507000007,56.99273507000007,56.99273507000007,56.99273507000004,56.99273507000004,56.99273507000004,56.99273507000004,,56.99273507000004,,56.99273507000004,,56.99273507000004,,56.99273507000004
"MESSAGEix-GLOBIOM-GAINS 2.1-M-R12","High - SSP5","China+ (R10)","Capacity|Electricity|Wind|Onshore","GW",1,273.5801199999995,,550.3370808399991,830.7,835.578949720987,844.1853710861126,847.9457269275248,859.8499803407658,993.1264706814842,1043.963761058935,,1036.945053295703,,1021.208258391329,,1090.528944061138,,1090.531549411138
"MESSAGEix-GLOBIOM-GAINS 2.1-M-R12","High - SSP5","Europe (R10)","Capacity|Electricity|Biomass","GW",1,19.66899035361752,,3.47561136164122,0,0,0,0,0,0,0,,0,,0,,0,,0
"MESSAGEix-GLOBIOM-GAINS 2.1-M-R12","High - SSP5","Europe (R10)","Capacity|Electricity|Coal","GW",1,131.3925264232475,,120.4482322043079,65.6968441943571,54.81733866424374,34.71739639713715,24.59664662820802,22.18439161751584,16.78906703837443,17.81572406290443,,22.40594230043815,,35.95703940241438,,56.47456586895802,,77.38749772711701
"MESSAGEix-GLOBIOM-GAINS 2.1-M-R12","High - SSP5","Europe (R10)","Capacity|Electricity|Gas","GW",1,214.9082847179982,,179.7944474952034,185.9974812512023,235.9415144651679,363.9304437149132,520.8085783993563,665.1688586411385,786.3921435685401,845.0643871406921,,900.5790451120808,,996.3764640164476,,993.3735354029574,,964.9140583364164
"MESSAGEix-GLOBIOM-GAINS 2.1-M-R12","High - SSP5","Europe (R10)","Capacity|Electricity|Geothermal","GW",1,1.61717,,1.902239432375606,1.868784333494496,1.538005565364352,1.270940412944692,0.9840694323756061,0.761454167948689,0.589723851933404,0.589723851933404,,0.746656798766777,,1.223019642768931,,1.803703291500389,,2.511553419086233
"MESSAGEix-GLOBIOM-GAINS 2.1-M-R12","High - SSP5","Europe (R10)","Capacity|Electricity|Hydro","GW",1,207.1625370759525,,216.457285529931,216.4585902533723,222.184987942496,228.5218930395826,228.5218930395826,228.5218930395826,228.5218930395826,228.5218930395826,,228.5218930395826,,228.5218930395826,,228.5218930395826,,228.5218930395826
"MESSAGEix-GLOBIOM-GAINS 2.1-M-R12","High - SSP5","Europe (R10)","Capacity|Electricity|Nuclear","GW",1,104.0473684210526,,108.8063684210526,112.2233684210526,112.7843684210526,73.7555063555734,21.31736842105263,17.94636842105263,16.94336842105263,14.33036842105263,,12.126,,11.801,,26.7403666692904,,56.01168468604462
"MESSAGEix-GLOBIOM-GAINS 2.1-M-R12","High - SSP5","Europe (R10)","Capacity|Electricity|Oil","GW",1,38.74314895389575,,38.74314895389575,24.18492732853908,21.61818932853908,17.531689,11.883898,5.817017,0,0,,0,,0,,0,,0
"MESSAGEix-GLOBIOM-GAINS 2.1-M-R12","High - SSP5","Europe (R10)","Capacity|Electricity|Solar|CSP","GW",1,2.31213,,2.322174,2.322174,2.322174,2.322174,2.322174,2.322174,2.322174,2.322174,,2.322174,,2.322174,,2.322174,,2.322174
"MESSAGEix-GLOBIOM-GAINS 2.1-M-R12","High - SSP5","Europe (R10)","Capacity|Electricity|Solar|PV","GW",1,174.4364500000004,,348.1967539100012,931.0200000000001,931.0200000000001,931.0200000000001,931.0200000000001,931.0200000000001,943.142317918018,931.0199999999999,,1135.29740396582,,1234.953891414342,,1666.672456757415,,1928.57386062313
"MESSAGEix-GLOBIOM-GAINS 2.1-M-R12","High - SSP5","Europe (R10)","Capacity|Electricity|Wind|Offshore","GW",1,24.93989999999999,,39.30720262999994,39.30720262999997,39.30720262999997,39.30720262999997,39.30720262999998,39.30720262999998,39.30720262999998,39.30720262999998,,46.81623262100316,,51.92753193519292,,58.13681804907106,,63.1293583225064
"MESSAGEix-GLOBIOM-GAINS 2.1-M-R12","High - SSP5","Europe (R10)","Capacity|Electricity|Wind|Onshore","GW",1,190.2000999999999,,265.6607075899993,325,325,325,325.0000000000001,325.0000000000001,325.0000000000001,325.2363980055969,,343.5546434943251,,343.5546434943251,,357.8161391278891,,533.0311023979924
"MESSAGEix-GLOBIOM-GAINS 2.1-M-R12","High - SSP5","India+ (R10)","Capacity|Electricity|Biomass","GW",1,4.930473,,4.930473,4.928472999999999,0.421942170698807,0,0,0,0,0,,0,,0,,0,,0
"MESSAGEix-GLOBIOM-GAINS 2.1-M-R12","High - SSP5","India+ (R10)","Capacity|Electricity|Coal","GW",1,239.0917185,,240.2503608375864,265.3428843133405,294.0474992102636,327.9396744722741,344.4125359785887,305.1020174430668,280.9231751540493,262.8071291495016,,196.2726485936017,,65.1901410395797,,0,,0
"MESSAGEix-GLOBIOM-GAINS 2.1-M-R12","High - SSP5","India+ (R10)","Capacity|Electricity|Gas","GW",1,57.12988824999999,,180.6716629916283,237.2617242655034,448.0296255382673,687.8587634991088,1072.506283582185,1587.809913258364,2023.937800396377,2423.08060751395,,3015.281243198072,,3717.542543672636,,3710.413732478308,,2827.055828749249
"MESSAGEix-GLOBIOM-GAINS 2.1-M-R12","High - SSP5","India+ (R10)","Capacity|Electricity|Geothermal","GW",1,0,,0,0,0,0,0,0,0,0,,0,,0,,0.15642458571054,,0.347105282841681
"MESSAGEix-GLOBIOM-GAINS 2.1-M-R12","High - SSP5","India+ (R10)","Capacity|Electricity|Hydro","GW",1,61.5104934365328,,70.17186420513329,62.61564035136649,60.38931611789457,120.9949059536393,172.6694915254237,173.728813559322,174.7881355932203,175.8474576271186,,175.8474576271186,,175.8474576271186,,175.8474576271187,,175.8474576271187
"MESSAGEix-GLOBIOM-GAINS 2.1-M-R12","High - SSP5","India+ (R10)","Capacity|Electricity|Nuclear","GW",1,7.483,,10.777,16.201,17.945,16.852,15.952,21.76669765429941,34.98897549013066,54.18185050137624,,119.5368207179421,,248.0999390850789,,501.003051878371,,998.5017534724516
"MESSAGEix-GLOBIOM-GAINS 2.1-M-R12","High - SSP5","India+ (R10)","Capacity|Electricity|Oil","GW",1,24.78252330438446,,18.6287382,18.7325142,18.0582782,16.9998452,14.0301742,8.956825199999999,0,0,,0,,0,,0,,0
"MESSAGEix-GLOBIOM-GAINS 2.1-M-R12","High - SSP5","India+ (R10)","Capacity|Electricity|Solar|CSP","GW",1,0.3285,,0.3425,0.3425,0.3425,0.3425,0.3425,0.3425,0.3425,0.3425,,0.3425,,0.3425,,0.3425,,0.3425
"MESSAGEix-GLOBIOM-GAINS 2.1-M-R12","High - SSP5","India+ (R10)","Capacity|Electricity|Solar|PV","GW",1,52.87408341134991,,116.8469560853499,503.8171058849377,922.8277688963574,1239.985498609826,1733.689621413497,2252.208905506135,2763.574699486977,3621.213242486678,,4304.294400349863,,4789.07123385707,,5200.622921452486,,5497.169845697957
"MESSAGEix-GLOBIOM-GAINS 2.1-M-R12","High - SSP5","India+ (R10)","Capacity|Electricity|Wind|Offshore","GW",1,0,,0.001979945485201,0.005699707009311001,0.015765204372164,0.026988625026846,0.04620212105374,0.07909391411163401,0.135401732795384,0.231795700717458,,1.102061102165954,,2.964463020530649,,7.974186715075962,,21.44997368039742
"MESSAGEix-GLOBIOM-GAINS 2.1-M-R12","High - SSP5","India+ (R10)","Capacity|Electricity|Wind|Onshore","GW",1,39.97896999999995,,56.05794807999995,86,102.8491598186952,130.1757316918873,259.8654542037173,430.7480018264969,515.9649754848847,515.9649754848847,,1157.700611582041,,1425.24910294501,,2095.234681677439,,2957.046713362362
"MESSAGEix-GLOBIOM-GAINS 2.1-M-R12","High - SSP5","Latin America (R10)","Capacity|Electricity|Biomass","GW",1,10.39858823529412,,5.483026753951975,0,0,0,0,0,0,0,,0,,0,,0,,0
"MESSAGEix-GLOBIOM-GAINS 2.1-M-R12","High - SSP5","Latin America (R10)","Capacity|Electricity|Coal","GW",1,18.69986881995844,,8.293501300423008,11.79984129654531,11.79984129654531,11.79984129654531,10.0687,4.133,0,0,,0,,0,,0,,0
"MESSAGEix-GLOBIOM-GAINS 2.1-M-R12","High - SSP5","Latin America (R10)","Capacity|Electricity|Gas","GW",1,105.8574930903673,,77.851259,97.18411614538209,131.9436060103889,272.5702002704365,440.2812540209758,629.2649771495664,812.5590422328229,1006.066652517351,,1301.404733864283,,1491.095847105293,,1520.594244081407,,1340.37882986391
"MESSAGEix-GLOBIOM-GAINS 2.1-M-R12","High - SSP5","Latin America (R10)","Capacity|Electricity|Geothermal","GW",1,1.735269907727328,,1.724277830018537,1.321589754609918,1.013036191849543,0.7765893190898691,0.624789319089868,0.483450065065345,0.374084444580698,0.374084444580698,,0.6124314362612501,,0.9029750891423791,,1.825022362444894,,3.528863419386782
"MESSAGEix-GLOBIOM-GAINS 2.1-M-R12","High - SSP5","Latin America (R10)","Capacity|Electricity|Hydro","GW",1,197.5379286509483,,209.6477850184081,201.6744141373424,203.905558430028,206.1896923996649,206.1896923996649,206.1896923996649,214.4921306401837,218.1222197490518,,218.1222197490518,,218.1222197490518,,218.1222197490518,,218.7833528644888
"MESSAGEix-GLOBIOM-GAINS 2.1-M-R12","High - SSP5","Latin America (R10)","Capacity|Electricity|Nuclear","GW",1,5.369489863081315,,5.369489863081315,6.369489863081315,4.400489863081314,2.350489863081314,2.350489863081314,2.058,1.365,1.365,,0.6950000000000001,,0,,0,,0
"MESSAGEix-GLOBIOM-GAINS 2.1-M-R12","High - SSP5","Latin America (R10)","Capacity|Electricity|Oil","GW",1,18.059195,,0,29.06031906431184,29.06031906431184,29.06031906431184,29.06031906431184,26.062443,0,0,,0,,0,,0,,0
"MESSAGEix-GLOBIOM-GAINS 2.1-M-R12","High - SSP5","Latin America (R10)","Capacity|Electricity|Solar|CSP","GW",1,0,,0.12527,0.12527,0.12527,0.12527,0.12527,0.12527,0.12527,0.12527,,0.12527,,0.12527,,0.12527,,0.12527
"MESSAGEix-GLOBIOM-GAINS 2.1-M-R12","High - SSP5","Latin America (R10)","Capacity|Electricity|Solar|PV","GW",1,24.68465199999999,,107.5037147600006,279.75,457.3698216313172,602.8755922627915,775.2986733874508,952.5557710837581,1090.110671020391,1261.853102481637,,1803.891338451219,,2010.683417630819,,2198.467730095303,,2304.801130951129
"MESSAGEix-GLOBIOM-GAINS 2.1-M-R12","High - SSP5","Latin America (R10)","Capacity|Electricity|Wind|Offshore","GW",1,0,,0,0,0,0,0,0,0,0,,0,,0,,0,,0
"MESSAGEix-GLOBIOM-GAINS 2.1-M-R12","High - SSP5","Latin America (R10)","Capacity|Electricity|Wind|Onshore","GW",1,33.07356999999995,,68.72819046999994,80,80,110.8205432951359,142.1767732685711,176.6334618294424,209.8547198044629,250.8859424439298,,320.4735764535387,,525.3112997100947,,658.5681139960948,,724.4033204827675
"MESSAGEix-GLOBIOM-GAINS 2.1-M-R12","High - SSP5","Middle East (R10)","Capacity|Electricity|Biomass","GW",1,0.00038,,0,0,0,0,0,0,0,0,,0,,0,,0,,0
"MESSAGEix-GLOBIOM-GAINS 2.1-M-R12","High - SSP5","Middle East (R10)","Capacity|Electricity|Coal","GW",1,9.439,,9.439,7.489000000000001,4.266,3.306,1.556,0,0,0,,0,,0,,0,,8.521507332888138
"MESSAGEix-GLOBIOM-GAINS 2.1-M-R12","High - SSP5","Middle East (R10)","Capacity|Electricity|Gas","GW",1,328.5380204153607,,288.5744122106479,313.4884287250622,401.0282513965466,563.2378813386118,715.4495886933164,917.300384157122,1170.31005926245,1422.463282463963,,1427.585044759052,,1384.46073499073,,1178.556908643065,,1050.517017154831
"MESSAGEix-GLOBIOM-GAINS 2.1-M-R12","High - SSP5","Middle East (R10)","Capacity|Electricity|Geothermal","GW",1,0,,0,0,0,0.07434343085714201,0.15642458571054,0.290266042042187,0.475015751332872,0.730037297111749,,1.505452510778523,,2.938333790813878,,5.58613941351614,,10.47899042168949
"MESSAGEix-GLOBIOM-GAINS 2.1-M-R12","High - SSP5","Middle East (R10)","Capacity|Electricity|Hydro","GW",1,20.07953120323608,,23.4961538750416,19.14078763574404,17.88908153150564,16.81005857538722,16.81005857538722,16.81005857538721,16.81005857538721,16.81005857538721,,16.81005857538721,,16.81005857538721,,16.81005857538721,,66.9386338654418
"MESSAGEix-GLOBIOM-GAINS 2.1-M-R12","High - SSP5","Middle East (R10)","Capacity|Electricity|Nuclear","GW",1,2.252,,6.236,6.236,11.61,11.61,11.61,11.61,10.695,9.358,,5.374,,0,,0,,0
"MESSAGEix-GLOBIOM-GAINS 2.1-M-R12","High - SSP5","Middle East (R10)","Capacity|Electricity|Oil","GW",1,109.6202029230769,,109.6202029230769,125.7823033847431,125.7823033847431,85.60245292307694,72.90633192307692,53.93492292307693,0,0,,0,,0,,0,,0
"MESSAGEix-GLOBIOM-GAINS 2.1-M-R12","High - SSP5","Middle East (R10)","Capacity|Electricity|Solar|CSP","GW",1,1.02711,,1.236594325946717,1.236594325946717,1.236594325946717,1.236594325946717,1.236594325946717,1.236594325946717,1.236594325946717,1.236594325946717,,1.236594325946717,,1.236594325946717,,1.236594325946717,,1.236594325946717
"MESSAGEix-GLOBIOM-GAINS 2.1-M-R12","High - SSP5","Middle East (R10)","Capacity|Electricity|Solar|PV","GW",1,10.95094799249994,,32.1075880523999,225.9,363.9145195744459,538.3177604306226,737.822050748859,891.5940096289767,1051.683939944392,1171.271862316901,,1750.661712614386,,2209.261697440208,,2435.384884822704,,2549.555084962027
"MESSAGEix-GLOBIOM-GAINS 2.1-M-R12","High - SSP5","Middle East (R10)","Capacity|Electricity|Wind|Offshore","GW",1,0,,0,0,0,0,0,0,0,0,,0,,28.91011050443407,,28.91011050443407,,0
"MESSAGEix-GLOBIOM-GAINS 2.1-M-R12","High - SSP5","Middle East (R10)","Capacity|Electricity|Wind|Onshore","GW",1,4.003619999999994,,7.614001049999995,11.2,11.2,11.2,11.2,11.2,11.2,26.34587217382771,,197.511753193664,,545.2750239627674,,763.2111841047208,,1204.740531778979
"MESSAGEix-GLOBIOM-GAINS 2.1-M-R12","High - SSP5","North America (R10)","Capacity|Electricity|Biomass","GW",1,11.74076446539092,,11.71843593480997,13.42710594997716,13.42710594997716,10.0519919018032,2.947101,0.7977785452736541,0,0,,0,,0,,0,,0
"MESSAGEix-GLOBIOM-GAINS 2.1-M-R12","High - SSP5","North America (R10)","Capacity|Electricity|Coal","GW",1,249.042128,,249.042128,217.241888,141.504888,64.834689024,50.48600839033237,42.65594924945523,36.39062529640623,38.27159769646138,,37.51301801766819,,36.76947411380245,,36.04066796142116,,35.32630744419104
"MESSAGEix-GLOBIOM-GAINS 2.1-M-R12","High - SSP5","North America (R10)","Capacity|Electricity|Gas","GW",1,517.7869017477935,,518.0566964567524,539.7573234680917,749.7666717912988,965.5519283492747,1219.708604339497,1456.488376102519,1732.310143135967,2060.412954307977,,2604.369087423849,,2529.606435102763,,2488.897286875501,,1434.858273065759
"MESSAGEix-GLOBIOM-GAINS 2.1-M-R12","High - SSP5","North America (R10)","Capacity|Electricity|Geothermal","GW",1,3.0796,,3.241035861132952,3.241035861132952,3.652708907616816,4.107229215434511,4.609056361960585,5.163114080964656,5.77483857238183,6.450231840202814,,12.07573735236261,,22.47104737083931,,27.54850594220152,,33.7378996084466
"MESSAGEix-GLOBIOM-GAINS 2.1-M-R12","High - SSP5","North America (R10)","Capacity|Electricity|Hydro","GW",1,153.0939603039292,,160.2334524641383,166.536539581002,174.3082476750057,182.864235172651,182.864235172651,182.864235172651,182.864235172651,184.6029760429768,,217.7502738243505,,221.6339947545831,,224.820041266211,,227.4479482429552
"MESSAGEix-GLOBIOM-GAINS 2.1-M-R12","High - SSP5","North America (R10)","Capacity|Electricity|Nuclear","GW",1,112.9162438857682,,115.1502438857682,111.7512438857682,87.84224388576821,70.80324388576821,40.60724388576821,12.0432438857682,9.092243885768198,7.935243885768198,,21.08035333920038,,70.55550454920322,,167.8806154040668,,359.3338393205691
"MESSAGEix-GLOBIOM-GAINS 2.1-M-R12","High - SSP5","North America (R10)","Capacity|Electricity|Oil","GW",1,61.342633,,61.342633,57.824987,26.431433,14.281679,8.445183,3.535486,0,0,,0,,0,,0,,0
"MESSAGEix-GLOBIOM-GAINS 2.1-M-R12","High - SSP5","North America (R10)","Capacity|Electricity|Solar|CSP","GW",1,1.7579,,1.74748,1.7579,1.747314882352941,1.747314882352941,1.747314882352941,1.747314882352941,1.747314882352941,1.747314882352941,,1.747314882352941,,1.747314882352941,,1.747314882352941,,1.747314882352941
"MESSAGEix-GLOBIOM-GAINS 2.1-M-R12","High - SSP5","North America (R10)","Capacity|Electricity|Solar|PV","GW",1,98.884759,,227.8469517,293.14388107,293.1438810699999,422.828552243208,571.445420145539,637.8770947380607,716.3388310226545,814.632827977032,,992.6707141430751,,1717.248802673234,,1957.241612876496,,2064.963622696123
"MESSAGEix-GLOBIOM-GAINS 2.1-M-R12","High - SSP5","North America (R10)","Capacity|Electricity|Wind|Offshore","GW",1,0.0293,,0.0413,0.0413,0.0413,0.0413,0.0413,0.0413,0.0413,0.0413,,0.0413,,0.0413,,0.0413,,0.0413
"MESSAGEix-GLOBIOM-GAINS 2.1-M-R12","High - SSP5","North America (R10)","Capacity|Electricity|Wind|Onshore","GW",1,132.26562,,182.90245927,250,250,250,263.9767223898833,342.2089529579881,399.1240686192728,470.4252463701255,,599.5715967195081,,682.6003314743198,,793.537733912581,,1263.620335678009
"MESSAGEix-GLOBIOM-GAINS 2.1-M-R12","High - SSP5","Pacific OECD (R10)","Capacity|Electricity|Biomass","GW",1,3.901992352941177,,1.740401607161627,0,0,0,0,0,0,0,,0,,0,,0,,0
"MESSAGEix-GLOBIOM-GAINS 2.1-M-R12","High - SSP5","Pacific OECD (R10)","Capacity|Electricity|Coal","GW",1,70.43439466062287,,70.43439466062287,50.85857507807163,48.81563127584396,32.38173,16.89668,4.083919281785942,4.146182651983846,9.543044323277421,,29.12422427249394,,71.39852314095417,,114.949249014843,,92.66963822997965
"MESSAGEix-GLOBIOM-GAINS 2.1-M-R12","High - SSP5","Pacific OECD (R10)","Capacity|Electricity|Gas","GW",1,113.0568573076945,,76.67664656490285,75.981863,79.71128188532535,117.2226264459875,150.1633830975495,191.6784822756547,233.5739185265477,261.2880621112012,,248.0844591795025,,196.7005057896025,,113.4876666127291,,86.31002658644454
"MESSAGEix-GLOBIOM-GAINS 2.1-M-R12","High - SSP5","Pacific OECD (R10)","Capacity|Electricity|Geothermal","GW",1,1.5301,,1.828163479082504,1.828163479082504,1.828163479082504,1.828163479082504,1.828163479082504,1.414598050747722,1.636173982931842,1.880811716107474,,2.449123572706315,,3.141892554717162,,3.986374078133833,,5.015792342967427
"MESSAGEix-GLOBIOM-GAINS 2.1-M-R12","High - SSP5","Pacific OECD (R10)","Capacity|Electricity|Hydro","GW",1,39.49249770017558,,41.42462981460719,42.03656250000001,43.4626817447496,44.98896321070235,44.98896321070234,44.98896321070234,44.98896321070235,44.98896321070235,,44.98896321070235,,44.98896321070235,,44.98896321070235,,44.98896321070235
"MESSAGEix-GLOBIOM-GAINS 2.1-M-R12","High - SSP5","Pacific OECD (R10)","Capacity|Electricity|Nuclear","GW",1,31.679,,31.679,34.332,32.772,3.519000000000001,3.519000000000001,3.519000000000001,3.519000000000001,3.519000000000001,,3.086,,2.653,,1.3265,,0
"MESSAGEix-GLOBIOM-GAINS 2.1-M-R12","High - SSP5","Pacific OECD (R10)","Capacity|Electricity|Oil","GW",1,14.1232724423008,,14.1232724423008,17.13523412245264,17.13523412245264,10.896686,4.524945000000001,1.508703,0,0,,0,,0,,0,,0
"MESSAGEix-GLOBIOM-GAINS 2.1-M-R12","High - SSP5","Pacific OECD (R10)","Capacity|Electricity|Solar|CSP","GW",1,0.003,,0.003,0.003,0.003,0.003,0.003,0.003,0.003,0.003,,0.003,,0.003,,0.003,,0.003
"MESSAGEix-GLOBIOM-GAINS 2.1-M-R12","High - SSP5","Pacific OECD (R10)","Capacity|Electricity|Solar|PV","GW",1,93.92997400000024,,147.2843810500001,165.2483118499999,172.5596306100347,216.7304487567166,224.909546590411,224.909546590411,230.9855418667314,225.1809849530592,,294.5607994906909,,312.3270732092199,,328.4595531658138,,433.7264572985951
"MESSAGEix-GLOBIOM-GAINS 2.1-M-R12","High - SSP5","Pacific OECD (R10)","Capacity|Electricity|Wind|Offshore","GW",1,0.066,,0.19,0.19,0.19,0.19,0.19,0.19,0.19,0.19,,0.19,,0.19,,0.19,,0.19
"MESSAGEix-GLOBIOM-GAINS 2.1-M-R12","High - SSP5","Pacific OECD (R10)","Capacity|Electricity|Wind|Onshore","GW",1,14.95799999999999,,24.86854156,45.00000000000001,45.00000000000001,45.00000000000002,45.00000000000003,45.00000000000003,45.00000000000003,45.00000000000003,,69.46096498195276,,74.69256621262946,,76.22229849283721,,122.8459099388016
"MESSAGEix-GLOBIOM-GAINS 2.1-M-R12","High - SSP5","Reforming Economies (R10)","Capacity|Electricity|Biomass","GW",1,0.1448875,,0.1448875,0,0,0,0,0,0,0,,0,,0,,0,,0
"MESSAGEix-GLOBIOM-GAINS 2.1-M-R12","High - SSP5","Reforming Economies (R10)","Capacity|Electricity|Coal","GW",1,72.24775100842987,,72.24775100842987,55.02373206343238,35.1814,18.93679698951805,14.09268547301378,10.24650344170017,7.31443578391558,7.31443578391558,,6.059737289156554,,3.87951432244271,,8.620470841737696,,21.94773420964792
"MESSAGEix-GLOBIOM-GAINS 2.1-M-R12","High - SSP5","Reforming Economies (R10)","Capacity|Electricity|Gas","GW",1,163.3197653289362,,58.85962561836754,78.23730287066375,119.1957896018531,156.7609723672871,222.124052626385,277.5168571705997,341.8378714087786,411.47599429415,,389.7494949030589,,409.6926729363153,,304.0383373112802,,225.7692935840633
"MESSAGEix-GLOBIOM-GAINS 2.1-M-R12","High - SSP5","Reforming Economies (R10)","Capacity|Electricity|Geothermal","GW",1,1.704028049575995,,4.057033224398767,4.057033224398767,4.057033224398767,3.963033224398766,3.355033224398766,2.596060753718925,2.008782323819586,2.008782323819586,,2.605119029430718,,3.332050146008743,,4.218175120837914,,5.298356520572669
"MESSAGEix-GLOBIOM-GAINS 2.1-M-R12","High - SSP5","Reforming Economies (R10)","Capacity|Electricity|Hydro","GW",1,71.62413617170489,,72.16587777771305,70.42018651816433,70.5485738860207,70.69422222222222,70.69422222222222,70.69422222222222,70.69422222222222,70.69422222222222,,70.69422222222222,,70.93614182512165,,71.20337157105506,,71.49855946098111
"MESSAGEix-GLOBIOM-GAINS 2.1-M-R12","High - SSP5","Reforming Economies (R10)","Capacity|Electricity|Nuclear","GW",1,41.435,,43.745,44.945,45.166,41.923,30.4,20.925,19.025,19.025,,14.711,,28.48761876371739,,60.85867171179942,,116.1531064161365
"MESSAGEix-GLOBIOM-GAINS 2.1-M-R12","High - SSP5","Reforming Economies (R10)","Capacity|Electricity|Oil","GW",1,8.733413846153846,,8.733413846153846,12.09041384615385,8.733413846153846,3.683613846153846,1.258767692307692,0.56711,0,0,,0,,0,,0,,0
"MESSAGEix-GLOBIOM-GAINS 2.1-M-R12","High - SSP5","Reforming Economies (R10)","Capacity|Electricity|Solar|CSP","GW",1,0,,0,0,0,0,0,0,0,0,,0,,0,,0,,0
"MESSAGEix-GLOBIOM-GAINS 2.1-M-R12","High - SSP5","Reforming Economies (R10)","Capacity|Electricity|Solar|PV","GW",1,11.551139,,14.69517620999999,16.70513715,67.01218467314,165.0478717354939,205.9595716935427,229.3033696351169,250.7211621715685,274.0991848952282,,423.884861928679,,499.0762459853848,,765.1153610367114,,915.8435295893239
"MESSAGEix-GLOBIOM-GAINS 2.1-M-R12","High - SSP5","Reforming Economies (R10)","Capacity|Electricity|Wind|Offshore","GW",1,0,,0,0,0,0,0,0,0,0,,0,,0,,0,,0
"MESSAGEix-GLOBIOM-GAINS 2.1-M-R12","High - SSP5","Reforming Economies (R10)","Capacity|Electricity|Wind|Onshore","GW",1,3.077279999999995,,7.65204334999999,10.8,10.8,10.8,10.8,16.94643795467814,21.43143872587015,21.43143872587015,,113.6945048830817,,126.7037458062674,,150.5913967641921,,178.4532818102529
"MESSAGEix-GLOBIOM-GAINS 2.1-M-R12","High - SSP5","Rest of Asia (R10)","Capacity|Electricity|Biomass","GW",1,6.274187823529411,,4.996501372415464,1.157053114072077,0,0,0,0,0,0,,0,,0,,0,,0
"MESSAGEix-GLOBIOM-GAINS 2.1-M-R12","High - SSP5","Rest of Asia (R10)","Capacity|Electricity|Coal","GW",1,122.15754335,,122.15754335,110.66254335,100.0923400077041,90.81532500770413,64.3665882148122,21.97344669067419,1.241301690674194,1.241301690674194,,0.6702550329700581,,0.328073412930988,,0,,0
"MESSAGEix-GLOBIOM-GAINS 2.1-M-R12","High - SSP5","Rest of Asia (R10)","Capacity|Electricity|Gas","GW",1,152.54893051,,188.9600690792719,233.1207236942891,352.8702652782378,488.5067456844533,597.2321507218008,712.6095687836371,792.736960710143,954.8777738853664,,909.2559278143494,,710.8239804943764,,461.8722998080214,,157.4432832985934
"MESSAGEix-GLOBIOM-GAINS 2.1-M-R12","High - SSP5","Rest of Asia (R10)","Capacity|Electricity|Geothermal","GW",1,4.1091,,4.763584209632405,3.729667657782741,2.920568939008377,2.287321978600859,1.769886144966127,1.369504160520151,1.059696213237433,1.059696213237433,,1.059362395818914,,0.752755404258114,,0.450702466740651,,0.7058283777452671
"MESSAGEix-GLOBIOM-GAINS 2.1-M-R12","High - SSP5","Rest of Asia (R10)","Capacity|Electricity|Hydro","GW",1,24.0257385582046,,26.96809481993593,51.23017039696369,88.88795985978958,92.84099960192957,112.9396135111928,135.6247221926023,135.6247221926023,135.6247221926024,,186.6,,187.8666666666667,,188.4222222222222,,188.6666666666667
"MESSAGEix-GLOBIOM-GAINS 2.1-M-R12","High - SSP5","Rest of Asia (R10)","Capacity|Electricity|Nuclear","GW",1,24.945,,27.699,25.842,19.97,16.23,12.25,11.254,8.267999999999999,5.433999999999999,,42.68345373896612,,109.3915521648732,,228.8555965716629,,442.7975053172556
"MESSAGEix-GLOBIOM-GAINS 2.1-M-R12","High - SSP5","Rest of Asia (R10)","Capacity|Electricity|Oil","GW",1,47.52051800506459,,47.52051800506459,43.20020652307692,33.11849360000001,22.7109596,13.0796946,5.289336599999999,0,0,,0,,0,,0,,0
"MESSAGEix-GLOBIOM-GAINS 2.1-M-R12","High - SSP5","Rest of Asia (R10)","Capacity|Electricity|Solar|CSP","GW",1,0,,0.005,0.005,0.005,0.005,0.005,0.005,0.005,0.005,,0.005,,0.005,,0.005,,0.005
"MESSAGEix-GLOBIOM-GAINS 2.1-M-R12","High - SSP5","Rest of Asia (R10)","Capacity|Electricity|Solar|PV","GW",1,24.12426881324997,,45.83074939289996,201.9383345,247.7369351368355,352.1190291412804,563.02909666389,805.4320168276986,1094.424582750814,1196.406861645862,,1664.3938941014,,1941.994597803184,,2022.380647899997,,2107.580835348342
"MESSAGEix-GLOBIOM-GAINS 2.1-M-R12","High - SSP5","Rest of Asia (R10)","Capacity|Electricity|Wind|Offshore","GW",1,0.264,,6.192845349999951,6.192845349999951,6.192845349999951,6.192845349999952,16.72371336206019,49.71446015303,49.71446015303,49.71446015303,,49.71446015302995,,49.71446015302995,,49.71446015302995,,49.71446015302995
"MESSAGEix-GLOBIOM-GAINS 2.1-M-R12","High - SSP5","Rest of Asia (R10)","Capacity|Electricity|Wind|Onshore","GW",1,4.510149999999999,,7.357738429999999,11.3,28.49052573839959,73.19596325057327,121.0154382156968,121.0187869156968,121.0187869156968,121.0187869156968,,295.5864978153464,,296.1453657413569,,444.9095872248691,,573.4715295967414
"MESSAGEix-GLOBIOM-GAINS 2.1-M-R12","High - SSP5","World","Capacity|Electricity|Biomass","GW",1,75.67363276998884,,44.49517906405343,24.70541648077293,14.86681912067597,10.9281789018032,2.947101,0.7977785452736541,0,0,,0,,0,,0,,0
"MESSAGEix-GLOBIOM-GAINS 2.1-M-R12","High - SSP5","World","Capacity|Electricity|Coal","GW",1,1970.087202623319,,2218.197239048668,2140.684269694181,2284.106736735666,2498.908914379537,2298.765695327234,2078.639797082591,1706.468822926945,1581.324041296728,,1092.382358237753,,591.7544475143959,,404.2382484547105,,403.6408862373112
"MESSAGEix-GLOBIOM-GAINS 2.1-M-R12","High - SSP5","World","Capacity|Electricity|Gas","GW",1,1730.525921941192,,1685.270547197876,2001.650616103429,2928.713954707014,4150.727190073288,5947.536178829287,7918.327965596482,9986.245691594933,11939.16114836754,,14338.38532403675,,15853.41676271384,,14657.06266685822,,10995.7710268289
"MESSAGEix-GLOBIOM-GAINS 2.1-M-R12","High - SSP5","World","Capacity|Electricity|Geothermal","GW",1,14.69475892273059,,18.84398652225899,17.43769506347531,16.26455659027715,15.27807340890547,14.16123905603804,12.83198371475674,12.71217028597507,14.07298883704167,,22.46505264805416,,37.3455344954289,,50.35084316708345,,67.91533171031263
"MESSAGEix-GLOBIOM-GAINS 2.1-M-R12","High - SSP5","World","Capacity|Electricity|Hydro","GW",1,1177.648996959016,,1334.637438113912,1331.686863419909,1390.078149351473,1482.336405460383,1554.330587084287,1578.345107085309,1587.729188788298,1594.179662229962,,1803.511544756633,,1816.463851956432,,1824.832683769549,,1881.229931486155
"MESSAGEix-GLOBIOM-GAINS 2.1-M-R12","High - SSP5","World","Capacity|Electricity|Nuclear","GW",1,379.7261021699021,,406.1101021699021,435.0001021699021,410.7291021699021,315.2822401044229,216.2451021699021,179.3613099611202,177.6355877969515,185.2574628081971,,340.0511615498553,,736.231794014568,,1518.535888037059,,2998.395571008285
"MESSAGEix-GLOBIOM-GAINS 2.1-M-R12","High - SSP5","World","Capacity|Electricity|Oil","GW",1,333.3000834631393,,302.7712618704919,354.8130320586928,306.0627819048467,224.0375408383426,175.8110666844965,120.1775429278769,1.6561212048,0,,0,,0,,0,,0
"MESSAGEix-GLOBIOM-GAINS 2.1-M-R12","High - SSP5","World","Capacity|Electricity|Solar|CSP","GW",1,6.474639999999999,,6.852018325946716,6.862438325946716,6.851853208299658,6.851853208299658,6.851853208299658,6.851853208299658,6.851853208299658,6.851853208299658,,6.851853208299658,,6.851853208299658,,6.851853208299658,,6.851853208299658
"MESSAGEix-GLOBIOM-GAINS 2.1-M-R12","High - SSP5","World","Capacity|Electricity|Solar|PV","GW",1,780.8728182071007,,2040.155287069203,4720.332277339388,5763.522302975129,7131.210915663963,9149.076276204092,10686.65224852302,12277.86684646658,13945.96737653069,,17794.73178368312,,21381.73700707449,,23681.45193763896,,25700.24133502891
"MESSAGEix-GLOBIOM-GAINS 2.1-M-R12","High - SSP5","World","Capacity|Electricity|Wind|Offshore","GW",1,34.3884,,102.7260629954851,102.7297827570093,102.7398482543721,102.7510716750268,113.3011531831139,146.3247917671416,146.3810995858254,146.4774935537475,,154.8567889461991,,190.7406006831876,,201.9596104916111,,191.5178272259338
"MESSAGEix-GLOBIOM-GAINS 2.1-M-R12","High - SSP5","World","Capacity|Electricity|Wind|Onshore","GW",1,699.0911899999993,,1176.645762239998,1663,1701.918635278082,1813.377609323709,2039.980115005393,2350.792868660002,2692.125106923184,2874.077305856129,,4429.956160188296,,5778.999601690997,,7428.222622229708,,9989.474939002539
"MESSAGEix-GLOBIOM-GAINS 2.1-M-R12","Low-to-Negative - SSP5","Africa (R10)","Capacity|Electricity|Biomass","GW",1,1.017771,,1.017771,1.113321,1.017771,0,0,0,0,0,,0,,0,,0,,0
"MESSAGEix-GLOBIOM-GAINS 2.1-M-R12","Low-to-Negative - SSP5","Africa (R10)","Capacity|Electricity|Coal","GW",1,41.51253000000001,,35.6687673553014,43.32735845809363,42.44075680639101,7.615829800897902,4.689485712000279,0.291172994506898,0,0,,0,,0,,0,,0
"MESSAGEix-GLOBIOM-GAINS 2.1-M-R12","Low-to-Negative - SSP5","Africa (R10)","Capacity|Electricity|Gas","GW",1,18.69870472046891,,21.61594058648382,31.00305302996708,56.15065178847635,47.67636178847635,79.23312328248142,90.18687398079877,140.8855131019774,215.8062446695116,,452.5727933714353,,777.2852476714893,,668.39897219507,,364.3073411432178
"MESSAGEix-GLOBIOM-GAINS 2.1-M-R12","Low-to-Negative - SSP5","Africa (R10)","Capacity|Electricity|Geothermal","GW",1,0.893440965427266,,1.300346850553046,1.357074767302201,1.291774767302201,1.857460704601976,2.638312283256316,3.716170415628199,5.204005217118037,7.25775638347334,,13.56795311087193,,25.22849652640956,,46.77588698339322,,86.59307379537715
"MESSAGEix-GLOBIOM-GAINS 2.1-M-R12","Low-to-Negative - SSP5","Africa (R10)","Capacity|Electricity|Hydro","GW",1,27.66276923678868,,35.32506947625536,30.15151771095597,31.05010062523302,102.8493136510749,114.8393136510748,126.8293136510748,136.0293136510748,145.2293136510748,,157.5693136510749,,165.1293136510749,,169.4893136510749,,171.9293136510748
"MESSAGEix-GLOBIOM-GAINS 2.1-M-R12","Low-to-Negative - SSP5","Africa (R10)","Capacity|Electricity|Nuclear","GW",1,1.854,,1.854,0,0,5.808391015625002,15.0722135977156,29.84711573526004,48.65778566681034,75.66293506548345,,170.0907847515099,,167.1865892436975,,147.6311200850221,,44.96257306246132
"MESSAGEix-GLOBIOM-GAINS 2.1-M-R12","Low-to-Negative - SSP5","Africa (R10)","Capacity|Electricity|Oil","GW",1,5.165108923076923,,3.785137,14.150436,17.842797,7.280846159697065,7.280846159697065,7.280846159697065,0,0,,0,,0,,0,,0
"MESSAGEix-GLOBIOM-GAINS 2.1-M-R12","Low-to-Negative - SSP5","Africa (R10)","Capacity|Electricity|Solar|CSP","GW",1,0.5,,0.5,0.5,0.5,0.8206657425781251,1.827784460854102,3.755921068745085,6.54744291537985,6.54744291537985,,6.387110044090788,,4.087256353100209,,0.5,,0.5
"MESSAGEix-GLOBIOM-GAINS 2.1-M-R12","Low-to-Negative - SSP5","Africa (R10)","Capacity|Electricity|Solar|PV","GW",1,5.142512990000028,,16.99393156999998,71.33,122.7929292073637,219.540772540908,415.4116034037471,703.0258507386656,1166.002812231563,1450.579680340393,,3329.146832124834,,5578.840082938941,,6680.406916735175,,7498.032503433476
"MESSAGEix-GLOBIOM-GAINS 2.1-M-R12","Low-to-Negative - SSP5","Africa (R10)","Capacity|Electricity|Wind|Offshore","GW",1,0,,0,0,0,3.25796394459375,11.5741225721433,27.7434477435211,56.10530970533031,100.1388907435755,,288.0271802904143,,697.492800771432,,802.0384156728453,,802.0384156728453
"MESSAGEix-GLOBIOM-GAINS 2.1-M-R12","Low-to-Negative - SSP5","Africa (R10)","Capacity|Electricity|Wind|Onshore","GW",1,3.443759999999995,,5.46705159999999,17.742,17.742,56.83917093349736,104.7895297307574,187.3627012134058,324.29416934466,535.5504192646772,,1411.664040917344,,2686.891300496908,,3804.016685789685,,4768.781306364664
"MESSAGEix-GLOBIOM-GAINS 2.1-M-R12","Low-to-Negative - SSP5","China+ (R10)","Capacity|Electricity|Biomass","GW",1,17.59559803921568,,10.98807053407318,4.079463416723696,0,0,0,0,0,0,,0,,0,,0,,0
"MESSAGEix-GLOBIOM-GAINS 2.1-M-R12","Low-to-Negative - SSP5","China+ (R10)","Capacity|Electricity|Coal","GW",1,1016.06974186106,,1290.215560331997,1346.442984063253,1600.56878344829,993.8992241849397,501.0680568993278,117.2798028944456,0,0,,0,,0,,0,,0
"MESSAGEix-GLOBIOM-GAINS 2.1-M-R12","Low-to-Negative - SSP5","China+ (R10)","Capacity|Electricity|Gas","GW",1,58.68107585257242,,94.20978719461823,212.9995033908917,293.9999289911132,194.0138913503863,180.0588953051125,122.4731133091832,85.3508689544024,49.29634424454088,,0,,0,,0,,0
"MESSAGEix-GLOBIOM-GAINS 2.1-M-R12","Low-to-Negative - SSP5","China+ (R10)","Capacity|Electricity|Geothermal","GW",1,0.02605,,0.027305635065168,0.03434598567173301,0.113211778117444,0.3009974957499501,0.5641724770174621,0.9274493167529391,1.428902994654221,2.121090779771001,,4.232389590569416,,8.133835537506975,,15.34327476942668,,28.66551855946087
"MESSAGEix-GLOBIOM-GAINS 2.1-M-R12","Low-to-Negative - SSP5","China+ (R10)","Capacity|Electricity|Hydro","GW",1,375.4594046215433,,478.7472251327483,472.7200581964977,478.7492454002495,486.0714285714287,486.3169642857143,486.5625,486.5848214285714,486.607142857143,,486.607142857143,,486.607142857143,,486.6071428571429,,486.6071428571429
"MESSAGEix-GLOBIOM-GAINS 2.1-M-R12","Low-to-Negative - SSP5","China+ (R10)","Capacity|Electricity|Nuclear","GW",1,47.74499999999999,,54.794,77.1,78.23899999999999,131.3570344744616,209.9708615412989,296.8901985334171,410.5698055573374,562.6987633282642,,1038.721419312478,,1010.064919312478,,968.9999020752475,,566.0138098168829
"MESSAGEix-GLOBIOM-GAINS 2.1-M-R12","Low-to-Negative - SSP5","China+ (R10)","Capacity|Electricity|Oil","GW",1,5.210067065186037,,0.2741975,10.99556938461539,11.40124015384615,0,0,0,0,0,,0,,0,,0,,0
"MESSAGEix-GLOBIOM-GAINS 2.1-M-R12","Low-to-Negative - SSP5","China+ (R10)","Capacity|Electricity|Solar|CSP","GW",1,0.546,,0.5700000000000001,0.5700000000000001,0.5700000000000001,0.5700000000000001,0.5700000000000001,0.5700000000000001,0.5700000000000001,0.5700000000000001,,0.5700000000000001,,0.5700000000000001,,0.5700000000000001,,0.5700000000000001
"MESSAGEix-GLOBIOM-GAINS 2.1-M-R12","Low-to-Negative - SSP5","China+ (R10)","Capacity|Electricity|Solar|PV","GW",1,284.2940310000004,,982.849084338551,2049.814160720427,2341.00052115457,3988.476345536541,5703.717364865483,6375.977502689501,6640.845677495168,6758.269548757622,,6705.520152280762,,6825.214983413229,,6902.091736846253,,7282.287978704955
"MESSAGEix-GLOBIOM-GAINS 2.1-M-R12","Low-to-Negative - SSP5","China+ (R10)","Capacity|Electricity|Wind|Offshore","GW",1,9.089200000000002,,56.99273507000004,56.99273507000007,56.99273507000007,169.4057673499562,408.5254931034466,427.0528140303379,459.5507267806356,419.5265702105303,,221.7579748312706,,290.0225334386886,,290.0225334386886,,290.0225334386886
"MESSAGEix-GLOBIOM-GAINS 2.1-M-R12","Low-to-Negative - SSP5","China+ (R10)","Capacity|Electricity|Wind|Onshore","GW",1,273.5801199999995,,550.3370808399991,835.578949720987,836.9134633652112,1720.958306508127,1999.093002717727,2996.127675154674,3194.373519116963,3194.373519116963,,2903.507521689496,,3225.88929115122,,3625.157160741214,,5186.536724001449
"MESSAGEix-GLOBIOM-GAINS 2.1-M-R12","Low-to-Negative - SSP5","Europe (R10)","Capacity|Electricity|Biomass","GW",1,19.66899035361752,,3.47561136164122,0,0,0,0,0,0,0,,0,,0,,0,,0
"MESSAGEix-GLOBIOM-GAINS 2.1-M-R12","Low-to-Negative - SSP5","Europe (R10)","Capacity|Electricity|Coal","GW",1,131.3925264232475,,120.4482322043079,39.84939020550458,23.62680184124498,7.03120145462938,0.121353874892994,0,0,0,,0,,0,,0,,0
"MESSAGEix-GLOBIOM-GAINS 2.1-M-R12","Low-to-Negative - SSP5","Europe (R10)","Capacity|Electricity|Gas","GW",1,214.9082847179982,,179.7944474952034,102.2410565465553,41.40822158901549,10.98807732116478,5.10225437702958,0,0,0,,0,,0,,0,,0
"MESSAGEix-GLOBIOM-GAINS 2.1-M-R12","Low-to-Negative - SSP5","Europe (R10)","Capacity|Electricity|Geothermal","GW",1,1.61717,,1.902239432375606,1.98006632816915,3.041577813938413,4.604254455568,6.504157416168612,9.12678097958199,12.74695184591585,17.74409946720666,,33.10197622170869,,61.48162845803033,,113.9240769767332,,210.8319031803592
"MESSAGEix-GLOBIOM-GAINS 2.1-M-R12","Low-to-Negative - SSP5","Europe (R10)","Capacity|Electricity|Hydro","GW",1,207.1625370759525,,216.457285529931,221.441129935912,269.6980004112932,285.4733496727625,289.7327785109574,293.9922073491521,296.8396222180326,299.6870370869132,,303.4542630648101,,305.9099356298311,,307.4831892411143,,308.5097004138722
"MESSAGEix-GLOBIOM-GAINS 2.1-M-R12","Low-to-Negative - SSP5","Europe (R10)","Capacity|Electricity|Nuclear","GW",1,104.0473684210526,,108.8063684210526,112.2233684210526,112.7843684210526,107.3829534534254,77.96561472274473,68.33812364208374,81.44275843043785,97.28201585421928,,160.4305577407504,,166.3133997028987,,159.6633997028987,,87.63607362018031
"MESSAGEix-GLOBIOM-GAINS 2.1-M-R12","Low-to-Negative - SSP5","Europe (R10)","Capacity|Electricity|Oil","GW",1,38.74314895389575,,38.74314895389575,0,0.288585028657266,0,0,0,0,0,,0,,0,,0,,0
"MESSAGEix-GLOBIOM-GAINS 2.1-M-R12","Low-to-Negative - SSP5","Europe (R10)","Capacity|Electricity|Solar|CSP","GW",1,2.31213,,2.322174,2.322174,2.322174,2.322174,2.322174,2.322174,2.322174,2.322174,,2.322174,,2.322174,,2.322174,,2.322174
"MESSAGEix-GLOBIOM-GAINS 2.1-M-R12","Low-to-Negative - SSP5","Europe (R10)","Capacity|Electricity|Solar|PV","GW",1,174.4364500000004,,348.1967539100012,962.241843943981,962.2319683878811,1139.005957812199,1521.827519383167,1679.415847626103,1783.749086475103,1746.237166149011,,1918.073503379499,,2185.781154753619,,2299.924766923956,,2481.816249228854
"MESSAGEix-GLOBIOM-GAINS 2.1-M-R12","Low-to-Negative - SSP5","Europe (R10)","Capacity|Electricity|Wind|Offshore","GW",1,24.93989999999999,,39.30720262999994,46.35583980914986,46.35583980914986,56.99633746245745,139.1085433510899,153.6467078563812,160.9225744863392,154.8396453745383,,101.8421695662395,,124.5971791155355,,93.99797640630746,,93.8441752332339
"MESSAGEix-GLOBIOM-GAINS 2.1-M-R12","Low-to-Negative - SSP5","Europe (R10)","Capacity|Electricity|Wind|Onshore","GW",1,190.2000999999999,,265.6607075899993,325.9368767677473,325.9368767677473,332.9510765770589,419.1857561782093,530.6339376267266,615.8989628840797,615.8989628840797,,748.5035527114542,,839.1275486045571,,861.519654845561,,969.9082730682438
"MESSAGEix-GLOBIOM-GAINS 2.1-M-R12","Low-to-Negative - SSP5","India+ (R10)","Capacity|Electricity|Biomass","GW",1,4.930473,,4.930473,0.385404168409849,0,0,0,0,0,0,,0,,0,,0,,0
"MESSAGEix-GLOBIOM-GAINS 2.1-M-R12","Low-to-Negative - SSP5","India+ (R10)","Capacity|Electricity|Coal","GW",1,239.0917185,,240.2503608375864,266.2924145008481,296.8699302418108,258.4646048273389,226.0000394540118,68.47368593950235,9.00076132931926,0,,0,,0,,0,,0
"MESSAGEix-GLOBIOM-GAINS 2.1-M-R12","Low-to-Negative - SSP5","India+ (R10)","Capacity|Electricity|Gas","GW",1,57.12988824999999,,180.6716629916283,201.134941733269,328.4621000053197,332.6530276538297,357.9960928089741,221.4869441998731,140.3502425301049,270.0881966474705,,249.2698837425432,,341.1807636353875,,316.8423883493194,,517.3139689601629
"MESSAGEix-GLOBIOM-GAINS 2.1-M-R12","Low-to-Negative - SSP5","India+ (R10)","Capacity|Electricity|Geothermal","GW",1,0,,0,0,0,0.07434343085714201,0.176964304949362,0.318618297481501,0.514152137724014,0.784059692015575,,1.605279902601707,,3.122803734731776,,5.927019402340704,,11.10889881930223
"MESSAGEix-GLOBIOM-GAINS 2.1-M-R12","Low-to-Negative - SSP5","India+ (R10)","Capacity|Electricity|Hydro","GW",1,61.5104934365328,,70.17186420513329,62.61564035136651,173.1646107757149,171.6101694915254,172.6694915254237,173.728813559322,174.7881355932203,175.8474576271186,,175.8474576271187,,175.8474576271187,,175.8474576271186,,175.8474576271186
"MESSAGEix-GLOBIOM-GAINS 2.1-M-R12","Low-to-Negative - SSP5","India+ (R10)","Capacity|Electricity|Nuclear","GW",1,7.483,,10.777,16.201,17.945,32.9743296708929,55.68368416135268,91.59008859949542,147.3791264283632,235.2563517834402,,552.4258160731752,,1099.658113853842,,1049.385392308864,,928.1345395833866
"MESSAGEix-GLOBIOM-GAINS 2.1-M-R12","Low-to-Negative - SSP5","India+ (R10)","Capacity|Electricity|Oil","GW",1,24.78252330438446,,18.6287382,18.7325142,18.0582782,14.0301742,14.0301742,0,0,0,,0,,0,,0,,0
"MESSAGEix-GLOBIOM-GAINS 2.1-M-R12","Low-to-Negative - SSP5","India+ (R10)","Capacity|Electricity|Solar|CSP","GW",1,0.3285,,0.3425,0.3425,0.3425,0.6631657425781251,1.495685292533789,1.495685292533789,1.481685292533789,1.481685292533789,,1.321352421244727,,0.3425,,0.3425,,0.3425
"MESSAGEix-GLOBIOM-GAINS 2.1-M-R12","Low-to-Negative - SSP5","India+ (R10)","Capacity|Electricity|Solar|PV","GW",1,52.87408341134991,,116.8469560853499,503.8171058849376,921.0802000402218,1685.976386451234,2921.85920573049,4980.373912446222,5887.059528258905,5982.51961535983,,6376.094506153353,,6258.156775096443,,6936.850874920958,,6261.554135497805
"MESSAGEix-GLOBIOM-GAINS 2.1-M-R12","Low-to-Negative - SSP5","India+ (R10)","Capacity|Electricity|Wind|Offshore","GW",1,0,,0.001979945485201,0.005699707009311001,0.015765204372164,0.050433481893523,0.094655657462063,0.168049864564385,0.287686392987605,0.492493468678218,,1.508805492734615,,4.182421973055337,,10.93864973560662,,29.4241603954734
"MESSAGEix-GLOBIOM-GAINS 2.1-M-R12","Low-to-Negative - SSP5","India+ (R10)","Capacity|Electricity|Wind|Onshore","GW",1,39.97896999999995,,56.05794807999995,98.61709521501905,145.3420553188373,319.0967882780582,551.6876795939062,948.3104803794706,1622.388172497421,2564.374398152918,,2984.219357440446,,2984.157827840446,,2984.280773240446,,2984.280773240446
"MESSAGEix-GLOBIOM-GAINS 2.1-M-R12","Low-to-Negative - SSP5","Latin America (R10)","Capacity|Electricity|Biomass","GW",1,10.39858823529412,,5.483026753951975,0,1.021955310922667,0,0,0,0,0,,0,,0,,0,,0
"MESSAGEix-GLOBIOM-GAINS 2.1-M-R12","Low-to-Negative - SSP5","Latin America (R10)","Capacity|Electricity|Coal","GW",1,18.69986881995844,,8.293501300423008,14.70155,15.37955,0.284,0.284,0.284,0,0,,0,,0,,0,,0
"MESSAGEix-GLOBIOM-GAINS 2.1-M-R12","Low-to-Negative - SSP5","Latin America (R10)","Capacity|Electricity|Gas","GW",1,105.8574930903673,,77.851259,97.56388922907382,132.4864323241227,131.4042323241227,125.4724893241226,85.47836532412265,43.20526532412264,29.42162462418347,,16.07319177491315,,9.623613647102989,,5.762012979479135,,3.44993001518515
"MESSAGEix-GLOBIOM-GAINS 2.1-M-R12","Low-to-Negative - SSP5","Latin America (R10)","Capacity|Electricity|Geothermal","GW",1,1.735269907727328,,1.724277830018537,1.321589754609918,1.520505943227698,2.153703297889615,3.047234410147944,4.280631130091404,5.983165544279177,8.333279975933078,,15.55540137692336,,28.9010804082724,,53.56241451203971,,99.13382368118098
"MESSAGEix-GLOBIOM-GAINS 2.1-M-R12","Low-to-Negative - SSP5","Latin America (R10)","Capacity|Electricity|Hydro","GW",1,197.5379286509483,,209.6477850184081,201.6744141373424,203.905558430028,248.7804287285784,294.1619591576559,340.3399867059095,400.0474332333166,461.0559243937138,,538.9064878629144,,580.1936759558058,,594.2686759558057,,603.3686759558057
"MESSAGEix-GLOBIOM-GAINS 2.1-M-R12","Low-to-Negative - SSP5","Latin America (R10)","Capacity|Electricity|Nuclear","GW",1,5.369489863081315,,5.369489863081315,6.369489863081315,4.400489863081314,8.184076186078421,14.99152661808413,22.98134108104669,33.05803067788806,33.05803067788806,,32.38803067788807,,28.77623751638951,,14.91084175986331,,0
"MESSAGEix-GLOBIOM-GAINS 2.1-M-R12","Low-to-Negative - SSP5","Latin America (R10)","Capacity|Electricity|Oil","GW",1,18.059195,,0,30.1505611534535,31.550970075435,38.10596125095699,26.66762314418051,26.062443,0,0,,0,,0,,0,,0
"MESSAGEix-GLOBIOM-GAINS 2.1-M-R12","Low-to-Negative - SSP5","Latin America (R10)","Capacity|Electricity|Solar|CSP","GW",1,0,,0.12527,0.12527,0.12527,0.12527,0.12527,0.12527,0.12527,0.12527,,0.12527,,0.12527,,0.12527,,0.12527
"MESSAGEix-GLOBIOM-GAINS 2.1-M-R12","Low-to-Negative - SSP5","Latin America (R10)","Capacity|Electricity|Solar|PV","GW",1,24.68465199999999,,107.5037147600006,279.75,462.3224794653133,755.2337451646788,1083.134549617655,1412.644501502026,1836.524027779224,2148.577623676313,,2779.817563391899,,3730.482566249712,,3828.776784456427,,3799.101890465641
"MESSAGEix-GLOBIOM-GAINS 2.1-M-R12","Low-to-Negative - SSP5","Latin America (R10)","Capacity|Electricity|Wind|Offshore","GW",1,0,,0,0,0,0,0,0,0,0,,0,,0,,0,,0
"MESSAGEix-GLOBIOM-GAINS 2.1-M-R12","Low-to-Negative - SSP5","Latin America (R10)","Capacity|Electricity|Wind|Onshore","GW",1,33.07356999999995,,68.72819046999994,80,80.72494701387042,208.7373189790696,313.9440375992613,478.1684921887161,715.5852648251654,1001.703157476572,,1583.256225371695,,2563.892016587913,,2563.892016587913,,2605.677841654909
"MESSAGEix-GLOBIOM-GAINS 2.1-M-R12","Low-to-Negative - SSP5","Middle East (R10)","Capacity|Electricity|Biomass","GW",1,0.00038,,0,0,0,0,0,0,0,0,,0,,0,,0,,0
"MESSAGEix-GLOBIOM-GAINS 2.1-M-R12","Low-to-Negative - SSP5","Middle East (R10)","Capacity|Electricity|Coal","GW",1,9.439,,9.439,7.489000000000001,4.266,2.552781363059764,0.35,0,0,0,,0,,0,,0,,0
"MESSAGEix-GLOBIOM-GAINS 2.1-M-R12","Low-to-Negative - SSP5","Middle East (R10)","Capacity|Electricity|Gas","GW",1,328.5380204153607,,288.5744122106479,321.5517670151406,349.1583930811777,313.2505030811777,231.4935104838927,129.8766751643988,19.00400413305491,19.00400413305491,,0,,0,,0,,0
"MESSAGEix-GLOBIOM-GAINS 2.1-M-R12","Low-to-Negative - SSP5","Middle East (R10)","Capacity|Electricity|Geothermal","GW",1,0,,0,0,0.07434343085714201,0.176964304949362,0.318618297481501,0.514152137724014,0.784059692015575,1.156629922177777,,2.293748350071835,,4.395017037860087,,8.27792843034939,,15.45311786211735
"MESSAGEix-GLOBIOM-GAINS 2.1-M-R12","Low-to-Negative - SSP5","Middle East (R10)","Capacity|Electricity|Hydro","GW",1,20.07953120323608,,23.4961538750416,19.14078763574404,17.88908153150563,63.1823948963496,64.84906156301626,66.51572822968292,66.51572822968294,66.51572822968294,,66.51572822968294,,66.51572822968294,,66.51572822968294,,66.51572822968294
"MESSAGEix-GLOBIOM-GAINS 2.1-M-R12","Low-to-Negative - SSP5","Middle East (R10)","Capacity|Electricity|Nuclear","GW",1,2.252,,6.236,6.236,11.61,18.09952579584153,26.6033526417518,37.55788470653557,50.27491116318861,65.52335571726914,,106.2685944855932,,124.9446753031711,,107.7188195269482,,57.41412346496652
"MESSAGEix-GLOBIOM-GAINS 2.1-M-R12","Low-to-Negative - SSP5","Middle East (R10)","Capacity|Electricity|Oil","GW",1,109.6202029230769,,109.6202029230769,85.60245292307694,124.0949216276187,85.60245292307694,69.33246738893229,0,0,0,,0,,0,,0,,0
"MESSAGEix-GLOBIOM-GAINS 2.1-M-R12","Low-to-Negative - SSP5","Middle East (R10)","Capacity|Electricity|Solar|CSP","GW",1,1.02711,,1.236594325946717,1.236594325946717,1.236594325946717,2.60283690814203,5.940583318946066,6.83615233187695,9.418189852565,9.418189852565,,8.709518561467345,,4.823850679046926,,1.236594325946717,,1.236594325946717
"MESSAGEix-GLOBIOM-GAINS 2.1-M-R12","Low-to-Negative - SSP5","Middle East (R10)","Capacity|Electricity|Solar|PV","GW",1,10.95094799249994,,32.1075880523999,275.3722369205631,516.6664223053651,791.1336139243372,1401.172594314787,2384.669712749244,3216.189544066407,3158.849580967807,,3798.641317310127,,5410.812442248684,,6051.543102295556,,6573.7215741175
"MESSAGEix-GLOBIOM-GAINS 2.1-M-R12","Low-to-Negative - SSP5","Middle East (R10)","Capacity|Electricity|Wind|Offshore","GW",1,0,,0,0,0,11.32591402785938,40.23602453229344,96.44671006901231,195.0432616921522,348.1206319943981,,567.8887557492737,,567.8887557492736,,417.3294359070095,,417.3294359070095
"MESSAGEix-GLOBIOM-GAINS 2.1-M-R12","Low-to-Negative - SSP5","Middle East (R10)","Capacity|Electricity|Wind|Onshore","GW",1,4.003619999999994,,7.614001049999995,11.2,11.2,61.59177626560447,151.3328872500752,317.5525971534093,601.9771074940546,1057.287234414611,,2425.34208449298,,4411.030569324765,,5487.097126511941,,6258.992248729736
"MESSAGEix-GLOBIOM-GAINS 2.1-M-R12","Low-to-Negative - SSP5","North America (R10)","Capacity|Electricity|Biomass","GW",1,11.74076446539092,,11.71843593480997,12.97735554049443,0,0,0,0,0,0,,0,,0,,0,,0
"MESSAGEix-GLOBIOM-GAINS 2.1-M-R12","Low-to-Negative - SSP5","North America (R10)","Capacity|Electricity|Coal","GW",1,249.042128,,249.042128,131.8751807977812,48.72090468886191,20.56660783296745,0,0,0,0,,0,,0,,0,,0
"MESSAGEix-GLOBIOM-GAINS 2.1-M-R12","Low-to-Negative - SSP5","North America (R10)","Capacity|Electricity|Gas","GW",1,517.7869017477935,,518.0566964567524,499.3370803067353,63.39050091671479,173.7771398492667,0,0,0,0,,0,,0,,0,,0
"MESSAGEix-GLOBIOM-GAINS 2.1-M-R12","Low-to-Negative - SSP5","North America (R10)","Capacity|Electricity|Geothermal","GW",1,3.0796,,3.241035861132952,4.548147359449161,6.352434879498596,8.843005469077022,12.28089538005034,17.02642923057763,23.57698556300092,32.61912699867584,,60.43295208183492,,111.8298148018424,,206.8055144605987,,382.3100695695404
"MESSAGEix-GLOBIOM-GAINS 2.1-M-R12","Low-to-Negative - SSP5","North America (R10)","Capacity|Electricity|Hydro","GW",1,153.0939603039292,,160.2334524641383,175.0707970067446,187.0885685306208,200.6312119168371,203.9451654052092,207.2591188935813,210.0730723819534,212.9252084634176,,217.7109227491318,,221.5946436793644,,224.7806901909923,,227.4085971677365
"MESSAGEix-GLOBIOM-GAINS 2.1-M-R12","Low-to-Negative - SSP5","North America (R10)","Capacity|Electricity|Nuclear","GW",1,112.9162438857682,,115.1502438857682,111.7512438857682,87.84224388576821,84.93498702815054,76.81030813755507,76.37760421174355,112.8822022074307,167.0637194620852,,349.2070331163289,,348.5219405852096,,345.6028480540901,,190.0299046670621
"MESSAGEix-GLOBIOM-GAINS 2.1-M-R12","Low-to-Negative - SSP5","North America (R10)","Capacity|Electricity|Oil","GW",1,61.342633,,61.342633,8.157562694668393,0,0,0,0,0,0,,0,,0,,0,,0
"MESSAGEix-GLOBIOM-GAINS 2.1-M-R12","Low-to-Negative - SSP5","North America (R10)","Capacity|Electricity|Solar|CSP","GW",1,1.7579,,1.74748,1.7579,1.747314882352941,1.747314882352941,1.747314882352941,1.747314882352941,1.747314882352941,1.747314882352941,,1.747314882352941,,1.747314882352941,,1.747314882352941,,1.747314882352941
"MESSAGEix-GLOBIOM-GAINS 2.1-M-R12","Low-to-Negative - SSP5","North America (R10)","Capacity|Electricity|Solar|PV","GW",1,98.884759,,227.8469517,561.4617068645313,1040.648558887143,1137.858870555622,1536.871707864176,1931.670076622848,2266.229142516891,2358.731965227206,,2906.19126255867,,3675.760022367562,,3871.828492173065,,4156.070332369401
"MESSAGEix-GLOBIOM-GAINS 2.1-M-R12","Low-to-Negative - SSP5","North America (R10)","Capacity|Electricity|Wind|Offshore","GW",1,0.0293,,0.0413,0.0413001,0.0413,0.0413,0.0413,0.0413,0.0413,0.0413,,0.0413,,0.0413,,0.0413,,0.0413
"MESSAGEix-GLOBIOM-GAINS 2.1-M-R12","Low-to-Negative - SSP5","North America (R10)","Capacity|Electricity|Wind|Onshore","GW",1,132.26562,,182.90245927,257.4612359321365,510.8601223288499,574.4266488729968,883.3250777417076,1220.160186786657,1411.060822137786,1419.197685262087,,1360.331051500137,,1991.966107074748,,2057.860168711744,,2333.020846446949
"MESSAGEix-GLOBIOM-GAINS 2.1-M-R12","Low-to-Negative - SSP5","Pacific OECD (R10)","Capacity|Electricity|Biomass","GW",1,3.901992352941177,,1.740401607161627,0,0,0,0,0,0,0,,0,,0,,0,,0
"MESSAGEix-GLOBIOM-GAINS 2.1-M-R12","Low-to-Negative - SSP5","Pacific OECD (R10)","Capacity|Electricity|Coal","GW",1,70.43439466062287,,70.43439466062287,45.37373,0.7867500000000001,0,0,0,0,0,,0,,0,,0,,0
"MESSAGEix-GLOBIOM-GAINS 2.1-M-R12","Low-to-Negative - SSP5","Pacific OECD (R10)","Capacity|Electricity|Gas","GW",1,113.0568573076945,,76.67664656490285,75.981863,74.95790510880639,28.69099712780232,3.977510647593784,0.470539646057992,0,0,,0,,0,,0,,0
"MESSAGEix-GLOBIOM-GAINS 2.1-M-R12","Low-to-Negative - SSP5","Pacific OECD (R10)","Capacity|Electricity|Geothermal","GW",1,1.5301,,1.828163479082504,1.828163479082504,2.716877069180107,4.016150183947293,5.618085999777119,7.829337912215538,10.88166683322768,15.09498680353054,,28.0502853611255,,51.9902396633689,,96.22861899871147,,177.9762356194445
"MESSAGEix-GLOBIOM-GAINS 2.1-M-R12","Low-to-Negative - SSP5","Pacific OECD (R10)","Capacity|Electricity|Hydro","GW",1,39.49249770017558,,41.42462981460719,42.03656250000001,59.36995153473343,62.37458193979933,63.04347826086956,63.7123745819398,64.18060200668896,64.64882943143812,,65.31772575250838,,65.78595317725753,,66.12040133779266,,66.35451505016724
"MESSAGEix-GLOBIOM-GAINS 2.1-M-R12","Low-to-Negative - SSP5","Pacific OECD (R10)","Capacity|Electricity|Nuclear","GW",1,31.679,,31.679,34.332,32.772,35.04059724077425,35.63718869826026,35.85149560048215,35.26736557569195,41.93741999307455,,67.93385021075463,,67.50085021075463,,66.17435021075462,,35.39720620904821
"MESSAGEix-GLOBIOM-GAINS 2.1-M-R12","Low-to-Negative - SSP5","Pacific OECD (R10)","Capacity|Electricity|Oil","GW",1,14.1232724423008,,14.1232724423008,19.75178887052443,16.47396288858211,0,0,0,0,0,,0,,0,,0,,0
"MESSAGEix-GLOBIOM-GAINS 2.1-M-R12","Low-to-Negative - SSP5","Pacific OECD (R10)","Capacity|Electricity|Solar|CSP","GW",1,0.003,,0.003,0.003,0.003,0.323665742578125,0.4028675919999991,0.4028675919999991,0.4028675919999991,0.4028675919999991,,0.242534720710937,,0.003,,0.003,,0.003
"MESSAGEix-GLOBIOM-GAINS 2.1-M-R12","Low-to-Negative - SSP5","Pacific OECD (R10)","Capacity|Electricity|Solar|PV","GW",1,93.92997400000024,,147.2843810500001,165.2483118499999,224.4269283633702,291.8184866542088,342.5495641831623,348.8347557603593,361.5413230200501,364.8135564868753,,406.2131455126876,,461.4557649687257,,526.504993085189,,816.2671182206852
"MESSAGEix-GLOBIOM-GAINS 2.1-M-R12","Low-to-Negative - SSP5","Pacific OECD (R10)","Capacity|Electricity|Wind|Offshore","GW",1,0.066,,0.19,0.19,0.19,0.19,0.19,0.19,0.19,0.19,,0.19,,0.19,,0.19,,0.19
"MESSAGEix-GLOBIOM-GAINS 2.1-M-R12","Low-to-Negative - SSP5","Pacific OECD (R10)","Capacity|Electricity|Wind|Onshore","GW",1,14.95799999999999,,24.86854156,44.99999999999999,45,48.78214259458902,85.26928075229743,95.84655569617549,103.9542947320349,114.0979030389485,,144.8228628078088,,349.8218387207492,,389.4184498961401,,983.8104711976836
"MESSAGEix-GLOBIOM-GAINS 2.1-M-R12","Low-to-Negative - SSP5","Reforming Economies (R10)","Capacity|Electricity|Biomass","GW",1,0.1448875,,0.1448875,0,0,0,0,0,0,0,,0,,0,,0,,0
"MESSAGEix-GLOBIOM-GAINS 2.1-M-R12","Low-to-Negative - SSP5","Reforming Economies (R10)","Capacity|Electricity|Coal","GW",1,72.24775100842987,,72.24775100842987,56.30668977751334,45.43551582530989,23.7450034069212,15.85906453152814,7.958182244933434,0.158588438176698,0,,0,,0,,0,,0
"MESSAGEix-GLOBIOM-GAINS 2.1-M-R12","Low-to-Negative - SSP5","Reforming Economies (R10)","Capacity|Electricity|Gas","GW",1,163.3197653289362,,58.85962561836754,69.65404761977385,71.59959824556827,65.55746261977384,36.17230761977385,0,0,0,,0,,0,,0,,0
"MESSAGEix-GLOBIOM-GAINS 2.1-M-R12","Low-to-Negative - SSP5","Reforming Economies (R10)","Capacity|Electricity|Geothermal","GW",1,1.704028049575995,,4.057033224398767,4.057033224398767,5.674519410211722,7.907236468147567,10.98919506817863,15.24341473230698,21.11577945209064,29.22177070894443,,54.15501460605761,,100.2288829040328,,185.3682794742861,,342.6964378452517
"MESSAGEix-GLOBIOM-GAINS 2.1-M-R12","Low-to-Negative - SSP5","Reforming Economies (R10)","Capacity|Electricity|Hydro","GW",1,71.62413617170489,,72.16587777771305,70.42018651816433,73.59848293226094,89.8379161772372,120.588927666033,169.9648826461899,234.6294035098375,310.4208551358752,,489.8222222222221,,522.6888888888888,,545.622222222222,,561.0444444444444
"MESSAGEix-GLOBIOM-GAINS 2.1-M-R12","Low-to-Negative - SSP5","Reforming Economies (R10)","Capacity|Electricity|Nuclear","GW",1,41.435,,43.745,44.945,45.17325,55.06760952917617,63.83052724748853,84.09943116454426,112.7187184743571,152.6062064123996,,272.8711493825707,,444.5639466740131,,438.3759466740131,,254.8689935013157
"MESSAGEix-GLOBIOM-GAINS 2.1-M-R12","Low-to-Negative - SSP5","Reforming Economies (R10)","Capacity|Electricity|Oil","GW",1,8.733413846153846,,8.733413846153846,12.09041384615385,8.733413846153846,3.683613846153846,1.258767692307692,0,0,0,,0,,0,,0,,0
"MESSAGEix-GLOBIOM-GAINS 2.1-M-R12","Low-to-Negative - SSP5","Reforming Economies (R10)","Capacity|Electricity|Solar|CSP","GW",1,0,,0,0,0,0,0,0,0,0,,0,,0,,0,,0
"MESSAGEix-GLOBIOM-GAINS 2.1-M-R12","Low-to-Negative - SSP5","Reforming Economies (R10)","Capacity|Electricity|Solar|PV","GW",1,11.551139,,14.69517620999999,45.9343848810171,173.0954006603393,250.3029158340545,407.4890579703602,514.6482131176001,591.9480267809836,613.2375714386437,,1021.8836878491,,1627.234939102886,,1758.40483462847,,1985.623366985207
"MESSAGEix-GLOBIOM-GAINS 2.1-M-R12","Low-to-Negative - SSP5","Reforming Economies (R10)","Capacity|Electricity|Wind|Offshore","GW",1,0,,0,0,0,0,0,0,0,0,,0,,0,,0,,0
"MESSAGEix-GLOBIOM-GAINS 2.1-M-R12","Low-to-Negative - SSP5","Reforming Economies (R10)","Capacity|Electricity|Wind|Onshore","GW",1,3.077279999999995,,7.65204334999999,10.8,55.69494176806528,114.7306776520867,145.1978581115232,159.5359961519322,210.1659738676873,223.7705048931408,,401.3397180637157,,816.1627354488304,,755.296433119475,,999.0379043678232
"MESSAGEix-GLOBIOM-GAINS 2.1-M-R12","Low-to-Negative - SSP5","Rest of Asia (R10)","Capacity|Electricity|Biomass","GW",1,6.274187823529411,,4.996501372415464,1.157053114072077,0,0,0,0,0,0,,0,,0,,0,,0
"MESSAGEix-GLOBIOM-GAINS 2.1-M-R12","Low-to-Negative - SSP5","Rest of Asia (R10)","Capacity|Electricity|Coal","GW",1,122.15754335,,122.15754335,101.552565106257,99.52129335000001,24.27658926326767,0,0,0,0,,0,,0,,0,,0
"MESSAGEix-GLOBIOM-GAINS 2.1-M-R12","Low-to-Negative - SSP5","Rest of Asia (R10)","Capacity|Electricity|Gas","GW",1,152.54893051,,188.9600690792719,162.6615388813807,238.0184987021174,191.0052478294063,68.65965477501223,38.04985013060734,26.30104039369776,2.88756005526926,,0,,0,,0,,0
"MESSAGEix-GLOBIOM-GAINS 2.1-M-R12","Low-to-Negative - SSP5","Rest of Asia (R10)","Capacity|Electricity|Geothermal","GW",1,4.1091,,4.763584209632405,5.01965434376382,3.930711233845026,5.566034073905156,7.757487392679673,10.78248708010438,14.95808280487971,20.7219179977374,,38.44822988184117,,71.2044874521444,,131.7344170295566,,243.5870108975493
"MESSAGEix-GLOBIOM-GAINS 2.1-M-R12","Low-to-Negative - SSP5","Rest of Asia (R10)","Capacity|Electricity|Hydro","GW",1,24.0257385582046,,26.96809481993593,129.3745571095662,146.0487871034727,165.4888888888889,171.6333333333333,177.7777777777778,180.7888888888889,183.8,,186.6,,187.8666666666667,,188.4222222222222,,188.6666666666667
"MESSAGEix-GLOBIOM-GAINS 2.1-M-R12","Low-to-Negative - SSP5","Rest of Asia (R10)","Capacity|Electricity|Nuclear","GW",1,24.945,,27.699,25.842,19.97,38.39715175033702,71.59245378008117,109.8995852116505,161.1631682978614,229.7654063832517,,444.4268361226315,,432.0032602474629,,364.0928166267656,,110.6682763555361
"MESSAGEix-GLOBIOM-GAINS 2.1-M-R12","Low-to-Negative - SSP5","Rest of Asia (R10)","Capacity|Electricity|Oil","GW",1,47.52051800506459,,47.52051800506459,41.33557052307692,33.11849360000001,0,0,0,0,0,,0,,0,,0,,0
"MESSAGEix-GLOBIOM-GAINS 2.1-M-R12","Low-to-Negative - SSP5","Rest of Asia (R10)","Capacity|Electricity|Solar|CSP","GW",1,0,,0.005,0.005,0.005,0.005,0.005,0.005,0.005,0.005,,0.005,,0.005,,0.005,,0.005
"MESSAGEix-GLOBIOM-GAINS 2.1-M-R12","Low-to-Negative - SSP5","Rest of Asia (R10)","Capacity|Electricity|Solar|PV","GW",1,24.12426881324997,,45.83074939289996,224.0654699255651,352.7151994757813,920.755710904747,1470.782182551492,1951.149870226736,2197.403083964614,2333.531946763014,,2567.259524006277,,3195.63081330605,,3159.72604680514,,3242.659013897937
"MESSAGEix-GLOBIOM-GAINS 2.1-M-R12","Low-to-Negative - SSP5","Rest of Asia (R10)","Capacity|Electricity|Wind|Offshore","GW",1,0.264,,6.192845349999951,6.192845349999951,6.192845349999951,38.77297969824617,76.90577482512792,76.90577482512792,76.90577482512792,76.90577482512792,,38.77297969824617,,60.35738955818499,,60.357389558185,,188.4018471502151
"MESSAGEix-GLOBIOM-GAINS 2.1-M-R12","Low-to-Negative - SSP5","Rest of Asia (R10)","Capacity|Electricity|Wind|Onshore","GW",1,4.510149999999999,,7.357738429999999,28.49052573839958,77.09016828905052,235.6609228812388,475.5486704729027,725.425311013715,808.224415821629,808.224415821629,,750.899999138858,,1189.847680147766,,1126.437312271563,,1189.847680147766
"MESSAGEix-GLOBIOM-GAINS 2.1-M-R12","Low-to-Negative - SSP5","World","Capacity|Electricity|Biomass","GW",1,75.67363276998884,,44.49517906405343,19.71259723970005,2.039726310922667,0,0,0,0,0,,0,,0,,0,,0
"MESSAGEix-GLOBIOM-GAINS 2.1-M-R12","Low-to-Negative - SSP5","World","Capacity|Electricity|Coal","GW",1,1970.087202623319,,2218.197239048668,2053.21086290925,2177.616286201908,1338.435842134022,748.3720004717609,194.2868440733882,9.159349767495959,0,,0,,0,,0,,0
"MESSAGEix-GLOBIOM-GAINS 2.1-M-R12","Low-to-Negative - SSP5","World","Capacity|Electricity|Gas","GW",1,1730.525921941192,,1685.270547197876,1774.128740752788,1649.632230752432,1489.016940945407,1088.165838623993,688.0223617550419,455.0969344373599,586.5039743740306,,717.9158688888916,,1128.08962495398,,991.0033735238685,,885.0712401185659
"MESSAGEix-GLOBIOM-GAINS 2.1-M-R12","Low-to-Negative - SSP5","World","Capacity|Electricity|Geothermal","GW",1,14.69475892273059,,18.84398652225899,20.14607524244725,24.71595632617835,35.50014988469309,49.89512302970697,69.76547123246458,97.19375208490582,135.0547187294656,,251.4432304836061,,466.5162865241997,,863.9474310374358,,1598.356089829584
"MESSAGEix-GLOBIOM-GAINS 2.1-M-R12","Low-to-Negative - SSP5","World","Capacity|Electricity|Hydro","GW",1,1177.648996959016,,1334.637438113912,1424.645651102294,1640.562387275112,1876.299683934482,1981.780473359287,2106.68270339463,2250.477021141267,2406.737496876377,,2688.351264016606,,2778.139406362834,,2825.157043535169,,2856.252242063712
"MESSAGEix-GLOBIOM-GAINS 2.1-M-R12","Low-to-Negative - SSP5","World","Capacity|Electricity|Nuclear","GW",1,379.7261021699021,,406.1101021699021,435.0001021699021,410.7363521699021,517.2466561447627,648.1577311463329,853.432868486259,1193.413872479367,1660.854204677375,,3194.764071873681,,3889.533932649917,,3662.555437024468,,2275.12550028084
"MESSAGEix-GLOBIOM-GAINS 2.1-M-R12","Low-to-Negative - SSP5","World","Capacity|Electricity|Oil","GW",1,333.3000834631393,,302.7712618704919,240.9668695955694,261.5626624202931,148.7030483798848,118.5698785851176,33.34328915969706,0,0,,0,,0,,0,,0
"MESSAGEix-GLOBIOM-GAINS 2.1-M-R12","Low-to-Negative - SSP5","World","Capacity|Electricity|Solar|CSP","GW",1,6.474639999999999,,6.852018325946716,6.862438325946716,6.851853208299658,9.180093018229346,14.4366795466869,17.26038516750877,22.61994453483158,22.61994453483158,,21.43027462986674,,14.02636591450008,,6.851853208299658,,6.851853208299658
"MESSAGEix-GLOBIOM-GAINS 2.1-M-R12","Low-to-Negative - SSP5","World","Capacity|Electricity|Solar|PV","GW",1,780.8728182071007,,2040.155287069203,5139.035220991022,7116.980607947349,11180.10280537853,16804.81534988452,22282.4102434793,25947.49225258891,26915.34825516671,,31808.84149456721,,38949.36954444585,,42016.05854887019,,44097.13416292146
"MESSAGEix-GLOBIOM-GAINS 2.1-M-R12","Low-to-Negative - SSP5","World","Capacity|Electricity|Wind|Offshore","GW",1,34.3884,,102.7260629954851,109.7784200361592,109.788485433522,280.0406959650065,676.6759140415633,782.1948043889448,949.0466338825729,1100.255306616848,,1220.029165628179,,1744.77238060617,,1674.915700718642,,1821.291867797466
"MESSAGEix-GLOBIOM-GAINS 2.1-M-R12","Low-to-Negative - SSP5","World","Capacity|Electricity|Wind|Onshore","GW",1,699.0911899999993,,1176.645762239998,1710.826683374289,2106.504574851632,3673.774829542327,5129.373780148368,7659.123933364882,9607.92270272148,11534.47820032563,,14713.88641413393,,21058.7869153979,,23654.97578171568,,28279.89406921967
"MESSAGEix-GLOBIOM-GAINS 2.1-M-R12","High-to-Low - SSP5","Africa (R10)","Capacity|Electricity|Biomass","GW",1,1.017771,,1.017771,1.113321,1.017771,0.8761869999999999,0,0,0,0,,0,,0,,0,,0
"MESSAGEix-GLOBIOM-GAINS 2.1-M-R12","High-to-Low - SSP5","Africa (R10)","Capacity|Electricity|Coal","GW",1,41.51253000000001,,35.6687673553014,33.90512822286167,33.90512822286167,27.9447,12.7457,2.5197,0,0,,0,,0,,0,,0
"MESSAGEix-GLOBIOM-GAINS 2.1-M-R12","High-to-Low - SSP5","Africa (R10)","Capacity|Electricity|Gas","GW",1,18.69870472046891,,21.61594058648382,31.51872631952437,82.76893797618129,136.3813504362035,264.4482486897703,409.0965548726031,635.731912047312,897.1549827989646,,1354.71175020797,,1822.354869035403,,1370.679463878821,,687.6872434307595
"MESSAGEix-GLOBIOM-GAINS 2.1-M-R12","High-to-Low - SSP5","Africa (R10)","Capacity|Electricity|Geothermal","GW",1,0.893440965427266,,1.300346850553046,1.357074767302201,1.220694297285061,0.9445499777541381,0.730874767302201,0.5655369626381911,0.437601721141082,0.437601721141082,,0.965064013055808,,1.939755804870392,,3.740878090943327,,7.069152235274808
"MESSAGEix-GLOBIOM-GAINS 2.1-M-R12","High-to-Low - SSP5","Africa (R10)","Capacity|Electricity|Hydro","GW",1,27.66276923678868,,35.32506947625536,30.15151771095597,31.05010062523302,32.36000671317475,32.36000671317475,32.36000671317475,32.36000671317475,32.36000671317475,,157.5693136510748,,165.1293136510748,,169.4893136510748,,171.9293136510749
"MESSAGEix-GLOBIOM-GAINS 2.1-M-R12","High-to-Low - SSP5","Africa (R10)","Capacity|Electricity|Nuclear","GW",1,1.854,,1.854,0,0,0,0,0,0,0,,14.14708749552949,,48.17009644624849,,113.4271766237658,,247.9240785243421
"MESSAGEix-GLOBIOM-GAINS 2.1-M-R12","High-to-Low - SSP5","Africa (R10)","Capacity|Electricity|Oil","GW",1,5.165108923076923,,3.785137,14.150436,14.150436,14.150436,14.150436,11.738397,0,0,,0,,0,,0,,0
"MESSAGEix-GLOBIOM-GAINS 2.1-M-R12","High-to-Low - SSP5","Africa (R10)","Capacity|Electricity|Solar|CSP","GW",1,0.5,,0.5,0.5,0.5,0.5,0.5,0.5,0.5,0.5,,0.5,,0.5,,0.5,,0.5
"MESSAGEix-GLOBIOM-GAINS 2.1-M-R12","High-to-Low - SSP5","Africa (R10)","Capacity|Electricity|Solar|PV","GW",1,5.142512990000028,,16.99393156999998,71.33,90.98141544300798,148.0443028824,230.8389053036369,300.0557302174792,448.799905554913,609.6094421866205,,1736.666781997769,,2839.760992903734,,4847.182242726543,,7245.577522642199
"MESSAGEix-GLOBIOM-GAINS 2.1-M-R12","High-to-Low - SSP5","Africa (R10)","Capacity|Electricity|Wind|Offshore","GW",1,0,,0,0,0,0,0,0,0,0,,7.416043258368523,,25.06002140019214,,89.95642703895089,,219.7349715118363
"MESSAGEix-GLOBIOM-GAINS 2.1-M-R12","High-to-Low - SSP5","Africa (R10)","Capacity|Electricity|Wind|Onshore","GW",1,3.443759999999995,,5.46705159999999,13,13,13,13.00000000000001,22.18724683493336,50.4046466915124,53.80488467726192,,368.7905348355865,,807.0596999268931,,2103.439136781896,,4547.924713047448
"MESSAGEix-GLOBIOM-GAINS 2.1-M-R12","High-to-Low - SSP5","China+ (R10)","Capacity|Electricity|Biomass","GW",1,17.59559803921568,,10.98807053407318,4.079463416723696,0,0,0,0,0,0,,0,,0,,0,,0
"MESSAGEix-GLOBIOM-GAINS 2.1-M-R12","High-to-Low - SSP5","China+ (R10)","Capacity|Electricity|Coal","GW",1,1016.06974186106,,1290.215560331997,1322.663833175572,1559.676670058204,1886.232761192357,1759.54415064228,1665.740869358392,1359.664035311541,1244.330808589994,,700.995246629649,,231.3845057124902,,19.53642884424149,,0
"MESSAGEix-GLOBIOM-GAINS 2.1-M-R12","High-to-Low - SSP5","China+ (R10)","Capacity|Electricity|Gas","GW",1,58.68107585257242,,94.20978719461823,209.1029263637094,327.4580107637472,398.7062779670107,744.8140346584516,1071.393993185278,1456.855840305994,1657.276451333926,,1421.774308946971,,1069.998480126764,,189.8769167089504,,0
"MESSAGEix-GLOBIOM-GAINS 2.1-M-R12","High-to-Low - SSP5","China+ (R10)","Capacity|Electricity|Geothermal","GW",1,0.02605,,0.027305635065168,0.03434598567173301,0.03434598567173301,0.025902370742984,0.102941741151841,0.187999431110874,0.356253424616322,0.542019428907426,,1.314440937236836,,2.741790181970013,,5.379373217231023,,10.25333401804201
"MESSAGEix-GLOBIOM-GAINS 2.1-M-R12","High-to-Low - SSP5","China+ (R10)","Capacity|Electricity|Hydro","GW",1,375.4594046215433,,478.7472251327483,471.4224543349978,477.4516415387498,486.0714285714287,486.2924107142858,486.5625,486.5848214285714,486.607142857143,,486.6071428571429,,486.6071428571429,,486.6071428571429,,486.6071428571429
"MESSAGEix-GLOBIOM-GAINS 2.1-M-R12","High-to-Low - SSP5","China+ (R10)","Capacity|Electricity|Nuclear","GW",1,47.74499999999999,,54.794,77.1,78.23899999999999,78.23899999999999,78.23899999999999,78.23899999999999,73.73899999999999,70.109,,180.6798097549033,,410.5711616384244,,766.2840542456396,,1403.311668601867
"MESSAGEix-GLOBIOM-GAINS 2.1-M-R12","High-to-Low - SSP5","China+ (R10)","Capacity|Electricity|Oil","GW",1,5.210067065186037,,0.2741975,12.65169058941538,11.97468135864615,9.1198602048,6.4713172048,2.7673022048,1.6561212048,0,,0,,0,,0,,0
"MESSAGEix-GLOBIOM-GAINS 2.1-M-R12","High-to-Low - SSP5","China+ (R10)","Capacity|Electricity|Solar|CSP","GW",1,0.546,,0.5700000000000001,0.5700000000000001,0.5700000000000001,0.5700000000000001,0.5700000000000001,0.5700000000000001,0.5700000000000001,0.5700000000000001,,0.5700000000000001,,0.5700000000000001,,0.5700000000000001,,0.5700000000000001
"MESSAGEix-GLOBIOM-GAINS 2.1-M-R12","High-to-Low - SSP5","China+ (R10)","Capacity|Electricity|Solar|PV","GW",1,284.2940310000004,,982.849084338551,2031.479506884451,2216.95614593999,2514.241859601623,3175.063390257265,3461.695804295388,3688.085194730123,3840.679867587674,,4430.073126951467,,5402.782274157267,,6570.245204923497,,5727.678779288368
"MESSAGEix-GLOBIOM-GAINS 2.1-M-R12","High-to-Low - SSP5","China+ (R10)","Capacity|Electricity|Wind|Offshore","GW",1,9.089200000000002,,56.99273507000004,56.99273507000007,56.99273507000007,56.99273507000007,56.99273507000004,56.99273507000004,56.99273507000004,56.99273507000004,,95.27184315259811,,167.8893660175634,,186.1888671744102,,136.7939484555204
"MESSAGEix-GLOBIOM-GAINS 2.1-M-R12","High-to-Low - SSP5","China+ (R10)","Capacity|Electricity|Wind|Onshore","GW",1,273.5801199999995,,550.3370808399991,830.7,835.578949720987,844.1853710861126,847.9457269275248,859.8499803407658,993.1264706814842,1043.963761058935,,1480.78687628437,,1520.712695785221,,2317.556196433336,,1882.796179935338
"MESSAGEix-GLOBIOM-GAINS 2.1-M-R12","High-to-Low - SSP5","Europe (R10)","Capacity|Electricity|Biomass","GW",1,19.66899035361752,,3.47561136164122,0,0,0,0,0,0,0,,0,,0,,0,,0
"MESSAGEix-GLOBIOM-GAINS 2.1-M-R12","High-to-Low - SSP5","Europe (R10)","Capacity|Electricity|Coal","GW",1,131.3925264232475,,120.4482322043079,65.6968441943571,54.81733866424374,34.71739639713715,24.59664662820802,22.18439161751584,16.78906703837443,17.81572406290443,,10.449646375415,,1.107984524135469,,0,,0
"MESSAGEix-GLOBIOM-GAINS 2.1-M-R12","High-to-Low - SSP5","Europe (R10)","Capacity|Electricity|Gas","GW",1,214.9082847179982,,179.7944474952034,185.9974812512023,235.9415144651679,363.9304437149132,520.8085783993563,665.1688586411385,786.3921435685401,845.0643871406921,,808.6223706675148,,457.9990888274303,,143.1603867304651,,106.390017120913
"MESSAGEix-GLOBIOM-GAINS 2.1-M-R12","High-to-Low - SSP5","Europe (R10)","Capacity|Electricity|Geothermal","GW",1,1.61717,,1.902239432375606,1.868784333494496,1.538005565364352,1.270940412944692,0.9840694323756061,0.761454167948689,0.589723851933404,0.589723851933404,,1.402593418029128,,2.904686185671888,,5.68038695823468,,10.80957401297059
"MESSAGEix-GLOBIOM-GAINS 2.1-M-R12","High-to-Low - SSP5","Europe (R10)","Capacity|Electricity|Hydro","GW",1,207.1625370759525,,216.457285529931,216.4585902533723,222.184987942496,228.5218930395826,228.5218930395826,228.5218930395826,228.5218930395826,228.5218930395826,,237.1270571132893,,305.9099356298312,,307.4831892411144,,308.5097004138723
"MESSAGEix-GLOBIOM-GAINS 2.1-M-R12","High-to-Low - SSP5","Europe (R10)","Capacity|Electricity|Nuclear","GW",1,104.0473684210526,,108.8063684210526,112.2233684210526,112.7843684210526,73.7555063555734,21.31736842105263,17.94636842105263,16.94336842105263,14.33036842105263,,37.64185570324399,,72.14855152565441,,123.2268908081932,,198.8353106142913
"MESSAGEix-GLOBIOM-GAINS 2.1-M-R12","High-to-Low - SSP5","Europe (R10)","Capacity|Electricity|Oil","GW",1,38.74314895389575,,38.74314895389575,24.18492732853908,21.61818932853908,17.531689,11.883898,5.817017,0,0,,0,,0,,0,,0
"MESSAGEix-GLOBIOM-GAINS 2.1-M-R12","High-to-Low - SSP5","Europe (R10)","Capacity|Electricity|Solar|CSP","GW",1,2.31213,,2.322174,2.322174,2.322174,2.322174,2.322174,2.322174,2.322174,2.322174,,2.322174,,2.322174,,2.322174,,2.322174
"MESSAGEix-GLOBIOM-GAINS 2.1-M-R12","High-to-Low - SSP5","Europe (R10)","Capacity|Electricity|Solar|PV","GW",1,174.4364500000004,,348.1967539100012,931.0200000000001,931.0200000000001,931.0200000000001,931.0200000000001,931.0200000000001,943.142317918018,931.0199999999999,,1272.098973948731,,1478.606970373436,,2285.792325691379,,2727.720855146209
"MESSAGEix-GLOBIOM-GAINS 2.1-M-R12","High-to-Low - SSP5","Europe (R10)","Capacity|Electricity|Wind|Offshore","GW",1,24.93989999999999,,39.30720262999994,39.30720262999997,39.30720262999997,39.30720262999997,39.30720262999998,39.30720262999998,39.30720262999998,39.30720262999998,,47.17579970925319,,73.76507438386653,,84.5131767041321,,93.71018308382543
"MESSAGEix-GLOBIOM-GAINS 2.1-M-R12","High-to-Low - SSP5","Europe (R10)","Capacity|Electricity|Wind|Onshore","GW",1,190.2000999999999,,265.6607075899993,325,325,325,325.0000000000001,325.0000000000001,325.0000000000001,325.2363980055969,,342.3129339350498,,446.765295438095,,615.8989628840797,,807.7069892844017
"MESSAGEix-GLOBIOM-GAINS 2.1-M-R12","High-to-Low - SSP5","India+ (R10)","Capacity|Electricity|Biomass","GW",1,4.930473,,4.930473,4.928472999999999,0.421942170698807,0,0,0,0,0,,0,,0,,0,,0
"MESSAGEix-GLOBIOM-GAINS 2.1-M-R12","High-to-Low - SSP5","India+ (R10)","Capacity|Electricity|Coal","GW",1,239.0917185,,240.2503608375864,265.3428843133405,294.0474992102636,327.9396744722741,344.4125359785887,305.1020174430668,280.9231751540493,262.8071291495016,,65.43088000646449,,0,,0,,0
"MESSAGEix-GLOBIOM-GAINS 2.1-M-R12","High-to-Low - SSP5","India+ (R10)","Capacity|Electricity|Gas","GW",1,57.12988824999999,,180.6716629916283,237.2617242655034,448.0296255382673,687.8587634991088,1072.506283582185,1587.809913258364,2023.937800396377,2423.08060751395,,2714.689458402391,,2211.770165100048,,1126.570335858615,,276.6724990399398
"MESSAGEix-GLOBIOM-GAINS 2.1-M-R12","High-to-Low - SSP5","India+ (R10)","Capacity|Electricity|Geothermal","GW",1,0,,0,0,0,0,0,0,0,0,,0.15642458571054,,0.445479864290927,,0.979621947491311,,1.966657252457385
"MESSAGEix-GLOBIOM-GAINS 2.1-M-R12","High-to-Low - SSP5","India+ (R10)","Capacity|Electricity|Hydro","GW",1,61.5104934365328,,70.17186420513329,62.61564035136649,60.38931611789457,120.9949059536393,172.6694915254237,173.728813559322,174.7881355932203,175.8474576271186,,175.8474576271187,,175.8474576271187,,175.8474576271187,,175.8474576271187
"MESSAGEix-GLOBIOM-GAINS 2.1-M-R12","High-to-Low - SSP5","India+ (R10)","Capacity|Electricity|Nuclear","GW",1,7.483,,10.777,16.201,17.945,16.852,15.952,21.76669765429941,34.98897549013066,54.18185050137624,,138.1708465685399,,332.2751056116156,,780.8631962292553,,1549.029016283548
"MESSAGEix-GLOBIOM-GAINS 2.1-M-R12","High-to-Low - SSP5","India+ (R10)","Capacity|Electricity|Oil","GW",1,24.78252330438446,,18.6287382,18.7325142,18.0582782,16.9998452,14.0301742,8.956825199999999,0,0,,0,,0,,0,,0
"MESSAGEix-GLOBIOM-GAINS 2.1-M-R12","High-to-Low - SSP5","India+ (R10)","Capacity|Electricity|Solar|CSP","GW",1,0.3285,,0.3425,0.3425,0.3425,0.3425,0.3425,0.3425,0.3425,0.3425,,0.3425,,0.3425,,0.3425,,0.3425
"MESSAGEix-GLOBIOM-GAINS 2.1-M-R12","High-to-Low - SSP5","India+ (R10)","Capacity|Electricity|Solar|PV","GW",1,52.87408341134991,,116.8469560853499,503.8171058849377,922.8277688963574,1239.985498609826,1733.689621413497,2252.208905506135,2763.574699486977,3621.213242486678,,4260.208039529607,,6086.646375004148,,7105.460905259836,,7815.048838572864
"MESSAGEix-GLOBIOM-GAINS 2.1-M-R12","High-to-Low - SSP5","India+ (R10)","Capacity|Electricity|Wind|Offshore","GW",1,0,,0.001979945485201,0.005699707009311001,0.015765204372164,0.026988625026846,0.04620212105374,0.07909391411163401,0.135401732795384,0.231795700717458,,1.102061102165954,,2.964463020530654,,10.93864973560662,,29.4241603954734
"MESSAGEix-GLOBIOM-GAINS 2.1-M-R12","High-to-Low - SSP5","India+ (R10)","Capacity|Electricity|Wind|Onshore","GW",1,39.97896999999995,,56.05794807999995,86,102.8491598186952,130.1757316918873,259.8654542037173,430.7480018264969,515.9649754848847,515.9649754848847,,1797.611484799664,,2205.880113980519,,2984.280773240446,,2984.214637440446
"MESSAGEix-GLOBIOM-GAINS 2.1-M-R12","High-to-Low - SSP5","Latin America (R10)","Capacity|Electricity|Biomass","GW",1,10.39858823529412,,5.483026753951975,0,0,0,0,0,0,0,,0,,0,,0,,0
"MESSAGEix-GLOBIOM-GAINS 2.1-M-R12","High-to-Low - SSP5","Latin America (R10)","Capacity|Electricity|Coal","GW",1,18.69986881995844,,8.293501300423008,11.79984129654531,11.79984129654531,11.79984129654531,10.0687,4.133,0,0,,0,,0,,0,,0
"MESSAGEix-GLOBIOM-GAINS 2.1-M-R12","High-to-Low - SSP5","Latin America (R10)","Capacity|Electricity|Gas","GW",1,105.8574930903673,,77.851259,97.18411614538209,131.9436060103889,272.5702002704365,440.2812540209758,629.2649771495664,812.5590422328229,1006.066652517351,,1029.458709013465,,668.3615459896373,,345.338828513074,,114.4461189258187
"MESSAGEix-GLOBIOM-GAINS 2.1-M-R12","High-to-Low - SSP5","Latin America (R10)","Capacity|Electricity|Geothermal","GW",1,1.735269907727328,,1.724277830018537,1.321589754609918,1.013036191849543,0.7765893190898691,0.624789319089868,0.483450065065345,0.374084444580698,0.374084444580698,,0.8476911334190751,,1.722863746201561,,3.340085631397322,,6.328532239250855
"MESSAGEix-GLOBIOM-GAINS 2.1-M-R12","High-to-Low - SSP5","Latin America (R10)","Capacity|Electricity|Hydro","GW",1,197.5379286509483,,209.6477850184081,201.6744141373424,203.905558430028,206.1896923996649,206.1896923996649,206.1896923996649,214.4921306401837,218.1222197490518,,228.5107660497441,,309.7119448897301,,409.0622462436154,,529.5786475820564
"MESSAGEix-GLOBIOM-GAINS 2.1-M-R12","High-to-Low - SSP5","Latin America (R10)","Capacity|Electricity|Nuclear","GW",1,5.369489863081315,,5.369489863081315,6.369489863081315,4.400489863081314,2.350489863081314,2.350489863081314,2.058,1.365,1.365,,0.6950000000000001,,0,,0,,0
"MESSAGEix-GLOBIOM-GAINS 2.1-M-R12","High-to-Low - SSP5","Latin America (R10)","Capacity|Electricity|Oil","GW",1,18.059195,,0,29.06031906431184,29.06031906431184,29.06031906431184,29.06031906431184,26.062443,0,0,,0,,0,,0,,0
"MESSAGEix-GLOBIOM-GAINS 2.1-M-R12","High-to-Low - SSP5","Latin America (R10)","Capacity|Electricity|Solar|CSP","GW",1,0,,0.12527,0.12527,0.12527,0.12527,0.12527,0.12527,0.12527,0.12527,,0.12527,,0.12527,,0.12527,,0.12527
"MESSAGEix-GLOBIOM-GAINS 2.1-M-R12","High-to-Low - SSP5","Latin America (R10)","Capacity|Electricity|Solar|PV","GW",1,24.68465199999999,,107.5037147600006,279.75,457.3698216313172,602.8755922627915,775.2986733874508,952.5557710837581,1090.110671020391,1261.853102481637,,1754.193864527744,,2648.143993762643,,3278.664257448878,,3883.047469583388
"MESSAGEix-GLOBIOM-GAINS 2.1-M-R12","High-to-Low - SSP5","Latin America (R10)","Capacity|Electricity|Wind|Offshore","GW",1,0,,0,0,0,0,0,0,0,0,,0,,0,,0,,0
"MESSAGEix-GLOBIOM-GAINS 2.1-M-R12","High-to-Low - SSP5","Latin America (R10)","Capacity|Electricity|Wind|Onshore","GW",1,33.07356999999995,,68.72819046999994,80,80,110.8205432951359,142.1767732685711,176.6334618294424,209.8547198044629,250.8859424439298,,490.1033129353787,,810.334216666739,,1385.477871490466,,2021.134373330677
"MESSAGEix-GLOBIOM-GAINS 2.1-M-R12","High-to-Low - SSP5","Middle East (R10)","Capacity|Electricity|Biomass","GW",1,0.00038,,0,0,0,0,0,0,0,0,,0,,0,,0,,0
"MESSAGEix-GLOBIOM-GAINS 2.1-M-R12","High-to-Low - SSP5","Middle East (R10)","Capacity|Electricity|Coal","GW",1,9.439,,9.439,7.489000000000001,4.266,3.306,1.556,0,0,0,,0,,0,,0,,0
"MESSAGEix-GLOBIOM-GAINS 2.1-M-R12","High-to-Low - SSP5","Middle East (R10)","Capacity|Electricity|Gas","GW",1,328.5380204153607,,288.5744122106479,313.4884287250622,401.0282513965466,563.2378813386118,715.4495886933164,917.300384157122,1170.31005926245,1422.463282463963,,1368.23015267368,,1124.164264973816,,514.6269227756584,,214.3494537895757
"MESSAGEix-GLOBIOM-GAINS 2.1-M-R12","High-to-Low - SSP5","Middle East (R10)","Capacity|Electricity|Geothermal","GW",1,0,,0,0,0,0.07434343085714201,0.15642458571054,0.290266042042187,0.475015751332872,0.730037297111749,,1.505452510778523,,2.938333790813878,,5.58613941351614,,10.47899042168949
"MESSAGEix-GLOBIOM-GAINS 2.1-M-R12","High-to-Low - SSP5","Middle East (R10)","Capacity|Electricity|Hydro","GW",1,20.07953120323608,,23.4961538750416,19.14078763574404,17.88908153150564,16.81005857538722,16.81005857538722,16.81005857538721,16.81005857538721,16.81005857538721,,16.81005857538721,,66.9386338654418,,66.93863386544179,,66.93863386544179
"MESSAGEix-GLOBIOM-GAINS 2.1-M-R12","High-to-Low - SSP5","Middle East (R10)","Capacity|Electricity|Nuclear","GW",1,2.252,,6.236,6.236,11.61,11.61,11.61,11.61,10.695,9.358,,5.374,,0,,0,,0
"MESSAGEix-GLOBIOM-GAINS 2.1-M-R12","High-to-Low - SSP5","Middle East (R10)","Capacity|Electricity|Oil","GW",1,109.6202029230769,,109.6202029230769,125.7823033847431,125.7823033847431,85.60245292307694,72.90633192307692,53.93492292307693,0,0,,0,,0,,0,,0
"MESSAGEix-GLOBIOM-GAINS 2.1-M-R12","High-to-Low - SSP5","Middle East (R10)","Capacity|Electricity|Solar|CSP","GW",1,1.02711,,1.236594325946717,1.236594325946717,1.236594325946717,1.236594325946717,1.236594325946717,1.236594325946717,1.236594325946717,1.236594325946717,,1.236594325946717,,1.236594325946717,,1.236594325946717,,1.236594325946717
"MESSAGEix-GLOBIOM-GAINS 2.1-M-R12","High-to-Low - SSP5","Middle East (R10)","Capacity|Electricity|Solar|PV","GW",1,10.95094799249994,,32.1075880523999,225.9,363.9145195744459,538.3177604306226,737.822050748859,891.5940096289767,1051.683939944392,1171.271862316901,,1866.355761697795,,2486.651481002451,,4125.006385352242,,5424.334289554864
"MESSAGEix-GLOBIOM-GAINS 2.1-M-R12","High-to-Low - SSP5","Middle East (R10)","Capacity|Electricity|Wind|Offshore","GW",1,0,,0,0,0,0,0,0,0,0,,25.7809692800764,,112.8990751712955,,312.7225396669041,,567.8887557492736
"MESSAGEix-GLOBIOM-GAINS 2.1-M-R12","High-to-Low - SSP5","Middle East (R10)","Capacity|Electricity|Wind|Onshore","GW",1,4.003619999999994,,7.614001049999995,11.2,11.2,11.2,11.2,11.2,11.2,26.34587217382771,,207.3555656936639,,656.5866143237694,,1736.91606114393,,4098.704964307636
"MESSAGEix-GLOBIOM-GAINS 2.1-M-R12","High-to-Low - SSP5","North America (R10)","Capacity|Electricity|Biomass","GW",1,11.74076446539092,,11.71843593480997,13.42710594997716,13.42710594997716,10.0519919018032,2.947101,0.7977785452736541,0,0,,0,,0,,0,,0
"MESSAGEix-GLOBIOM-GAINS 2.1-M-R12","High-to-Low - SSP5","North America (R10)","Capacity|Electricity|Coal","GW",1,249.042128,,249.042128,217.241888,141.504888,64.834689024,50.48600839033237,42.65594924945523,36.39062529640623,38.27159769646138,,37.51301801766819,,36.76947411380245,,36.04066796142115,,35.32630744419104
"MESSAGEix-GLOBIOM-GAINS 2.1-M-R12","High-to-Low - SSP5","North America (R10)","Capacity|Electricity|Gas","GW",1,517.7869017477935,,518.0566964567524,539.7573234680917,749.7666717912988,965.5519283492747,1219.708604339497,1456.488376102519,1732.310143135967,2060.412954307977,,1724.865453765085,,874.197157070173,,72.47516662272237,,26.72907755476194
"MESSAGEix-GLOBIOM-GAINS 2.1-M-R12","High-to-Low - SSP5","North America (R10)","Capacity|Electricity|Geothermal","GW",1,3.0796,,3.241035861132952,3.241035861132952,3.652708907616816,4.107229215434511,4.609056361960585,5.163114080964656,5.77483857238183,6.450231840202814,,12.07573735236261,,22.47104737083931,,41.68042689178371,,77.17722890382707
"MESSAGEix-GLOBIOM-GAINS 2.1-M-R12","High-to-Low - SSP5","North America (R10)","Capacity|Electricity|Hydro","GW",1,153.0939603039292,,160.2334524641383,166.536539581002,174.3082476750057,182.864235172651,182.864235172651,182.864235172651,182.864235172651,184.6029760429768,,217.7502738243505,,221.6339947545831,,224.820041266211,,227.4479482429551
"MESSAGEix-GLOBIOM-GAINS 2.1-M-R12","High-to-Low - SSP5","North America (R10)","Capacity|Electricity|Nuclear","GW",1,112.9162438857682,,115.1502438857682,111.7512438857682,87.84224388576821,70.80324388576821,40.60724388576821,12.0432438857682,9.092243885768198,7.935243885768198,,37.41677468004875,,115.5599596378045,,256.4111903156862,,533.4868799195867
"MESSAGEix-GLOBIOM-GAINS 2.1-M-R12","High-to-Low - SSP5","North America (R10)","Capacity|Electricity|Oil","GW",1,61.342633,,61.342633,57.824987,26.431433,14.281679,8.445183,3.535486,0,0,,0,,0,,0,,0
"MESSAGEix-GLOBIOM-GAINS 2.1-M-R12","High-to-Low - SSP5","North America (R10)","Capacity|Electricity|Solar|CSP","GW",1,1.7579,,1.74748,1.7579,1.747314882352941,1.747314882352941,1.747314882352941,1.747314882352941,1.747314882352941,1.747314882352941,,1.747314882352941,,1.747314882352941,,1.747314882352941,,1.747314882352941
"MESSAGEix-GLOBIOM-GAINS 2.1-M-R12","High-to-Low - SSP5","North America (R10)","Capacity|Electricity|Solar|PV","GW",1,98.884759,,227.8469517,293.14388107,293.1438810699999,422.828552243208,571.445420145539,637.8770947380607,716.3388310226545,814.632827977032,,1587.4331363351,,3036.408117872691,,3696.498970944019,,4173.899391984539
"MESSAGEix-GLOBIOM-GAINS 2.1-M-R12","High-to-Low - SSP5","North America (R10)","Capacity|Electricity|Wind|Offshore","GW",1,0.0293,,0.0413,0.0413,0.0413,0.0413,0.0413,0.0413,0.0413,0.0413,,0.0413,,0.0413,,0.0413001,,0.0413
"MESSAGEix-GLOBIOM-GAINS 2.1-M-R12","High-to-Low - SSP5","North America (R10)","Capacity|Electricity|Wind|Onshore","GW",1,132.26562,,182.90245927,250,250,250,263.9767223898833,342.2089529579881,399.1240686192728,470.4252463701255,,917.2259764651886,,939.524917938263,,1553.816659536011,,1438.172620720389
"MESSAGEix-GLOBIOM-GAINS 2.1-M-R12","High-to-Low - SSP5","Pacific OECD (R10)","Capacity|Electricity|Biomass","GW",1,3.901992352941177,,1.740401607161627,0,0,0,0,0,0,0,,0,,0,,0,,0
"MESSAGEix-GLOBIOM-GAINS 2.1-M-R12","High-to-Low - SSP5","Pacific OECD (R10)","Capacity|Electricity|Coal","GW",1,70.43439466062287,,70.43439466062287,50.85857507807163,48.81563127584396,32.38173,16.89668,4.083919281785942,4.146182651983846,9.543044323277421,,0,,0,,0,,0
"MESSAGEix-GLOBIOM-GAINS 2.1-M-R12","High-to-Low - SSP5","Pacific OECD (R10)","Capacity|Electricity|Gas","GW",1,113.0568573076945,,76.67664656490285,75.981863,79.71128188532535,117.2226264459875,150.1633830975495,191.6784822756547,233.5739185265477,261.2880621112012,,207.673201935345,,81.20284635392397,,0,,0
"MESSAGEix-GLOBIOM-GAINS 2.1-M-R12","High-to-Low - SSP5","Pacific OECD (R10)","Capacity|Electricity|Geothermal","GW",1,1.5301,,1.828163479082504,1.828163479082504,1.828163479082504,1.828163479082504,1.828163479082504,1.414598050747722,1.636173982931842,1.880811716107474,,3.631955954946363,,6.867876213214987,,12.84749781469784,,23.89717507592044
"MESSAGEix-GLOBIOM-GAINS 2.1-M-R12","High-to-Low - SSP5","Pacific OECD (R10)","Capacity|Electricity|Hydro","GW",1,39.49249770017558,,41.42462981460719,42.03656250000001,43.4626817447496,44.98896321070235,44.98896321070234,44.98896321070234,44.98896321070235,44.98896321070235,,44.98896321070234,,65.78595317725751,,66.12040133779264,,66.35451505016722
"MESSAGEix-GLOBIOM-GAINS 2.1-M-R12","High-to-Low - SSP5","Pacific OECD (R10)","Capacity|Electricity|Nuclear","GW",1,31.679,,31.679,34.332,32.772,3.519000000000001,3.519000000000001,3.519000000000001,3.519000000000001,3.519000000000001,,12.35202363139235,,26.74008836276552,,50.17672969342529,,88.35254882664712
"MESSAGEix-GLOBIOM-GAINS 2.1-M-R12","High-to-Low - SSP5","Pacific OECD (R10)","Capacity|Electricity|Oil","GW",1,14.1232724423008,,14.1232724423008,17.13523412245264,17.13523412245264,10.896686,4.524945000000001,1.508703,0,0,,0,,0,,0,,0
"MESSAGEix-GLOBIOM-GAINS 2.1-M-R12","High-to-Low - SSP5","Pacific OECD (R10)","Capacity|Electricity|Solar|CSP","GW",1,0.003,,0.003,0.003,0.003,0.003,0.003,0.003,0.003,0.003,,0.003,,0.003,,0.003,,0.003
"MESSAGEix-GLOBIOM-GAINS 2.1-M-R12","High-to-Low - SSP5","Pacific OECD (R10)","Capacity|Electricity|Solar|PV","GW",1,93.92997400000024,,147.2843810500001,165.2483118499999,172.5596306100347,216.7304487567166,224.909546590411,224.909546590411,230.9855418667314,225.1809849530592,,352.9926784840171,,370.5968781415095,,487.1286358900399,,713.8717027408836
"MESSAGEix-GLOBIOM-GAINS 2.1-M-R12","High-to-Low - SSP5","Pacific OECD (R10)","Capacity|Electricity|Wind|Offshore","GW",1,0.066,,0.19,0.19,0.19,0.19,0.19,0.19,0.19,0.19,,0.19,,0.19,,0.19,,0.19
"MESSAGEix-GLOBIOM-GAINS 2.1-M-R12","High-to-Low - SSP5","Pacific OECD (R10)","Capacity|Electricity|Wind|Onshore","GW",1,14.95799999999999,,24.86854156,45.00000000000001,45.00000000000001,45.00000000000002,45.00000000000003,45.00000000000003,45.00000000000003,45.00000000000003,,67.88393773638526,,109.1446147125286,,200.7977930017734,,412.8060484305259
"MESSAGEix-GLOBIOM-GAINS 2.1-M-R12","High-to-Low - SSP5","Reforming Economies (R10)","Capacity|Electricity|Biomass","GW",1,0.1448875,,0.1448875,0,0,0,0,0,0,0,,0,,0,,0,,0
"MESSAGEix-GLOBIOM-GAINS 2.1-M-R12","High-to-Low - SSP5","Reforming Economies (R10)","Capacity|Electricity|Coal","GW",1,72.24775100842987,,72.24775100842987,55.02373206343238,35.1814,18.93679698951805,14.09268547301378,10.24650344170017,7.31443578391558,7.31443578391558,,3.544898049727784,,0,,0,,0
"MESSAGEix-GLOBIOM-GAINS 2.1-M-R12","High-to-Low - SSP5","Reforming Economies (R10)","Capacity|Electricity|Gas","GW",1,163.3197653289362,,58.85962561836754,78.23730287066375,119.1957896018531,156.7609723672871,222.124052626385,277.5168571705997,341.8378714087786,411.47599429415,,317.468977186761,,211.6417167255199,,107.1365735919024,,66.06054234736163
"MESSAGEix-GLOBIOM-GAINS 2.1-M-R12","High-to-Low - SSP5","Reforming Economies (R10)","Capacity|Electricity|Geothermal","GW",1,1.704028049575995,,4.057033224398767,4.057033224398767,4.057033224398767,3.963033224398766,3.355033224398766,2.596060753718925,2.008782323819586,2.008782323819586,,3.868431439246359,,7.304856670483098,,13.65498921533709,,25.38932959052445
"MESSAGEix-GLOBIOM-GAINS 2.1-M-R12","High-to-Low - SSP5","Reforming Economies (R10)","Capacity|Electricity|Hydro","GW",1,71.62413617170489,,72.16587777771305,70.42018651816433,70.5485738860207,70.69422222222222,70.69422222222222,70.69422222222222,70.69422222222222,70.69422222222222,,92.68169486717667,,133.4549429223412,,199.7966532378976,,271.9398698308492
"MESSAGEix-GLOBIOM-GAINS 2.1-M-R12","High-to-Low - SSP5","Reforming Economies (R10)","Capacity|Electricity|Nuclear","GW",1,41.435,,43.745,44.945,45.166,41.923,30.4,20.925,19.025,19.025,,51.23816102606475,,117.3415272261026,,212.63398305488,,375.4072634017109
"MESSAGEix-GLOBIOM-GAINS 2.1-M-R12","High-to-Low - SSP5","Reforming Economies (R10)","Capacity|Electricity|Oil","GW",1,8.733413846153846,,8.733413846153846,12.09041384615385,8.733413846153846,3.683613846153846,1.258767692307692,0.56711,0,0,,0,,0,,0,,0
"MESSAGEix-GLOBIOM-GAINS 2.1-M-R12","High-to-Low - SSP5","Reforming Economies (R10)","Capacity|Electricity|Solar|CSP","GW",1,0,,0,0,0,0,0,0,0,0,,0,,0,,0,,0
"MESSAGEix-GLOBIOM-GAINS 2.1-M-R12","High-to-Low - SSP5","Reforming Economies (R10)","Capacity|Electricity|Solar|PV","GW",1,11.551139,,14.69517620999999,16.70513715,67.01218467314,165.0478717354939,205.9595716935427,229.3033696351169,250.7211621715685,274.0991848952282,,450.6686197774977,,769.3417683824275,,994.8409843885904,,1456.22725863443
"MESSAGEix-GLOBIOM-GAINS 2.1-M-R12","High-to-Low - SSP5","Reforming Economies (R10)","Capacity|Electricity|Wind|Offshore","GW",1,0,,0,0,0,0,0,0,0,0,,0,,0,,0,,0
"MESSAGEix-GLOBIOM-GAINS 2.1-M-R12","High-to-Low - SSP5","Reforming Economies (R10)","Capacity|Electricity|Wind|Onshore","GW",1,3.077279999999995,,7.65204334999999,10.8,10.8,10.8,10.8,16.94643795467814,21.43143872587015,21.43143872587015,,145.1978581115231,,208.287069645466,,297.9022451246768,,507.3608066880043
"MESSAGEix-GLOBIOM-GAINS 2.1-M-R12","High-to-Low - SSP5","Rest of Asia (R10)","Capacity|Electricity|Biomass","GW",1,6.274187823529411,,4.996501372415464,1.157053114072077,0,0,0,0,0,0,,0,,0,,0,,0
"MESSAGEix-GLOBIOM-GAINS 2.1-M-R12","High-to-Low - SSP5","Rest of Asia (R10)","Capacity|Electricity|Coal","GW",1,122.15754335,,122.15754335,110.66254335,100.0923400077041,90.81532500770413,64.3665882148122,21.97344669067419,1.241301690674194,1.241301690674194,,0,,0,,0,,0
"MESSAGEix-GLOBIOM-GAINS 2.1-M-R12","High-to-Low - SSP5","Rest of Asia (R10)","Capacity|Electricity|Gas","GW",1,152.54893051,,188.9600690792719,233.1207236942891,352.8702652782378,488.5067456844533,597.2321507218008,712.6095687836371,792.736960710143,954.8777738853664,,759.6506414316999,,460.4259288036486,,122.769139969352,,0
"MESSAGEix-GLOBIOM-GAINS 2.1-M-R12","High-to-Low - SSP5","Rest of Asia (R10)","Capacity|Electricity|Geothermal","GW",1,4.1091,,4.763584209632405,3.729667657782741,2.920568939008377,2.287321978600859,1.769886144966127,1.369504160520151,1.059696213237433,1.059696213237433,,2.114625611057969,,4.064018090408529,,7.666279100860531,,14.32285776568933
"MESSAGEix-GLOBIOM-GAINS 2.1-M-R12","High-to-Low - SSP5","Rest of Asia (R10)","Capacity|Electricity|Hydro","GW",1,24.0257385582046,,26.96809481993593,51.23017039696369,88.88795985978958,92.84099960192957,112.9396135111928,135.6247221926023,135.6247221926023,135.6247221926024,,186.6,,187.8666666666668,,188.4222222222222,,188.6666666666667
"MESSAGEix-GLOBIOM-GAINS 2.1-M-R12","High-to-Low - SSP5","Rest of Asia (R10)","Capacity|Electricity|Nuclear","GW",1,24.945,,27.699,25.842,19.97,16.23,12.25,11.254,8.267999999999999,5.433999999999999,,44.55229534432207,,128.0606269553176,,262.2890661567166,,502.6717573110845
"MESSAGEix-GLOBIOM-GAINS 2.1-M-R12","High-to-Low - SSP5","Rest of Asia (R10)","Capacity|Electricity|Oil","GW",1,47.52051800506459,,47.52051800506459,43.20020652307692,33.11849360000001,22.7109596,13.0796946,5.289336599999999,0,0,,0,,0,,0,,0
"MESSAGEix-GLOBIOM-GAINS 2.1-M-R12","High-to-Low - SSP5","Rest of Asia (R10)","Capacity|Electricity|Solar|CSP","GW",1,0,,0.005,0.005,0.005,0.005,0.005,0.005,0.005,0.005,,0.005,,0.005,,0.005,,0.005
"MESSAGEix-GLOBIOM-GAINS 2.1-M-R12","High-to-Low - SSP5","Rest of Asia (R10)","Capacity|Electricity|Solar|PV","GW",1,24.12426881324997,,45.83074939289996,201.9383345,247.7369351368355,352.1190291412804,563.02909666389,805.4320168276986,1094.424582750814,1196.406861645862,,1803.146249165282,,2346.120525098985,,3014.249512244257,,3499.651051673677
"MESSAGEix-GLOBIOM-GAINS 2.1-M-R12","High-to-Low - SSP5","Rest of Asia (R10)","Capacity|Electricity|Wind|Offshore","GW",1,0.264,,6.192845349999951,6.192845349999951,6.192845349999951,6.192845349999952,16.72371336206019,49.71446015303,49.71446015303,49.71446015303,,49.71446015302995,,49.71446015302995,,49.71446015302995,,49.71446015302995
"MESSAGEix-GLOBIOM-GAINS 2.1-M-R12","High-to-Low - SSP5","Rest of Asia (R10)","Capacity|Electricity|Wind|Onshore","GW",1,4.510149999999999,,7.357738429999999,11.3,28.49052573839959,73.19596325057327,121.0154382156968,121.0187869156968,121.0187869156968,121.0187869156968,,403.0837414374552,,530.5560250124598,,924.6933081933772,,926.1295196172965
"MESSAGEix-GLOBIOM-GAINS 2.1-M-R12","High-to-Low - SSP5","World","Capacity|Electricity|Biomass","GW",1,75.67363276998884,,44.49517906405343,24.70541648077293,14.86681912067597,10.9281789018032,2.947101,0.7977785452736541,0,0,,0,,0,,0,,0
"MESSAGEix-GLOBIOM-GAINS 2.1-M-R12","High-to-Low - SSP5","World","Capacity|Electricity|Coal","GW",1,1970.087202623319,,2218.197239048668,2140.684269694181,2284.106736735666,2498.908914379537,2298.765695327234,2078.639797082591,1706.468822926945,1581.324041296728,,817.9336890789245,,269.2619643504282,,55.57709680566264,,35.32630744419104
"MESSAGEix-GLOBIOM-GAINS 2.1-M-R12","High-to-Low - SSP5","World","Capacity|Electricity|Gas","GW",1,1730.525921941192,,1685.270547197876,2001.650616103429,2928.713954707014,4150.727190073288,5947.536178829287,7918.327965596482,9986.245691594933,11939.16114836754,,11707.14502423088,,8982.116063006362,,3992.633734649561,,1492.33495220913
"MESSAGEix-GLOBIOM-GAINS 2.1-M-R12","High-to-Low - SSP5","World","Capacity|Electricity|Geothermal","GW",1,14.69475892273059,,18.84398652225899,17.43769506347531,16.26455659027715,15.27807340890547,14.16123905603804,12.83198371475674,12.71217028597507,14.07298883704167,,27.88241695584321,,53.40070791876458,,100.555678281493,,187.6928315156464
"MESSAGEix-GLOBIOM-GAINS 2.1-M-R12","High-to-Low - SSP5","World","Capacity|Electricity|Hydro","GW",1,1177.648996959016,,1334.637438113912,1331.686863419909,1390.078149351473,1482.336405460383,1554.330587084287,1578.345107085309,1587.729188788298,1594.179662229962,,1844.492727775986,,2118.885986041188,,2294.587301549631,,2493.819895787345
"MESSAGEix-GLOBIOM-GAINS 2.1-M-R12","High-to-Low - SSP5","World","Capacity|Electricity|Nuclear","GW",1,379.7261021699021,,406.1101021699021,435.0001021699021,410.7291021699021,315.2822401044229,216.2451021699021,179.3613099611202,177.6355877969515,185.2574628081971,,522.2678542040446,,1250.867117403933,,2565.312287127562,,4899.018523483077
"MESSAGEix-GLOBIOM-GAINS 2.1-M-R12","High-to-Low - SSP5","World","Capacity|Electricity|Oil","GW",1,333.3000834631393,,302.7712618704919,354.8130320586928,306.0627819048467,224.0375408383426,175.8110666844965,120.1775429278769,1.6561212048,0,,0,,0,,0,,0
"MESSAGEix-GLOBIOM-GAINS 2.1-M-R12","High-to-Low - SSP5","World","Capacity|Electricity|Solar|CSP","GW",1,6.474639999999999,,6.852018325946716,6.862438325946716,6.851853208299658,6.851853208299658,6.851853208299658,6.851853208299658,6.851853208299658,6.851853208299658,,6.851853208299658,,6.851853208299658,,6.851853208299658,,6.851853208299658
"MESSAGEix-GLOBIOM-GAINS 2.1-M-R12","High-to-Low - SSP5","World","Capacity|Electricity|Solar|PV","GW",1,780.8728182071007,,2040.155287069203,4720.332277339388,5763.522302975129,7131.210915663963,9149.076276204092,10686.65224852302,12277.86684646658,13945.96737653069,,19513.83723241501,,27465.05937669929,,36405.06942486928,,42667.05715982142
"MESSAGEix-GLOBIOM-GAINS 2.1-M-R12","High-to-Low - SSP5","World","Capacity|Electricity|Wind|Offshore","GW",1,34.3884,,102.7260629954851,102.7297827570093,102.7398482543721,102.7510716750268,113.3011531831139,146.3247917671416,146.3810995858254,146.4774935537475,,226.6924766554921,,432.5237601464783,,734.2654205730339,,1097.497779348959
"MESSAGEix-GLOBIOM-GAINS 2.1-M-R12","High-to-Low - SSP5","World","Capacity|Electricity|Wind|Onshore","GW",1,699.0911899999993,,1176.645762239998,1663,1701.918635278082,1813.377609323709,2039.980115005393,2350.792868660002,2692.125106923184,2874.077305856129,,6220.352222234265,,8234.851263429955,,14120.77900782999,,19626.95085280216
"REMIND-MAgPIE 3.5-4.11","Low - SSP1","Africa (R10)","Capacity|Electricity|Biomass","GW",1,1.377,,1.2718661,1.8827,1.671638,1.4261198,1.0501467,0.6958762,0.3843544,0.148943,,0.0155751,,0.0000531,,0.0000258,,0.0000203
"REMIND-MAgPIE 3.5-4.11","Low - SSP1","Africa (R10)","Capacity|Electricity|Coal","GW",1,39.1032,,34.4884556,29.5712422,14.6628678,0.04017039999999999,0.0274294,0.015145,0.0070599,0.0029433,,0.0004,,0.00005290000000000001,,0.00002530000000000001,,0.0000191
"REMIND-MAgPIE 3.5-4.11","Low - SSP1","Africa (R10)","Capacity|Electricity|Gas","GW",1,27.799935,,46.0014724,70.8835522,93.35120160000001,131.8878396,163.4489339,208.445928,273.0563106999999,369.2221516999999,,535.0103293,,726.1238066000001,,713.7944803000001,,534.3968186999999
"REMIND-MAgPIE 3.5-4.11","Low - SSP1","Africa (R10)","Capacity|Electricity|Geothermal","GW",1,0.6725647999999991,,0.8971676999999991,1.1055289,1.2510435,1.3289974,1.3501511,1.3501511,1.3501511,1.3501511,,1.3501511,,1.3501511,,1.3501511,,1.3501511
"REMIND-MAgPIE 3.5-4.11","Low - SSP1","Africa (R10)","Capacity|Electricity|Hydro","GW",1,25.7518871,,30.3566355,39.3901261,53.2764,62.76585650000001,68.65942609999999,71.8138468,73.10386709999999,74.28371,,74.28371,,74.28371,,74.28371,,74.28371
"REMIND-MAgPIE 3.5-4.11","Low - SSP1","Africa (R10)","Capacity|Electricity|Hydrogen","GW",1,0,,0,0.0002,0.0002,0.0002,0.0002,0.0002,0.0002,0.0002,,0.0002,,0.0002,,157.0824876,,471.6640858000001
"REMIND-MAgPIE 3.5-4.11","Low - SSP1","Africa (R10)","Capacity|Electricity|Nuclear","GW",1,1.7442,,1.7484116,1.6674789,1.4917094,1.3051266,1.1235054,0.9639068999999991,0.8130875,0.07067920000000001,,0.0223071,,0.0086644,,0,,0
"REMIND-MAgPIE 3.5-4.11","Low - SSP1","Africa (R10)","Capacity|Electricity|Oil","GW",1,2.8002376,,1.7513314,0.6158468,0.0001,0.0001491,0.0001952,0.000234,0.0002581,0.0002831000000000002,,0.0002827,,0.0001805,,0.0000776,,0
"REMIND-MAgPIE 3.5-4.11","Low - SSP1","Africa (R10)","Capacity|Electricity|Solar|CSP","GW",1,0.456,,0.699409899999999,1.1834374,1.826291,2.7510865,4.513799100000001,8.294427899999999,14.6888009,20.4747658,,30.7169946,,42.6466396,,51.98374759999999,,69.25194330000001
"REMIND-MAgPIE 3.5-4.11","Low - SSP1","Africa (R10)","Capacity|Electricity|Solar|PV","GW",1,5.48205,,25.5131674,118.5613012,345.7076995,713.134451,1231.3249698,1822.0449806,2395.5118675,3237.2071992,,5143.432784899999,,7658.599747899999,,9645.505621299999,,11493.0752631
"REMIND-MAgPIE 3.5-4.11","Low - SSP1","Africa (R10)","Capacity|Electricity|Wind|Offshore","GW",1,0,,0.3310086,2.0033445,5.1628411,10.6759786,19.5695215,32.4743532,49.9188068,84.624054,,172.7597138,,307.2609815,,449.9673170999999,,528.1626198999999
"REMIND-MAgPIE 3.5-4.11","Low - SSP1","Africa (R10)","Capacity|Electricity|Wind|Onshore","GW",1,3.58155,,9.493482600000002,22.9937119,48.3568368,92.39836629999999,163.4753112,266.8908752,405.0370233,662.1594543,,1183.5100994,,1761.8938888,,2183.6915889,,2457.906882
"REMIND-MAgPIE 3.5-4.11","Low - SSP1","China+ (R10)","Capacity|Electricity|Biomass","GW",1,12.2796,,11.8764386,9.8971763,7.8484071,5.7553863,3.7059593,1.8763618,0.4825559,0.0185315,,0.0003,,0.00007240000000000001,,0.0000648,,0.0000483
"REMIND-MAgPIE 3.5-4.11","Low - SSP1","China+ (R10)","Capacity|Electricity|Coal","GW",1,1078.8081404,,1164.0203239,921.0708741000001,325.9520885,38.5407554,0.5973064999999991,0.5598229,0.4993014,0.4071003,,0.1090831,,0,,0,,0
"REMIND-MAgPIE 3.5-4.11","Low - SSP1","China+ (R10)","Capacity|Electricity|Gas","GW",1,131.371,,182.2588688,277.9618748,454.21046,676.5655993999999,745.3820446,747.2293342000002,721.1778313000001,699.1616049999999,,600.9353797,,492.4450424,,383.2519328,,236.7804639
"REMIND-MAgPIE 3.5-4.11","Low - SSP1","China+ (R10)","Capacity|Electricity|Geothermal","GW",1,0.0385698,,0.0462,0.1724583,0.3215227000000001,0.3730588,0.3730588,0.3730588,0.3730588,0.3730588,,0.3730588,,0.3730588,,0.3730588,,0.3730588
"REMIND-MAgPIE 3.5-4.11","Low - SSP1","China+ (R10)","Capacity|Electricity|Hydro","GW",1,352.4729753,,413.5979123999999,446.013427,460.9830413,465.7081931999999,466.2776436,466.2776436,466.2776436,466.2776436,,466.2776436,,466.2776436,,466.2776436,,466.2776436
"REMIND-MAgPIE 3.5-4.11","Low - SSP1","China+ (R10)","Capacity|Electricity|Hydrogen","GW",1,0,,0,0.0002,0.0002,0.0002029,0.0002,0.0002143,0.0002,0.0002,,27.4729172,,88.1245489,,115.8271359,,195.9516403
"REMIND-MAgPIE 3.5-4.11","Low - SSP1","China+ (R10)","Capacity|Electricity|Nuclear","GW",1,48.9869612,,68.98396960000002,85.83873519999999,95.75897829999998,99.53135940000001,99.06035229999999,96.1652267,91.6511595,85.6457339,,69.79101620000002,,58,,58,,58
"REMIND-MAgPIE 3.5-4.11","Low - SSP1","China+ (R10)","Capacity|Electricity|Oil","GW",1,15.8180276,,10.7677317,4.1528277,0.0001,0.0001491,0.0001952,0.000234,0.0002581,0.0002831000000000002,,0.0002827,,0.0001805,,0.0000776,,0
"REMIND-MAgPIE 3.5-4.11","Low - SSP1","China+ (R10)","Capacity|Electricity|Solar|CSP","GW",1,0.4237,,0.931,0.9273043,0.9108803,0.8656550000000001,0.768482999999999,0.592548499999999,0.5874724999999991,0.5925230999999991,,0.5610927,,0.5274188,,0.4791259,,0.4453293
"REMIND-MAgPIE 3.5-4.11","Low - SSP1","China+ (R10)","Capacity|Electricity|Solar|PV","GW",1,286.1166,,1056.2523786,2288.5009474,3995.2374882,5328.111101500001,5780.406568500001,5776.8123163,5549.077992599999,5296.811247600001,,4773.1763994,,4512.5526483,,4004.5479169,,3583.0287282
"REMIND-MAgPIE 3.5-4.11","Low - SSP1","China+ (R10)","Capacity|Electricity|Wind|Offshore","GW",1,16.30335,,42.02135000000001,74.20372640000001,117.845868,161.9168483,193.841743,209.2059019,217.7550139,241.0364995,,278.2585482,,296.6178826000001,,299.1394827,,325.7322066999999
"REMIND-MAgPIE 3.5-4.11","Low - SSP1","China+ (R10)","Capacity|Electricity|Wind|Onshore","GW",1,251.6439817,,473.499831,766.0630606,1154.3090686,1529.2613512,1812.9800021,1973.4231531,2062.6373832,2279.7535807,,2208.9690772,,1948.7145134,,1648.7029391,,1440.2943894
"REMIND-MAgPIE 3.5-4.11","Low - SSP1","Europe (R10)","Capacity|Electricity|Biomass","GW",1,33.4926,,34.91887250000001,35.31060920000001,26.8867092,18.3550983,10.565148,4.6496265,2.0286669,0.104527499999999,,0.015659,,0.00004570000000000001,,0.000041,,0.0000324
"REMIND-MAgPIE 3.5-4.11","Low - SSP1","Europe (R10)","Capacity|Electricity|Coal","GW",1,137.7351,,49.2386388,12.6554278,0.5231229000000001,0.1318418,0.1143445,0.095401199999999,0.0766811,0.0551251,,0.0011227,,0.0005300000000000001,,0.0004137000000000001,,0.0001429
"REMIND-MAgPIE 3.5-4.11","Low - SSP1","Europe (R10)","Capacity|Electricity|Gas","GW",1,293.0262269,,289.1104527,150.1313706,147.6528052,187.0195879,205.6159745,215.4637801,221.2483735,224.7834423,,141.8210812,,74.21265580000001,,28.7353673,,17.3845872
"REMIND-MAgPIE 3.5-4.11","Low - SSP1","Europe (R10)","Capacity|Electricity|Geothermal","GW",1,2.9686756,,3.9568328,5.1358591,5.8608193,6.1679749,6.230842,6.230842,6.230842,6.286551699999999,,6.286551699999999,,6.286551699999999,,6.286551699999999,,6.286551699999999
"REMIND-MAgPIE 3.5-4.11","Low - SSP1","Europe (R10)","Capacity|Electricity|Hydro","GW",1,220.1095889,,232.7643075,261.0145669,305.0488,311.949841,311.949841,311.949841,311.949841,311.949841,,311.949841,,311.949841,,311.949841,,311.949841
"REMIND-MAgPIE 3.5-4.11","Low - SSP1","Europe (R10)","Capacity|Electricity|Hydrogen","GW",1,0,,0,0.0004,0.0004,0.00041,0.0004285,0.0004144,0.0004,0.0004,,62.6584247,,115.8271695,,135.5639501,,131.4346421
"REMIND-MAgPIE 3.5-4.11","Low - SSP1","Europe (R10)","Capacity|Electricity|Nuclear","GW",1,124.8468993,,108.3841297,88.9266655,66.84379440000001,44.9140777,26.0265543,8.936089399999998,3.8221623,0.9850932,,0,,0,,0,,0
"REMIND-MAgPIE 3.5-4.11","Low - SSP1","Europe (R10)","Capacity|Electricity|Oil","GW",1,28.3264211,,16.7362377,5.474174600000001,0.0002,0.0002982,0.0003904,0.000468,0.0005162,0.0005662000000000002,,0.0005654,,0.000361,,0.0001552,,0
"REMIND-MAgPIE 3.5-4.11","Low - SSP1","Europe (R10)","Capacity|Electricity|Solar|CSP","GW",1,2.1964,,2.1964,2.126580599999998,1.911274,1.5067026,0.8224033999999991,0.2104027,0.2057552,0.2138282,,0.2080573,,0.1982791,,0.1785948,,0.164413
"REMIND-MAgPIE 3.5-4.11","Low - SSP1","Europe (R10)","Capacity|Electricity|Solar|PV","GW",1,171.0487,,368.388957,781.3339692999999,1235.3484198,1546.0658932,1646.1679834,1669.1113216,1682.1079784,1653.0287377,,1465.3282698,,1374.8921846,,1220.8966176,,1136.7910974
"REMIND-MAgPIE 3.5-4.11","Low - SSP1","Europe (R10)","Capacity|Electricity|Wind|Offshore","GW",1,25.61665,,54.5004604,87.19382360000002,116.4571558,139.6095775,153.2177293,161.9078829,168.3872341,188.1255294,,203.3225808,,192.3038693,,166.1775722,,145.071094
"REMIND-MAgPIE 3.5-4.11","Low - SSP1","Europe (R10)","Capacity|Electricity|Wind|Onshore","GW",1,190.3723591,,276.1596521,366.3783527,443.5474445,491.3756233999999,525.7517071,553.6654095,580.7501946999997,649.9891177999999,,658.8253381,,621.2408515999999,,540.3965561,,474.5024275
"REMIND-MAgPIE 3.5-4.11","Low - SSP1","India+ (R10)","Capacity|Electricity|Biomass","GW",1,9.2106,,8.118648899999998,11.5,9.342476600000001,7.1304592,4.924717899999999,2.8617438,1.1222732,0.0006152,,0.0003,,0.0000531,,0.0000258,,0.0000203
"REMIND-MAgPIE 3.5-4.11","Low - SSP1","India+ (R10)","Capacity|Electricity|Coal","GW",1,247.6141594,,303.1344567,321.4578514,242.6623718,137.7020569,16.7595216,0.4224539,0.0925754,0.0011806,,0.0004,,0.0000531,,0.0000258,,0.0000203
"REMIND-MAgPIE 3.5-4.11","Low - SSP1","India+ (R10)","Capacity|Electricity|Gas","GW",1,35.3031077,,43.9134526,71.5382288,131.6452252,242.062848,374.9337808999999,470.9996715,534.2647774000001,609.5655754,,548.5715325000001,,349.1927358999999,,176.8949588,,72.56461240000002
"REMIND-MAgPIE 3.5-4.11","Low - SSP1","India+ (R10)","Capacity|Electricity|Geothermal","GW",1,0.0238568,,0.051452,0.1002932,0.1444615,0.1785936,0.1927796,0.1927796,0.1927796,0.1927796,,0.1927796,,0.1927796,,0.1927796,,0.1927796
"REMIND-MAgPIE 3.5-4.11","Low - SSP1","India+ (R10)","Capacity|Electricity|Hydro","GW",1,52.4028656,,55.56130090000001,57.7242478,58.72471030000001,59.0542028,59.0542028,59.0542028,59.0542028,59.0542028,,59.0542028,,59.0542028,,59.0542028,,59.0542028
"REMIND-MAgPIE 3.5-4.11","Low - SSP1","India+ (R10)","Capacity|Electricity|Hydrogen","GW",1,0,,0,0.0002,0.0002,0.0002,0.0002071,0.0002,0.0002,0.0002,,106.6987087,,340.979681,,511.3708845,,612.3862144999999
"REMIND-MAgPIE 3.5-4.11","Low - SSP1","India+ (R10)","Capacity|Electricity|Nuclear","GW",1,8.0428961,,10.1861452,12.9594371,17.25,19.5668783,20.48931979999999,20.4928417,19.9603051,19.1834009,,17.25,,17.25,,17.25,,17.25
"REMIND-MAgPIE 3.5-4.11","Low - SSP1","India+ (R10)","Capacity|Electricity|Oil","GW",1,4.6963619,,3.0842381,1.1461457,0.0001,0.0001491,0.0001952,0.000234,0.0002581,0.0002831000000000002,,0.0002827,,0.0001805,,0.0000776,,0
"REMIND-MAgPIE 3.5-4.11","Low - SSP1","India+ (R10)","Capacity|Electricity|Solar|CSP","GW",1,0.357,,1.4933903,5.628315399999999,7.3305951,9.399726800000002,13.1631635,21.0900828,34.482955,40.25521380000001,,43.52253350000001,,45.7796431,,46.69118290000001,,59.3625261
"REMIND-MAgPIE 3.5-4.11","Low - SSP1","India+ (R10)","Capacity|Electricity|Solar|PV","GW",1,44.982,,206.2840995,743.1990025000001,1616.3088799,2621.1399941,3684.6956283,4618.3328145,5268.901370699999,6018.326641100001,,6468.1980818,,6870.025600700001,,6911.6639209,,6964.5863448
"REMIND-MAgPIE 3.5-4.11","Low - SSP1","India+ (R10)","Capacity|Electricity|Wind|Offshore","GW",1,0,,0.9975640999999991,7.092573499999999,17.9795403,33.6836516,53.23572110000001,73.5463798,91.6576326,116.4163508,,130.6817779,,161.9126023,,208.4761266,,257.7331116999999
"REMIND-MAgPIE 3.5-4.11","Low - SSP1","India+ (R10)","Capacity|Electricity|Wind|Onshore","GW",1,40.6035,,76.9286452,144.7468755,264.8749103,435.4798872,647.9668932999999,868.7465536,1067.0853607,1355.3283041,,1510.6489589,,1534.0287038,,1573.6158471,,1588.8021243
"REMIND-MAgPIE 3.5-4.11","Low - SSP1","Latin America (R10)","Capacity|Electricity|Biomass","GW",1,19.48859999999999,,19.2712504,18.7459,17.7786612,16.1514941,11.7915733,7.580851,3.8434841,1.1219213,,0.0013131,,0.0001295,,0.0000421,,0.0000322
"REMIND-MAgPIE 3.5-4.11","Low - SSP1","Latin America (R10)","Capacity|Electricity|Coal","GW",1,16.3071,,15.3040012,8.9087528,1.0249991,0.9723306999999991,0.8996586999999999,0.817049,0.697078299999999,0.5174455,,0.0188538,,0.000335,,0.0002344,,0.0001362
"REMIND-MAgPIE 3.5-4.11","Low - SSP1","Latin America (R10)","Capacity|Electricity|Gas","GW",1,102.3606,,99.66531769999999,98.5024969,102.9705228,157.5678454,216.8771985,256.6548877000001,276.3223537,294.5637405,,273.6070872,,193.0883873000001,,121.6458691,,66.79448790000001
"REMIND-MAgPIE 3.5-4.11","Low - SSP1","Latin America (R10)","Capacity|Electricity|Geothermal","GW",1,2.375946299999999,,2.5508,2.7224639,2.768577200000001,2.768577200000001,2.7757649,2.7918045,2.7918045,2.7918045,,2.7918045,,2.7918045,,2.7918045,,2.7918045
"REMIND-MAgPIE 3.5-4.11","Low - SSP1","Latin America (R10)","Capacity|Electricity|Hydro","GW",1,211.7261091,,226.5998085,238.1186877,245.0638076,248.3597766,249.2497074,249.2497074,249.2497074,250.9876527,,250.9876527,,250.9876527,,250.9876527,,250.9876527
"REMIND-MAgPIE 3.5-4.11","Low - SSP1","Latin America (R10)","Capacity|Electricity|Hydrogen","GW",1,0,,0,0.0002,0.0002,0.0002,0.0002,0.0002,0.0002,0.0002,,0.0002,,72.1266869,,126.2823727,,154.8470782
"REMIND-MAgPIE 3.5-4.11","Low - SSP1","Latin America (R10)","Capacity|Electricity|Nuclear","GW",1,5.528611199999999,,5.335185299999999,4.826608100000001,4.210272600000001,3.5771239,2.9940071,2.533881,2.1588531,1.7836177,,0.8990954999999999,,0.1426334,,0.0015406,,0
"REMIND-MAgPIE 3.5-4.11","Low - SSP1","Latin America (R10)","Capacity|Electricity|Oil","GW",1,38.8822747,,24.4229518,8.6316148,0.0001,0.0001491,0.0001952,0.000234,0.0002581,0.0002831000000000002,,0.0002827,,0.0001805,,0.0000776,,0
"REMIND-MAgPIE 3.5-4.11","Low - SSP1","Latin America (R10)","Capacity|Electricity|Solar|CSP","GW",1,0.063,,0.8725514999999999,3.1299152,4.2190802,5.468310799999999,7.385248000000001,11.2364483,17.2198395,19.6008109,,19.8161817,,19.8818835,,18.8989727,,23.1061485
"REMIND-MAgPIE 3.5-4.11","Low - SSP1","Latin America (R10)","Capacity|Electricity|Solar|PV","GW",1,25.2415,,108.0735138,392.6106295,932.3091020999999,1518.3544089,2005.0899914,2341.4316921,2523.2167713,2693.1098695,,2513.682694099999,,2430.2378087,,2285.193452500001,,2068.9900699
"REMIND-MAgPIE 3.5-4.11","Low - SSP1","Latin America (R10)","Capacity|Electricity|Wind|Offshore","GW",1,0,,0.7928972,6.032795,15.41955,29.4426574,47.69501090000001,68.5169386,89.51669700000001,120.1661611,,150.8500936,,161.1461449,,151.5829143,,136.5344968
"REMIND-MAgPIE 3.5-4.11","Low - SSP1","Latin America (R10)","Capacity|Electricity|Wind|Onshore","GW",1,32.30759999999999,,51.7503,69.7786154,100.8407172,144.7814336,201.8527087,267.0249707,338.1343478,453.9075711,,569.8109932,,608.7026045,,572.5791007,,515.7362208999999
"REMIND-MAgPIE 3.5-4.11","Low - SSP1","Middle East (R10)","Capacity|Electricity|Biomass","GW",1,0.3384,,0.3299261,0.3512,0.3318557,0.3039698,0.2640911,0.1789921,0.09425370000000001,0.0317553,,0.0037567,,0.0000463,,0.0000421,,0.0000322
"REMIND-MAgPIE 3.5-4.11","Low - SSP1","Middle East (R10)","Capacity|Electricity|Coal","GW",1,8.4618,,4.289051700000001,0.0721455,0.070146,0.0670794,0.06231660000000001,0.05530350000000001,0.0457772,0.0331127,,0.0010454,,0.0004347,,0.000331,,0.0002205
"REMIND-MAgPIE 3.5-4.11","Low - SSP1","Middle East (R10)","Capacity|Electricity|Gas","GW",1,372.1565868,,426.9382853999999,467.2059607,485.8719852,436.4059553,442.5961373999999,476.4067635,517.3173567999999,544.3938881,,440.0850376,,263.4145498,,155.7569475,,100.5859866
"REMIND-MAgPIE 3.5-4.11","Low - SSP1","Middle East (R10)","Capacity|Electricity|Geothermal","GW",1,0.1202432,,0.189176,0.2740589,0.341911,0.3730588,0.3730588,0.3730588,0.3730588,0.3730588,,0.3730588,,0.3730588,,0.3730588,,0.3730588
"REMIND-MAgPIE 3.5-4.11","Low - SSP1","Middle East (R10)","Capacity|Electricity|Hydro","GW",1,21.8577953,,25.1112142,27.2161705,28.4073,28.4772519,28.4772519,28.4772519,28.4772519,28.4772519,,28.4772519,,28.4772519,,28.4772519,,28.4772519
"REMIND-MAgPIE 3.5-4.11","Low - SSP1","Middle East (R10)","Capacity|Electricity|Hydrogen","GW",1,0,,0,0.0002,0.0002,0.0002,0.0002,0.0002,0.0002,0.0002,,54.6512451,,207.7020433,,333.4883319999999,,408.1029193
"REMIND-MAgPIE 3.5-4.11","Low - SSP1","Middle East (R10)","Capacity|Electricity|Nuclear","GW",1,2.1392891,,2.481127,2.5546922,2.5398205,2.508084,2.4493324,2.3508965,2.1975885,0,,0,,0,,0,,0
"REMIND-MAgPIE 3.5-4.11","Low - SSP1","Middle East (R10)","Capacity|Electricity|Oil","GW",1,56.18229220000001,,36.2767942,13.233033,0.0001,0.0001491,0.0001952,0.000234,0.0002581,0.0002831000000000002,,0.0002827,,0.0001805,,0.0000776,,0
"REMIND-MAgPIE 3.5-4.11","Low - SSP1","Middle East (R10)","Capacity|Electricity|Solar|CSP","GW",1,0.962349999999999,,1.8215182,3.4036702,4.996909400000001,6.5158516,9.0867971,13.9443932,21.2599813,24.5436357,,24.6404717,,26.1278194,,27.9877999,,36.1785047
"REMIND-MAgPIE 3.5-4.11","Low - SSP1","Middle East (R10)","Capacity|Electricity|Solar|PV","GW",1,10.8381,,61.10817990000001,326.4033893,1067.9615561,2171.3645091,3285.4404456,4052.870635,4462.342864700001,4786.9820721,,4503.1238166,,4364.981053799999,,4535.1494891,,4728.961523600001
"REMIND-MAgPIE 3.5-4.11","Low - SSP1","Middle East (R10)","Capacity|Electricity|Wind|Offshore","GW",1,0,,0.00009,1.9289061,4.3750076,8.061004800000001,13.4358643,20.4375612,29.7201409,47.9158018,,93.4596319,,148.7253952,,175.3260092,,184.8663837
"REMIND-MAgPIE 3.5-4.11","Low - SSP1","Middle East (R10)","Capacity|Electricity|Wind|Onshore","GW",1,3.814249999999999,,6.431500000000001,36.02269390000001,76.9011428,137.8707596,215.926382,302.2817309999999,392.2410435,537.0678409999999,,761.2226765,,981.7402239999999,,1125.9197224,,1162.5843253
"REMIND-MAgPIE 3.5-4.11","Low - SSP1","North America (R10)","Capacity|Electricity|Biomass","GW",1,18.3942339,,17.670141,16.44663949999999,14.5526841,9.9936904,5.749664000000001,2.8219035,1.2204976,0.3918611,,0.0003,,0.0000463,,0.0000421,,0.0000322
"REMIND-MAgPIE 3.5-4.11","Low - SSP1","North America (R10)","Capacity|Electricity|Coal","GW",1,259.588421,,217.8087998,107.6400937,3.5937231,2.8454915,2.6987324,2.4625392,2.102863,1.5708371,,0.079053,,0.000335,,0.0002344,,0.0001362
"REMIND-MAgPIE 3.5-4.11","Low - SSP1","North America (R10)","Capacity|Electricity|Gas","GW",1,550.9803515000001,,532.933284,478.7414888,336.9426284,304.0030819,293.3152809,298.5367243999999,292.5696394,287.8731152999999,,235.2608795,,189.2315571,,177.2872253,,123.241637
"REMIND-MAgPIE 3.5-4.11","Low - SSP1","North America (R10)","Capacity|Electricity|Geothermal","GW",1,3.5882,,3.815,4.233200100000001,4.5560288,4.661086999999999,4.661086999999999,4.661086999999999,4.661086999999999,4.661086999999999,,4.661086999999999,,4.661086999999999,,4.661086999999999,,4.661086999999999
"REMIND-MAgPIE 3.5-4.11","Low - SSP1","North America (R10)","Capacity|Electricity|Hydro","GW",1,109.7390259,,112.9739282,114.1578164,114.2626,114.2626,114.2626,114.2626,114.2626,114.2626,,114.2626,,114.2626,,114.2626,,114.2626
"REMIND-MAgPIE 3.5-4.11","Low - SSP1","North America (R10)","Capacity|Electricity|Hydrogen","GW",1,0,,0,0.0002,0.0002,0.000225,0.0002221,0.0002149,0.0002,0.0002,,25.9763838,,55.1718002,,59.042906,,141.8906981
"REMIND-MAgPIE 3.5-4.11","Low - SSP1","North America (R10)","Capacity|Electricity|Nuclear","GW",1,101.9425666,,88.9524509,73.2695601,55.4663744,37.7777688,22.5260742,12.2871639,2.5426416,0,,0,,0,,0,,0
"REMIND-MAgPIE 3.5-4.11","Low - SSP1","North America (R10)","Capacity|Electricity|Oil","GW",1,24.7957899,,14.4866867,4.665786399999999,0.0001,0.0001491,0.0001952,0.000234,0.0002581,0.0002831000000000002,,0.0002827,,0.0001805,,0.0000776,,0
"REMIND-MAgPIE 3.5-4.11","Low - SSP1","North America (R10)","Capacity|Electricity|Solar|CSP","GW",1,1.72725,,3.4291162,7.7147774,8.419811099999999,8.707220999999997,9.1538417,12.1157809,18.5891707,19.8419257,,18.392922,,17.8647217,,17.6848418,,22.44861479999999
"REMIND-MAgPIE 3.5-4.11","Low - SSP1","North America (R10)","Capacity|Electricity|Solar|PV","GW",1,81.39495000000001,,264.9772316999999,739.0780719000002,1574.6631459,2203.9802596,2446.5946896,2456.2746953,2381.2234717,2313.6564003,,2116.9179787,,2023.1361477,,1963.4337483,,2228.312367
"REMIND-MAgPIE 3.5-4.11","Low - SSP1","North America (R10)","Capacity|Electricity|Wind|Offshore","GW",1,0.0323,,1.896008,14.1732077,33.3607176,54.76338080000001,73.05425120000001,85.68102970000001,96.5107519,114.5397656,,147.2266884,,170.8371963,,182.6537397,,186.26459
"REMIND-MAgPIE 3.5-4.11","Low - SSP1","North America (R10)","Capacity|Electricity|Wind|Onshore","GW",1,124.0785,,192.5318548,275.1993141999999,399.5762214,523.5977270999999,625.3827772000001,680.9313857999999,714.4062816999999,788.6631881,,772.9365158999999,,722.2027209,,715.0187244,,742.4966099999999
"REMIND-MAgPIE 3.5-4.11","Low - SSP1","Other (R10)","Capacity|Electricity|Biomass","GW",1,3.5613012,,3.7224951,3.529,2.7310546,1.9069372,1.1435691,0.5852224999999991,0.2402731,0.0539677,,0.0003,,0.0000462,,0.00004190000000000001,,0.0000322
"REMIND-MAgPIE 3.5-4.11","Low - SSP1","Other (R10)","Capacity|Electricity|Coal","GW",1,28.8153,,12.7490804,0.9576949000000001,0.9460702999999999,0.9229276000000001,0.8801034,0.8074903999999999,0.693070299999999,0.5214394,,0.0336498,,0.0004689,,0.0002344,,0.0001362
"REMIND-MAgPIE 3.5-4.11","Low - SSP1","Other (R10)","Capacity|Electricity|Gas","GW",1,41.9454,,38.9367862,32.56977690000001,19.5045706,18.9643788,24.7867916,28.3831856,28.4387869,26.9898277,,22.1695775,,17.9100138,,13.9146248,,11.8208651
"REMIND-MAgPIE 3.5-4.11","Low - SSP1","Other (R10)","Capacity|Electricity|Geothermal","GW",1,1.3475007,,1.7864,2.1380762,2.2853693,2.316738899999999,2.316738899999999,2.316738899999999,2.316738899999999,2.316738899999999,,2.316738899999999,,2.316738899999999,,2.316738899999999,,2.316738899999999
"REMIND-MAgPIE 3.5-4.11","Low - SSP1","Other (R10)","Capacity|Electricity|Hydro","GW",1,88.46142630000001,,93.18267589999999,105.4973409,126.2584,134.1119606,136.3643918,136.5385881,136.5385881,136.8214007,,136.8214007,,136.8214007,,136.8214007,,136.8214007
"REMIND-MAgPIE 3.5-4.11","Low - SSP1","Other (R10)","Capacity|Electricity|Hydrogen","GW",1,0,,0,0.0002,0.0002,0.0002549,0.000252,0.0002445,0.0002288,0.0002,,0.0002,,1.0789761,,1.1008375,,0.993506799999999
"REMIND-MAgPIE 3.5-4.11","Low - SSP1","Other (R10)","Capacity|Electricity|Nuclear","GW",1,12.6018486,,11.2541743,9.6571907,7.824770599999999,5.969839100000002,4.3118018,3.0932154,1.3370568,0,,0,,0,,0,,0
"REMIND-MAgPIE 3.5-4.11","Low - SSP1","Other (R10)","Capacity|Electricity|Oil","GW",1,3.0688317,,1.7988071,0.5820284,0.0001,0.0001491,0.0001952,0.000234,0.0002581,0.0002831000000000002,,0.0002827,,0.0001805,,0.0000776,,0
"REMIND-MAgPIE 3.5-4.11","Low - SSP1","Other (R10)","Capacity|Electricity|Solar|CSP","GW",1,0.00285,,0.00285,0.0255205,0.029246499999999,0.0312378,0.0328685,0.033803,0.0338871,0.0345817,,0.0344587,,0.0339271,,0.0326639,,0.0311377
"REMIND-MAgPIE 3.5-4.11","Low - SSP1","Other (R10)","Capacity|Electricity|Solar|PV","GW",1,22.2547,,62.70936,146.2166279,232.0683963,302.5625555,359.7535238999999,394.5112645,398.7332238999999,393.4181896999999,,353.5895533,,322.2147353,,278.3046640000001,,249.0833604
"REMIND-MAgPIE 3.5-4.11","Low - SSP1","Other (R10)","Capacity|Electricity|Wind|Offshore","GW",1,0,,0.332045299999999,1.2109416,1.9260709,3.1806136,5.2681998,8.365072600000001,12.2070912,17.7477383,,24.5606688,,27.579541,,29.3538474,,27.2559229
"REMIND-MAgPIE 3.5-4.11","Low - SSP1","Other (R10)","Capacity|Electricity|Wind|Onshore","GW",1,22.73065,,32.53857880000001,31.3859716,28.022589,21.7655177,16.1474111,11.6950314,9.841420099999999,14.3083185,,19.8009383,,22.2347688,,23.6652238,,21.9738661
"REMIND-MAgPIE 3.5-4.11","Low - SSP1","Pacific OECD (R10)","Capacity|Electricity|Biomass","GW",1,10.879846,,14.284789,17.3208207,18.131283,17.2640354,15.9474981,12.1708314,8.5611643,5.2434255,,0.9135789999999999,,0.0002107,,0,,0
"REMIND-MAgPIE 3.5-4.11","Low - SSP1","Pacific OECD (R10)","Capacity|Electricity|Coal","GW",1,43.6977,,40.28090520000001,35.128407,13.545327,2.4350198,1.4453575,0.589881999999999,0.0053701,0.0028278,,0.0004,,0.0000463,,0.0000421,,0.0000322
"REMIND-MAgPIE 3.5-4.11","Low - SSP1","Pacific OECD (R10)","Capacity|Electricity|Gas","GW",1,80.85904699999999,,84.88573469999999,84.0589675,79.7918001,68.39456260000001,51.72854820000001,51.7761694,52.88687179999999,53.7408905,,48.0900175,,34.3690879,,23.7403691,,14.8476765
"REMIND-MAgPIE 3.5-4.11","Low - SSP1","Pacific OECD (R10)","Capacity|Electricity|Geothermal","GW",1,0.6256328,,0.7098,1.082134,1.7735438,2.7600399,3.8671814,4.812177299999999,5.411128400000001,6.0435529,,6.0435529,,6.0435529,,6.0435529,,6.0435529
"REMIND-MAgPIE 3.5-4.11","Low - SSP1","Pacific OECD (R10)","Capacity|Electricity|Hydro","GW",1,30.9879676,,32.6869971,35.3524305,38.5256,40.36004759999999,41.1124748,41.2164555,41.2164555,41.31414639999999,,41.31414639999999,,41.31414639999999,,41.31414639999999,,41.31414639999999
"REMIND-MAgPIE 3.5-4.11","Low - SSP1","Pacific OECD (R10)","Capacity|Electricity|Hydrogen","GW",1,0,,0,0.0002,0.0002,0.0002,0.0002214,0.0002144,0.0002,0.0002,,0.0002,,11.4849677,,16.2584683,,18.998014
"REMIND-MAgPIE 3.5-4.11","Low - SSP1","Pacific OECD (R10)","Capacity|Electricity|Nuclear","GW",1,38.0812121,,33.13501720000001,27.2976081,20.6439579,13.9937784,8.2165424,4.349404799999999,2.142143,0.8298692999999999,,0.3297555,,0.2272581,,0.077033,,0.0046593
"REMIND-MAgPIE 3.5-4.11","Low - SSP1","Pacific OECD (R10)","Capacity|Electricity|Oil","GW",1,25.0760445,,14.6116614,4.6886451,0.0001,0.0001491,0.0001952,0.000234,0.0002581,0.0002831000000000002,,0.0002827,,0.0001805,,0.0000776,,0
"REMIND-MAgPIE 3.5-4.11","Low - SSP1","Pacific OECD (R10)","Capacity|Electricity|Solar|CSP","GW",1,0,,0.00009,0.0005899000000000001,0.0010888,0.0015818,0.0020567,0.0024899,0.0028429,0.003308,,0.0033482,,0.0033377,,0.0033109,,0.0033852
"REMIND-MAgPIE 3.5-4.11","Low - SSP1","Pacific OECD (R10)","Capacity|Electricity|Solar|PV","GW",1,67.01110000000001,,99.04982690000001,173.0184342,283.1848543,393.5022516,473.6800014,487.1537226,464.5673381999999,434.1114516,,344.8378998,,329.3330253999999,,293.3199253,,260.5404283
"REMIND-MAgPIE 3.5-4.11","Low - SSP1","Pacific OECD (R10)","Capacity|Electricity|Wind|Offshore","GW",1,0.0882,,1.2011869,5.6023507,16.0088568,33.6979249,55.9160631,75.1902227,88.2513093,103.3884113,,106.5428402,,101.0588999,,88.37497529999999,,72.85887409999998
"REMIND-MAgPIE 3.5-4.11","Low - SSP1","Pacific OECD (R10)","Capacity|Electricity|Wind|Onshore","GW",1,3.78005,,5.29435,7.1102602,11.8673374,20.1935435,31.780714,41.5482865,48.09072830000001,56.3393794,,58.05832030000001,,55.06996030000001,,48.1581175,,39.70297830000001
"REMIND-MAgPIE 3.5-4.11","Low - SSP1","Reforming Economies (R10)","Capacity|Electricity|Biomass","GW",1,4.3450407,,7.152385799999998,9.663221599999998,10.4210802,10.154712,9.684222599999998,7.6010222,5.5060124,3.513731,,0.6775826999999991,,0.0003875,,0.0002577,,0.00015
"REMIND-MAgPIE 3.5-4.11","Low - SSP1","Reforming Economies (R10)","Capacity|Electricity|Coal","GW",1,59.5584,,56.0837585,50.66410070000001,28.5505988,12.7742114,2.5609,0.007760299999999999,0.0038205,0.001381,,0.0007490000000000001,,0.0003879999999999999,,0.0002602,,0.0001565
"REMIND-MAgPIE 3.5-4.11","Low - SSP1","Reforming Economies (R10)","Capacity|Electricity|Gas","GW",1,157.6400745,,180.7818582,212.685281,215.3254803,213.1928229,184.3325795,151.5697257,149.135917,161.0022196,,159.4574403000001,,154.447663,,149.1849252,,146.1642396
"REMIND-MAgPIE 3.5-4.11","Low - SSP1","Reforming Economies (R10)","Capacity|Electricity|Geothermal","GW",1,0.0949546,,0.1134,0.1621489,0.2144736,0.2570785,0.2882855,0.3013698,0.3013698,0.3013698,,0.3013698,,0.3013698,,0.3013698,,0.3013698
"REMIND-MAgPIE 3.5-4.11","Low - SSP1","Reforming Economies (R10)","Capacity|Electricity|Hydro","GW",1,76.89038049999999,,81.58577059999999,87.97066290000001,95.26750000000001,100.4252642,103.5262938,104.8397835,104.90891,105.915203,,105.915203,,105.915203,,105.915203,,105.915203
"REMIND-MAgPIE 3.5-4.11","Low - SSP1","Reforming Economies (R10)","Capacity|Electricity|Hydrogen","GW",1,0,,0,0.0002018,0.0002016,0.0002,0.0002,0.0002,0.0002,0.0002,,0.0002,,0.0002,,0.0002,,0.0002
"REMIND-MAgPIE 3.5-4.11","Low - SSP1","Reforming Economies (R10)","Capacity|Electricity|Nuclear","GW",1,42.4369819,,40.9676178,37.5052243,32.6452037,27.3924227,22.5976648,18.9753163,16.2314265,13.6676583,,8.093144500000001,,2.0276044,,0,,0
"REMIND-MAgPIE 3.5-4.11","Low - SSP1","Reforming Economies (R10)","Capacity|Electricity|Oil","GW",1,0.7419386,,0.4495695,0.1520669,0.0001,0.0001491,0.0001952,0.000234,0.0002581,0.0002831000000000002,,0.0002827,,0.0001805,,0.0000776,,0
"REMIND-MAgPIE 3.5-4.11","Low - SSP1","Reforming Economies (R10)","Capacity|Electricity|Solar|CSP","GW",1,0.341243999999999,,1.3653765,3.7986099,4.469359400000001,5.198131799999999,6.3863399,8.8169221,12.8283771,14.5729901,,15.1921267,,15.0447181,,14.6719292,,17.9323371
"REMIND-MAgPIE 3.5-4.11","Low - SSP1","Reforming Economies (R10)","Capacity|Electricity|Solar|PV","GW",1,8.61555,,33.6534567,152.4160647,460.97408,864.1171103999999,1197.6977973,1425.3110513,1559.7015904,1712.3421142,,1671.8065612,,1600.605216,,1540.0796834,,1530.1692359
"REMIND-MAgPIE 3.5-4.11","Low - SSP1","Reforming Economies (R10)","Capacity|Electricity|Wind|Offshore","GW",1,0,,0.00008,1.1270492,3.895119,9.6503836,19.7349795,32.90891280000001,46.4300716,65.4506722,,82.35481340000001,,91.44195710000001,,90.773602,,98.925344
"REMIND-MAgPIE 3.5-4.11","Low - SSP1","Reforming Economies (R10)","Capacity|Electricity|Wind|Onshore","GW",1,3.1426,,5.7030364,11.0014491,23.9515965,50.7813078,97.6771007,158.855353,222.3641267,313.4580903999999,,394.4158505,,417.6540608000001,,414.6509794,,395.2770184999999
"REMIND-MAgPIE 3.5-4.11","Low - SSP1","Rest of Asia (R10)","Capacity|Electricity|Biomass","GW",1,10.7406,,9.567412800000001,8.744899999999998,6.9258232,5.0593542,3.2310752,1.5938502,0.3673009,0.008894800000000001,,0.0003,,0.0000531,,0.0000258,,0.0000203
"REMIND-MAgPIE 3.5-4.11","Low - SSP1","Rest of Asia (R10)","Capacity|Electricity|Coal","GW",1,124.6203,,129.5722787,126.3898552,48.619095,0.9021620999999991,0.1666317,0.010423,0.008195,0.005551499999999001,,0.0004,,0.0000531,,0.0000258,,0.0000203
"REMIND-MAgPIE 3.5-4.11","Low - SSP1","Rest of Asia (R10)","Capacity|Electricity|Gas","GW",1,191.5124865,,222.9365698,277.9288881,351.521825,398.5898591,449.8480433,526.0824394,566.4602997999998,611.6609304,,629.7587769000002,,685.5759469000001,,546.310837,,388.8491903
"REMIND-MAgPIE 3.5-4.11","Low - SSP1","Rest of Asia (R10)","Capacity|Electricity|Geothermal","GW",1,5.442515599999999,,6.4988,7.840512899999999,8.968103699999999,9.8035624,10.4701223,10.8728947,10.915649,11.3025243,,11.3025243,,11.3025243,,11.3025243,,11.3025243
"REMIND-MAgPIE 3.5-4.11","Low - SSP1","Rest of Asia (R10)","Capacity|Electricity|Hydro","GW",1,76.94664190000002,,105.4722535,123.9873261,131.8756163,134.5223669,134.9964931,134.9964931,134.9964931,134.9964931,,134.9964931,,134.9964931,,134.9964931,,134.9964931
"REMIND-MAgPIE 3.5-4.11","Low - SSP1","Rest of Asia (R10)","Capacity|Electricity|Hydrogen","GW",1,0,,0,0.0002,0.0002,0.00021,0.0002071,0.0002,0.0002,0.0002,,0.0002,,0.0002,,187.6771484,,385.447577
"REMIND-MAgPIE 3.5-4.11","Low - SSP1","Rest of Asia (R10)","Capacity|Electricity|Nuclear","GW",1,26.6284065,,29.2958191,30.1960841,28.9444212,26.3958146,23.5215861,21.2795556,19.4560836,17.5882873,,12.8866004,,5.6930029,,1.1565164,,0.0374431
"REMIND-MAgPIE 3.5-4.11","Low - SSP1","Rest of Asia (R10)","Capacity|Electricity|Oil","GW",1,29.1944716,,19.0714568,7.046480799999999,0.0001,0.0001491,0.0001952,0.000234,0.0002581,0.0002831000000000002,,0.0002827,,0.0001805,,0.0000776,,0
"REMIND-MAgPIE 3.5-4.11","Low - SSP1","Rest of Asia (R10)","Capacity|Electricity|Solar|CSP","GW",1,0.004750000000000001,,0.004750000000000001,0.1125268,0.1512024,0.194157,0.2447404,0.2952488,0.332443099999999,0.3830886000000001,,0.4306338,,0.4721504,,0.503523899999999,,0.5285789
"REMIND-MAgPIE 3.5-4.11","Low - SSP1","Rest of Asia (R10)","Capacity|Electricity|Solar|PV","GW",1,36.38039999999999,,158.0778479,645.3370735,1596.6559044,2815.4755404,3929.6935879,4719.045023500001,5212.078732199999,5759.8346454,,6036.7461448,,6574.3903075,,7032.532970400001,,7417.820528700001
"REMIND-MAgPIE 3.5-4.11","Low - SSP1","Rest of Asia (R10)","Capacity|Electricity|Wind|Offshore","GW",1,0.597449999999999,,3.3850158,15.1740058,39.8050119,81.43402700000001,137.5241522,201.5804744,268.8933112999999,373.5206876,,509.7780523,,593.1884781000001,,650.3378865,,690.1015987999999
"REMIND-MAgPIE 3.5-4.11","Low - SSP1","Rest of Asia (R10)","Capacity|Electricity|Wind|Onshore","GW",1,7.26915,,24.81498570000001,49.91368719999999,102.0995811,189.7106546999999,306.7902157999999,439.2006799,578.37678,803.4253119,,1096.5084514,,1275.9203277,,1398.845999,,1484.3758611
"REMIND-MAgPIE 3.5-4.11","Low - SSP1","World","Capacity|Electricity|Biomass","GW",1,124.1078217,,128.1842263,133.3921673,116.6216728,93.50125680000001,68.05766530000001,42.6162812,23.8508366,10.6381737,,1.6289658,,0.0011436,,0.0006092,,0.0004204
"REMIND-MAgPIE 3.5-4.11","Low - SSP1","World","Capacity|Electricity|Coal","GW",1,2044.3096208,,2026.9697505,1614.5164452,680.1504100999999,197.3340469,26.2123021,5.843270400000002,4.231792300000001,3.1189443,,0.2451568,,0.002697,,0.0018271,,0.0010205
"REMIND-MAgPIE 3.5-4.11","Low - SSP1","World","Capacity|Electricity|Gas","GW",1,1984.9548159,,2148.3620825,2222.2078863,2418.7885044,2834.6543808,3152.865313300001,3431.5486095,3632.8785183,3882.9573864,,3634.7671392,,3180.011446500001,,2490.5175371,,1713.4305651
"REMIND-MAgPIE 3.5-4.11","Low - SSP1","World","Capacity|Electricity|Geothermal","GW",1,17.29866,,20.6150285,24.96673449999999,28.4858543,30.9887673,32.89907030000001,34.27596270000001,34.91766799999999,35.9926775,,35.9926775,,35.9926775,,35.9926775,,35.9926775
"REMIND-MAgPIE 3.5-4.11","Low - SSP1","World","Capacity|Electricity|Hydro","GW",1,1267.3466636,,1409.8928042,1536.4428028,1657.6937755,1699.9973613,1713.9303263,1718.6764137,1720.0355605,1724.3401452,,1724.3401452,,1724.3401452,,1724.3401452,,1724.3401452
"REMIND-MAgPIE 3.5-4.11","Low - SSP1","World","Capacity|Electricity|Hydrogen","GW",1,0,,0,0.0024018,0.0024016,0.0025029,0.0025384,0.0025024,0.0024288,0.0024,,277.4588793999999,,892.4964736000001,,1643.6947228,,2521.7165762
"REMIND-MAgPIE 3.5-4.11","Low - SSP1","World","Capacity|Electricity|Nuclear","GW",1,412.9798725,,400.7240476,374.6992843,333.619303,282.9322735,233.3167405,191.4274982,162.3125074,139.7543399,,109.2719192,,83.34916320000002,,76.48509,,75.2921024
"REMIND-MAgPIE 3.5-4.11","Low - SSP1","World","Capacity|Electricity|Oil","GW",1,229.5826915,,143.4574664,50.3886501,0.0012,0.001789,0.0023423,0.0028078,0.0030974,0.0033971,,0.0033922,,0.0021661,,0.0009310999999999998,,0
"REMIND-MAgPIE 3.5-4.11","Low - SSP1","World","Capacity|Electricity|Solar|CSP","GW",1,6.534543999999999,,12.8164525,28.0512477,34.26573820000002,40.6396628,51.5597413,76.63254799999999,120.2315253,140.5166715,,153.5188208,,168.5805387,,179.1156935,,229.4529186
"REMIND-MAgPIE 3.5-4.11","Low - SSP1","World","Capacity|Electricity|Solar|PV","GW",1,759.3656499999998,,2444.0880196,6506.675511400001,13340.4195267,20477.8080752,26040.545187,29762.8995172,31897.4632016,34298.8285685,,35390.8401843,,38060.9684759,,39710.6280099,,41661.35894730001
"REMIND-MAgPIE 3.5-4.11","Low - SSP1","World","Capacity|Electricity|Wind|Offshore","GW",1,42.63795,,105.4577064,215.7427241,372.2357389999999,566.1160481,772.4932358,969.8147301,1159.2480604,1472.9316716,,1899.7954094,,2252.0729482,,2492.1634729,,2653.5062424
"REMIND-MAgPIE 3.5-4.11","Low - SSP1","World","Capacity|Electricity|Wind|Onshore","GW",1,683.3241907999999,,1155.1462166,1780.5939924,2654.3474456,3637.216172200001,4645.7312229,5564.2634297,6418.9646899,7914.400157499999,,9234.707219599999,,9949.402624399998,,10245.2447984,,10323.6527036
"REMIND-MAgPIE 3.5-4.11","Medium-to-Low - SSP1","Africa (R10)","Capacity|Electricity|Biomass","GW",1,1.377,,1.2718661,1.2386893,1.1775637,1.0742391,0.8429637,0.605471099999999,0.3674194,0.156058,,0.0004959,,0.0001864,,0.0000467,,0.0000138
"REMIND-MAgPIE 3.5-4.11","Medium-to-Low - SSP1","Africa (R10)","Capacity|Electricity|Coal","GW",1,39.1032,,34.4884556,29.5712422,24.3495875,17.7806944,4.437607100000001,0.0380882,0.017825,0.007611,,0.001058,,0.0007224000000000001,,0.0004921000000000001,,0.0002045
"REMIND-MAgPIE 3.5-4.11","Medium-to-Low - SSP1","Africa (R10)","Capacity|Electricity|Gas","GW",1,27.799935,,46.0014724,73.7863559,100.3309405,135.9819495,192.3355583,245.5207663,298.7095266,360.1394113,,490.6438635000001,,650.9811570999999,,788.1565989,,928.487406
"REMIND-MAgPIE 3.5-4.11","Medium-to-Low - SSP1","Africa (R10)","Capacity|Electricity|Geothermal","GW",1,0.6725647999999991,,0.8971676999999991,1.1174367,1.2821306,1.3819363,1.4157125,1.4157125,1.4157125,1.4157125,,1.4157125,,1.4157125,,1.4157125,,1.4157125
"REMIND-MAgPIE 3.5-4.11","Medium-to-Low - SSP1","Africa (R10)","Capacity|Electricity|Hydro","GW",1,25.7518871,,30.3566355,34.76894060000001,38.03951790000001,40.2537175,41.46613780000001,41.93185039999999,41.93185039999999,41.93185039999999,,41.93185039999999,,41.93185039999999,,41.93185039999999,,41.93185039999999
"REMIND-MAgPIE 3.5-4.11","Medium-to-Low - SSP1","Africa (R10)","Capacity|Electricity|Hydrogen","GW",1,0,,0,0.0002,0.0002,0.0002,0.0002,0.0002,0.0002,0.0002,,0.0002,,0.0002,,0.0002,,0.0002
"REMIND-MAgPIE 3.5-4.11","Medium-to-Low - SSP1","Africa (R10)","Capacity|Electricity|Nuclear","GW",1,1.7442,,1.7484116,1.86,1.8739556,1.86,1.86,1.86,1.86,1.86,,1.86,,1.86,,1.86,,1.86
"REMIND-MAgPIE 3.5-4.11","Medium-to-Low - SSP1","Africa (R10)","Capacity|Electricity|Oil","GW",1,2.8002376,,1.7513314,0.6158468,0.0001,0.0001491,0.0001952,0.000234,0.0002581,0.0002831000000000002,,0.0002827,,0.0001805,,0.0000776,,0
"REMIND-MAgPIE 3.5-4.11","Medium-to-Low - SSP1","Africa (R10)","Capacity|Electricity|Solar|CSP","GW",1,0.456,,0.699409899999999,1.1844657,1.7959727,2.6317606,4.195897499999999,7.740249000000001,13.9955339,18.9295552,,27.0662309,,36.93576090000001,,45.4845397,,62.6899957
"REMIND-MAgPIE 3.5-4.11","Medium-to-Low - SSP1","Africa (R10)","Capacity|Electricity|Solar|PV","GW",1,5.48205,,25.5131674,119.4801307,330.1539677,663.4783809000002,1161.6769477,1759.2475665,2334.7480685,3105.8580077,,4539.8958481,,6669.443803199999,,8495.1904398,,10419.466446
"REMIND-MAgPIE 3.5-4.11","Medium-to-Low - SSP1","Africa (R10)","Capacity|Electricity|Wind|Offshore","GW",1,0,,0.3310086,1.8795494,4.5662408,9.0578143,16.5094916,27.7481333,42.9867362,73.6565907,,149.9174116,,258.2529616,,363.2746578,,467.7928465
"REMIND-MAgPIE 3.5-4.11","Medium-to-Low - SSP1","Africa (R10)","Capacity|Electricity|Wind|Onshore","GW",1,3.58155,,9.493482600000002,21.9822894,43.4825342,79.17775189999999,138.474465,228.2770379,347.053752,561.5478181999999,,958.1067058,,1417.6577218,,1805.2505016,,2165.4673967
"REMIND-MAgPIE 3.5-4.11","Medium-to-Low - SSP1","China+ (R10)","Capacity|Electricity|Biomass","GW",1,12.2796,,11.8764386,11.3226222,9.235012399999999,7.069854599999999,4.9000862,2.8915276,1.2538014,0.1913883,,0.0003,,0.00007240000000000001,,0.0000648,,0.0000483
"REMIND-MAgPIE 3.5-4.11","Medium-to-Low - SSP1","China+ (R10)","Capacity|Electricity|Coal","GW",1,1078.8081404,,1164.0203239,958.2989016000001,583.128697,286.2883138999999,55.3979508,4.7561028,0.4992629,0.4070702,,0.1090831,,0,,0,,0
"REMIND-MAgPIE 3.5-4.11","Medium-to-Low - SSP1","China+ (R10)","Capacity|Electricity|Gas","GW",1,131.371,,182.2588688,227.7518789,359.6637704,550.4024066999999,689.1372668999999,722.3403190999999,709.7221734,689.6903103000001,,607.3002930999999,,560.2559239,,487.4156138,,350.4566369999999
"REMIND-MAgPIE 3.5-4.11","Medium-to-Low - SSP1","China+ (R10)","Capacity|Electricity|Geothermal","GW",1,0.0385698,,0.0462,0.1807406,0.3183826,0.3730588,0.3730588,0.3730588,0.3730588,0.3730588,,0.3730588,,0.3730588,,0.3730588,,0.3730588
"REMIND-MAgPIE 3.5-4.11","Medium-to-Low - SSP1","China+ (R10)","Capacity|Electricity|Hydro","GW",1,352.4729753,,413.5979123999999,446.8803033999999,461.9853136999999,467.0771458999999,467.8946373,467.8946373,467.8946373,467.8946373,,467.8946373,,467.8946373,,467.8946373,,467.8946373
"REMIND-MAgPIE 3.5-4.11","Medium-to-Low - SSP1","China+ (R10)","Capacity|Electricity|Hydrogen","GW",1,0,,0,0.0002,0.0002,0.0002,0.0002,0.0002,0.0002,0.0002,,0.0002,,0.0002,,0.0002,,74.1094148
"REMIND-MAgPIE 3.5-4.11","Medium-to-Low - SSP1","China+ (R10)","Capacity|Electricity|Nuclear","GW",1,48.9869612,,68.98396960000002,85.3185924,94.94354940000002,99.09444620000001,99.2074163,96.7582186,92.53381,86.87852409999999,,71.41367590000002,,60,,60,,60
"REMIND-MAgPIE 3.5-4.11","Medium-to-Low - SSP1","China+ (R10)","Capacity|Electricity|Oil","GW",1,15.8180276,,10.7677317,4.1528277,0.0001,0.0001491,0.0001952,0.000234,0.0002581,0.0002831000000000002,,0.0002827,,0.0001805,,0.0000776,,0
"REMIND-MAgPIE 3.5-4.11","Medium-to-Low - SSP1","China+ (R10)","Capacity|Electricity|Solar|CSP","GW",1,0.4237,,0.931,0.9268542999999999,0.9099807,0.8643094000000001,0.7671542,0.5878618,0.5570217000000001,0.567318099999999,,0.5394806,,0.508061,,0.4653743,,0.435223
"REMIND-MAgPIE 3.5-4.11","Medium-to-Low - SSP1","China+ (R10)","Capacity|Electricity|Solar|PV","GW",1,286.1166,,1056.2523786,2267.628435,3639.7607922,4807.700453099999,5513.1907848,5659.6371605,5535.5299968,5322.4486541,,4669.3316176,,4393.780417199999,,3939.3797197,,3539.2355943
"REMIND-MAgPIE 3.5-4.11","Medium-to-Low - SSP1","China+ (R10)","Capacity|Electricity|Wind|Offshore","GW",1,16.30335,,42.02135000000001,69.03091370000001,99.64119570000001,128.7531165,155.1500512,171.2024084,182.6180909,209.1112373,,250.3302099,,267.2353888,,271.4033689999999,,302.4905216999999
"REMIND-MAgPIE 3.5-4.11","Medium-to-Low - SSP1","China+ (R10)","Capacity|Electricity|Wind|Onshore","GW",1,251.6439817,,473.499831,717.0647081,981.8692386999999,1215.125058,1446.4813009,1613.4432612,1729.8104616,1980.7610749,,2035.0215335,,1816.1579207,,1551.1187902,,1368.2770869
"REMIND-MAgPIE 3.5-4.11","Medium-to-Low - SSP1","Europe (R10)","Capacity|Electricity|Biomass","GW",1,33.4926,,34.91887250000001,35.35967330000001,26.930373,18.4810946,10.6762852,4.762900700000001,1.046596,0.158154,,0.0109792,,0.0001215,,0.00008030000000000001,,0.0000649
"REMIND-MAgPIE 3.5-4.11","Medium-to-Low - SSP1","Europe (R10)","Capacity|Electricity|Coal","GW",1,137.7351,,49.2386388,12.9617915,0.8534514000000001,0.182346099999999,0.1213485,0.09979249999999999,0.07931010000000001,0.0565844,,0.0011227,,0.0005300000000000001,,0.0004137000000000001,,0.0001429
"REMIND-MAgPIE 3.5-4.11","Medium-to-Low - SSP1","Europe (R10)","Capacity|Electricity|Gas","GW",1,293.0262269,,289.1104527,165.9973199,187.3705933,227.2779994,252.9561239,267.0858277,276.4578602,291.3430134,,280.2996338,,276.8231276,,250.1261041,,202.0141738
"REMIND-MAgPIE 3.5-4.11","Medium-to-Low - SSP1","Europe (R10)","Capacity|Electricity|Geothermal","GW",1,2.9686756,,3.9568328,5.219167699999999,6.1775002,6.699916700000001,6.871308399999998,6.871308399999998,6.871308399999998,6.9322091,,6.9322091,,6.9322091,,6.9322091,,6.9322091
"REMIND-MAgPIE 3.5-4.11","Medium-to-Low - SSP1","Europe (R10)","Capacity|Electricity|Hydro","GW",1,220.1095889,,232.7643075,241.6191,242.8473927,242.8473927,242.8473927,242.8473927,242.8473927,242.8473927,,242.8473927,,242.8473927,,242.8473927,,242.8473927
"REMIND-MAgPIE 3.5-4.11","Medium-to-Low - SSP1","Europe (R10)","Capacity|Electricity|Hydrogen","GW",1,0,,0,0.0004,0.0004,0.0004029,0.0004071,0.0004,0.0004,0.0004,,0.0004,,0.0004,,0.0004,,23.7757667
"REMIND-MAgPIE 3.5-4.11","Medium-to-Low - SSP1","Europe (R10)","Capacity|Electricity|Nuclear","GW",1,124.8468993,,108.3841297,88.9266655,66.84379440000001,44.9140777,26.0265543,13.3868275,5.937808000000001,1.439732,,0.004414599999999,,0,,0,,0
"REMIND-MAgPIE 3.5-4.11","Medium-to-Low - SSP1","Europe (R10)","Capacity|Electricity|Oil","GW",1,28.3264211,,16.7362377,5.474174600000001,0.0002,0.0002982,0.0003904,0.000468,0.0005162,0.0005662000000000002,,0.0005654,,0.000361,,0.0001552,,0
"REMIND-MAgPIE 3.5-4.11","Medium-to-Low - SSP1","Europe (R10)","Capacity|Electricity|Solar|CSP","GW",1,2.1964,,2.1964,2.3423751,2.3464538,2.3504807,2.3527283,2.3541447,2.354878299999999,2.3564694,,2.3546627,,2.3538364,,2.3518802,,2.349529
"REMIND-MAgPIE 3.5-4.11","Medium-to-Low - SSP1","Europe (R10)","Capacity|Electricity|Solar|PV","GW",1,171.0487,,368.388957,948.7605661,1388.5631575,1730.4889768,1927.0756288,2019.2692992,2070.555286,2131.6437017,,1968.2173292,,1914.9867437,,1727.1929348,,1593.31727
"REMIND-MAgPIE 3.5-4.11","Medium-to-Low - SSP1","Europe (R10)","Capacity|Electricity|Wind|Offshore","GW",1,25.61665,,54.5004604,95.93083550000001,143.4744386,195.512344,253.7366721,315.3056748,346.4932373,383.5528235,,375.9705189,,338.2787655,,322.6544075,,320.9034147
"REMIND-MAgPIE 3.5-4.11","Medium-to-Low - SSP1","Europe (R10)","Capacity|Electricity|Wind|Onshore","GW",1,190.3723591,,276.1596521,398.058146,500.1789503,571.8091456999999,627.3107613999998,662.9249378000001,693.9097677,786.3470438,,849.7592046000001,,860.8786847,,793.0993818000001,,695.5556212
"REMIND-MAgPIE 3.5-4.11","Medium-to-Low - SSP1","India+ (R10)","Capacity|Electricity|Biomass","GW",1,9.2106,,8.118648899999998,6.640524699999999,5.120224299999999,3.5850413,2.1130203,0.8435016999999999,0.6218752000000001,0.0199986,,0.0003,,0.0000531,,0.0000258,,0.0000203
"REMIND-MAgPIE 3.5-4.11","Medium-to-Low - SSP1","India+ (R10)","Capacity|Electricity|Coal","GW",1,247.6141594,,303.1344567,328.8663038,318.332628,233.986279,122.1783811,3.0427352,1.7644926,0.6047001,,0.0004,,0.0000525,,0.0000233,,0.0000138
"REMIND-MAgPIE 3.5-4.11","Medium-to-Low - SSP1","India+ (R10)","Capacity|Electricity|Gas","GW",1,35.3031077,,43.9134526,68.55517609999998,114.8078589,211.4242791,341.6277387,466.9754261,531.780288,597.2894003000001,,629.6725376,,680.5766974,,711.0540423,,598.5538289
"REMIND-MAgPIE 3.5-4.11","Medium-to-Low - SSP1","India+ (R10)","Capacity|Electricity|Geothermal","GW",1,0.0238568,,0.051452,0.0826074,0.090558599999999,0.090558599999999,0.090558599999999,0.090558599999999,0.090558599999999,0.090558599999999,,0.090558599999999,,0.090558599999999,,0.090558599999999,,0.090558599999999
"REMIND-MAgPIE 3.5-4.11","Medium-to-Low - SSP1","India+ (R10)","Capacity|Electricity|Hydro","GW",1,52.4028656,,55.56130090000001,57.4454897,58.0210725,58.0441965,58.0441965,58.0441965,58.0441965,58.0441965,,58.0441965,,58.0441965,,58.0441965,,58.0441965
"REMIND-MAgPIE 3.5-4.11","Medium-to-Low - SSP1","India+ (R10)","Capacity|Electricity|Hydrogen","GW",1,0,,0,0.0002,0.0002,0.0002,0.0002,0.0002142,0.0002,0.0002,,0.0002,,0.0002,,0.0002,,126.1492083
"REMIND-MAgPIE 3.5-4.11","Medium-to-Low - SSP1","India+ (R10)","Capacity|Electricity|Nuclear","GW",1,8.0428961,,10.1861452,11.3091239,11.3891539,10.9770284,10.4622621,9.903738800000001,9.2309095,8.3361944,,5.5299731,,2.154713,,0,,0
"REMIND-MAgPIE 3.5-4.11","Medium-to-Low - SSP1","India+ (R10)","Capacity|Electricity|Oil","GW",1,4.6963619,,3.0842381,1.1461457,0.0001,0.0001491,0.0001952,0.000234,0.0002581,0.0002831000000000002,,0.0002827,,0.0001805,,0.0000776,,0
"REMIND-MAgPIE 3.5-4.11","Medium-to-Low - SSP1","India+ (R10)","Capacity|Electricity|Solar|CSP","GW",1,0.357,,1.4933903,5.582951,7.3769585,9.221861599999997,12.5762761,19.9101676,32.58756139999999,38.0313724,,41.29994550000001,,44.00519970000001,,46.1419468,,58.9366447
"REMIND-MAgPIE 3.5-4.11","Medium-to-Low - SSP1","India+ (R10)","Capacity|Electricity|Solar|PV","GW",1,44.982,,206.2840995,743.7175394,1512.840527,2444.609829,3512.0140861,4515.981787399999,5189.783287599999,5856.954776999999,,6164.7989486,,6690.6434114,,7055.8836469,,7297.8592528
"REMIND-MAgPIE 3.5-4.11","Medium-to-Low - SSP1","India+ (R10)","Capacity|Electricity|Wind|Offshore","GW",1,0,,0.9975640999999991,6.367408899999999,14.7027537,26.4534874,42.42163,61.420478,79.2255404,104.2248297,,124.3691896,,143.903495,,178.866743,,232.668281
"REMIND-MAgPIE 3.5-4.11","Medium-to-Low - SSP1","India+ (R10)","Capacity|Electricity|Wind|Onshore","GW",1,40.6035,,76.9286452,136.3044521,226.7263031,351.3057477,522.0683949,727.5758523000001,922.3499668999999,1213.3936573,,1447.9158787,,1476.4622908,,1521.4358218,,1581.5983101
"REMIND-MAgPIE 3.5-4.11","Medium-to-Low - SSP1","Latin America (R10)","Capacity|Electricity|Biomass","GW",1,19.48859999999999,,19.2712504,18.7459003,17.7786614,16.1514941,13.6970541,9.049025099999998,4.796953999999999,1.5425952,,0.0027871,,0.0001299,,0.0000422,,0.0000322
"REMIND-MAgPIE 3.5-4.11","Medium-to-Low - SSP1","Latin America (R10)","Capacity|Electricity|Coal","GW",1,16.3071,,15.3040012,10.0639016,9.121171599999997,7.1215673,0.972667699999999,0.8588142000000001,0.708983599999999,0.5218191999999999,,0.0188538,,0.000335,,0.0002344,,0.0001362
"REMIND-MAgPIE 3.5-4.11","Medium-to-Low - SSP1","Latin America (R10)","Capacity|Electricity|Gas","GW",1,102.3606,,99.66531769999999,98.80018630000001,108.7029532,140.8511236,203.1323584,246.4202967,267.637677,285.8397495,,264.7291591999999,,261.5513356,,253.5541805,,230.6415781
"REMIND-MAgPIE 3.5-4.11","Medium-to-Low - SSP1","Latin America (R10)","Capacity|Electricity|Geothermal","GW",1,2.375946299999999,,2.5508,2.7198507,2.7597588,2.7597588,2.766237,2.7792057,2.7792057,2.7792057,,2.7792057,,2.7792057,,2.7792057,,2.7792057
"REMIND-MAgPIE 3.5-4.11","Medium-to-Low - SSP1","Latin America (R10)","Capacity|Electricity|Hydro","GW",1,211.7261091,,226.5998085,239.8058,248.0600503,252.4545527,253.8520779,253.8520779,253.8520779,255.4870921,,255.4870921,,255.4870921,,255.4870921,,255.4870921
"REMIND-MAgPIE 3.5-4.11","Medium-to-Low - SSP1","Latin America (R10)","Capacity|Electricity|Hydrogen","GW",1,0,,0,0.0002,0.0002,0.0002029,0.0002,0.0002,0.0002,0.0002,,0.0002,,0.0002,,0.0002,,0.0002
"REMIND-MAgPIE 3.5-4.11","Medium-to-Low - SSP1","Latin America (R10)","Capacity|Electricity|Nuclear","GW",1,5.528611199999999,,5.335185299999999,4.826084899999999,4.209749500000001,3.5766012,2.9934864,2.5333651,2.1583468,0.7131443,,0.3594157,,0,,0,,0
"REMIND-MAgPIE 3.5-4.11","Medium-to-Low - SSP1","Latin America (R10)","Capacity|Electricity|Oil","GW",1,38.8822747,,24.4229518,8.6316148,0.0001,0.0001491,0.0001952,0.000234,0.0002581,0.0002831000000000002,,0.0002827,,0.0001805,,0.0000776,,0
"REMIND-MAgPIE 3.5-4.11","Medium-to-Low - SSP1","Latin America (R10)","Capacity|Electricity|Solar|CSP","GW",1,0.063,,0.8725514999999999,3.1169322,4.0696818,5.106811799999999,6.7250513,10.2839241,16.214387,18.3221799,,19.01380440000001,,19.4346033,,18.9710002,,23.1640902
"REMIND-MAgPIE 3.5-4.11","Medium-to-Low - SSP1","Latin America (R10)","Capacity|Electricity|Solar|PV","GW",1,25.2415,,108.0735138,381.8246171,851.7691250999999,1376.4493177,1876.7349227,2239.760281599999,2435.7023104,2614.0069836,,2448.8262099,,2412.284623699999,,2345.7394977,,2152.3159981
"REMIND-MAgPIE 3.5-4.11","Medium-to-Low - SSP1","Latin America (R10)","Capacity|Electricity|Wind|Offshore","GW",1,0,,0.7928972,5.2037249,12.3723414,22.9122774,37.37798069999999,55.0667942,73.70623340000002,102.6518033,,137.0959315,,150.8501074,,146.1188272,,138.7489028
"REMIND-MAgPIE 3.5-4.11","Medium-to-Low - SSP1","Latin America (R10)","Capacity|Electricity|Wind|Onshore","GW",1,32.30759999999999,,51.7503,66.6469418,89.3303964,120.1140155,162.881853,216.2193002,278.4129665,387.7500143999999,,517.8569467999998,,569.8110449999999,,551.9394255999999,,524.1007691
"REMIND-MAgPIE 3.5-4.11","Medium-to-Low - SSP1","Middle East (R10)","Capacity|Electricity|Biomass","GW",1,0.3384,,0.3299261,0.3512,0.3316225,0.3035045,0.2633994,0.1782906,0.09356060000000001,0.031195,,0.0035755,,0.0000463,,0.0000421,,0.0000322
"REMIND-MAgPIE 3.5-4.11","Medium-to-Low - SSP1","Middle East (R10)","Capacity|Electricity|Coal","GW",1,8.4618,,4.289051700000001,1.7110186,1.495249,0.09266450000000001,0.0734625,0.0623054,0.04929260000000001,0.0341705,,0.0010454,,0.0004347,,0.000331,,0.0002205
"REMIND-MAgPIE 3.5-4.11","Medium-to-Low - SSP1","Middle East (R10)","Capacity|Electricity|Gas","GW",1,372.1565868,,426.9382853999999,491.7319959999999,543.7033217000001,588.1335260999999,631.2325957999999,555.7638869000001,537.2310761,548.9195923999999,,508.3122321,,469.9478378,,488.3351126999999,,507.9649777
"REMIND-MAgPIE 3.5-4.11","Medium-to-Low - SSP1","Middle East (R10)","Capacity|Electricity|Geothermal","GW",1,0.1202432,,0.189176,0.2723394,0.3403484,0.3730588,0.3730588,0.3730588,0.3730588,0.3730588,,0.3730588,,0.3730588,,0.3730588,,0.3730588
"REMIND-MAgPIE 3.5-4.11","Medium-to-Low - SSP1","Middle East (R10)","Capacity|Electricity|Hydro","GW",1,21.8577953,,25.1112142,27.5495,27.9155127,27.9155127,27.9155127,27.9155127,27.9155127,27.9155127,,27.9155127,,27.9155127,,27.9155127,,27.9155127
"REMIND-MAgPIE 3.5-4.11","Medium-to-Low - SSP1","Middle East (R10)","Capacity|Electricity|Hydrogen","GW",1,0,,0,0.0002,0.0002,0.0002,0.0002,0.0002,0.0002,0.0002,,0.0002,,0.0002,,0.0002,,0.0002
"REMIND-MAgPIE 3.5-4.11","Medium-to-Low - SSP1","Middle East (R10)","Capacity|Electricity|Nuclear","GW",1,2.1392891,,2.481127,2.5482086,2.533337700000001,2.5016079,2.4428803,2.3445037,2.1913145,0,,0,,0,,0,,0
"REMIND-MAgPIE 3.5-4.11","Medium-to-Low - SSP1","Middle East (R10)","Capacity|Electricity|Oil","GW",1,56.18229220000001,,36.2767942,13.233033,0.0001,0.0001491,0.0001952,0.000234,0.0002581,0.0002831000000000002,,0.0002827,,0.0001805,,0.0000776,,0
"REMIND-MAgPIE 3.5-4.11","Medium-to-Low - SSP1","Middle East (R10)","Capacity|Electricity|Solar|CSP","GW",1,0.962349999999999,,1.8215182,3.4789304,4.8516582,6.299375,8.400685800000002,12.579639,19.21273219999999,22.5246018,,23.9188514,,25.5674895,,27.5901607,,34.16630420000001
"REMIND-MAgPIE 3.5-4.11","Medium-to-Low - SSP1","Middle East (R10)","Capacity|Electricity|Solar|PV","GW",1,10.8381,,61.10817990000001,307.0138789,901.5890337000001,1701.4547416,2647.2902996,3531.446649099999,4152.8878297,4706.1276143,,4577.3429519,,4361.6430531,,4531.999385599999,,4715.595146600001
"REMIND-MAgPIE 3.5-4.11","Medium-to-Low - SSP1","Middle East (R10)","Capacity|Electricity|Wind|Offshore","GW",1,0,,0.00009,0.2427632,0.6748445,1.5200257,3.4580871,7.8843696,16.006125,33.9052427,,80.82929560000001,,144.8014218,,168.8905144,,171.1910608
"REMIND-MAgPIE 3.5-4.11","Medium-to-Low - SSP1","Middle East (R10)","Capacity|Electricity|Wind|Onshore","GW",1,3.814249999999999,,6.431500000000001,10.2372254,16.93573749999999,30.1317668,61.64635200000001,123.3815324,214.2466022,370.5926168,,629.8885011,,903.5742149,,1075.6322659,,1110.2492481
"REMIND-MAgPIE 3.5-4.11","Medium-to-Low - SSP1","North America (R10)","Capacity|Electricity|Biomass","GW",1,18.3942339,,17.670141,16.44663949999999,14.5526841,11.7487783,6.9824375,3.5917702,1.6782236,0.626983699999999,,0.0003,,0.00004540000000000001,,0.00003820000000000001,,0.0000221
"REMIND-MAgPIE 3.5-4.11","Medium-to-Low - SSP1","North America (R10)","Capacity|Electricity|Coal","GW",1,259.588421,,217.8087998,119.5720349,92.13829879999999,65.40089950000001,29.1649702,2.4833698,2.1090131,1.5714804,,0.079053,,0.000335,,0.0002344,,0.0001362
"REMIND-MAgPIE 3.5-4.11","Medium-to-Low - SSP1","North America (R10)","Capacity|Electricity|Gas","GW",1,550.9803515000001,,532.933284,487.6005907,361.9606132,314.4760743999999,277.6531257,295.2666415,294.8930478999999,294.7646713,,254.2352085,,230.6058797,,235.8401409,,244.4593464
"REMIND-MAgPIE 3.5-4.11","Medium-to-Low - SSP1","North America (R10)","Capacity|Electricity|Geothermal","GW",1,3.5882,,3.815,4.064983899999999,4.1186074,4.1186074,4.1186074,4.1186074,4.1186074,4.1186074,,4.1186074,,4.1186074,,4.1186074,,4.1186074
"REMIND-MAgPIE 3.5-4.11","Medium-to-Low - SSP1","North America (R10)","Capacity|Electricity|Hydro","GW",1,109.7390259,,112.9739282,114.2626,114.2626,114.2626,114.2626,114.2626,114.2626,114.2626,,114.2626,,114.2626,,114.2626,,114.2626
"REMIND-MAgPIE 3.5-4.11","Medium-to-Low - SSP1","North America (R10)","Capacity|Electricity|Hydrogen","GW",1,0,,0,0.0002,0.0002,0.000225,0.0002221,0.0002149,0.0002,0.0002,,0.0002365,,0.00022,,0.0002,,0.0002496
"REMIND-MAgPIE 3.5-4.11","Medium-to-Low - SSP1","North America (R10)","Capacity|Electricity|Nuclear","GW",1,101.9425666,,88.9524509,73.2695601,55.4663744,37.7777688,22.5260742,12.2871639,6.3877707,1.1166201,,0,,0,,0,,0
"REMIND-MAgPIE 3.5-4.11","Medium-to-Low - SSP1","North America (R10)","Capacity|Electricity|Oil","GW",1,24.7957899,,14.4866867,4.665786399999999,0.0001,0.0001491,0.0001952,0.000234,0.0002581,0.0002831000000000002,,0.0002827,,0.0001805,,0.0000776,,0
"REMIND-MAgPIE 3.5-4.11","Medium-to-Low - SSP1","North America (R10)","Capacity|Electricity|Solar|CSP","GW",1,1.72725,,3.4291162,7.617973399999999,8.0229156,8.262071099999998,8.5841012,11.4435713,17.759707,18.6997055,,17.662038,,16.7381648,,16.8294132,,19.7846773
"REMIND-MAgPIE 3.5-4.11","Medium-to-Low - SSP1","North America (R10)","Capacity|Electricity|Solar|PV","GW",1,81.39495000000001,,264.9772316999999,685.5490835,1332.4009973,1928.2645157,2338.8197014,2449.262629899999,2434.465563,2398.9261727,,2063.6971255,,1913.2077118,,1978.3003686,,2051.9499116
"REMIND-MAgPIE 3.5-4.11","Medium-to-Low - SSP1","North America (R10)","Capacity|Electricity|Wind|Offshore","GW",1,0.0323,,1.896008,10.2872537,21.3770962,35.157232,51.79226120000001,66.9534208,79.208869,99.05097769999999,,132.3235181,,151.6145893,,151.6132329,,153.2541726
"REMIND-MAgPIE 3.5-4.11","Medium-to-Low - SSP1","North America (R10)","Capacity|Electricity|Wind|Onshore","GW",1,124.0785,,192.5318548,245.6010621,308.3002434,374.2630343999999,463.4359946999999,538.2882929000001,598.9124237999998,714.4679847999998,,733.475185,,670.8816753,,646.2110704,,657.5440107
"REMIND-MAgPIE 3.5-4.11","Medium-to-Low - SSP1","Other (R10)","Capacity|Electricity|Biomass","GW",1,3.5613012,,3.7224951,3.529,3.2113974,2.3149882,1.4554983,0.8046909000000001,0.3843746,0.1346997,,0.0003,,0.0000463,,0.0000421,,0.0000322
"REMIND-MAgPIE 3.5-4.11","Medium-to-Low - SSP1","Other (R10)","Capacity|Electricity|Coal","GW",1,28.8153,,12.7490804,0.9696007,0.9549982,0.9289767999999999,0.883472199999999,0.8087146000000001,0.693286299999999,0.5214395,,0.0336498,,0.0004689,,0.0002344,,0.0001362
"REMIND-MAgPIE 3.5-4.11","Medium-to-Low - SSP1","Other (R10)","Capacity|Electricity|Gas","GW",1,41.9454,,38.9367862,34.38444019999999,22.5546451,23.4419489,30.9080996,34.85406829999999,34.2396886,32.29197660000001,,26.6539386,,23.5715002,,21.9699085,,19.851701
"REMIND-MAgPIE 3.5-4.11","Medium-to-Low - SSP1","Other (R10)","Capacity|Electricity|Geothermal","GW",1,1.3475007,,1.7864,2.1462669,2.3379927,2.406249399999999,2.406249399999999,2.406249399999999,2.406249399999999,2.406249399999999,,2.406249399999999,,2.406249399999999,,2.406249399999999,,2.406249399999999
"REMIND-MAgPIE 3.5-4.11","Medium-to-Low - SSP1","Other (R10)","Capacity|Electricity|Hydro","GW",1,88.46142630000001,,93.18267589999999,96.99190000000002,97.9551127,97.9551127,97.9551127,97.9551127,97.9551127,98.3670962,,98.3670962,,98.3670962,,98.3670962,,98.3670962
"REMIND-MAgPIE 3.5-4.11","Medium-to-Low - SSP1","Other (R10)","Capacity|Electricity|Hydrogen","GW",1,0,,0,0.0002,0.0002,0.00021,0.0002071,0.0002,0.0002,0.0002,,0.0002,,0.0002,,0.0002,,0.0002
"REMIND-MAgPIE 3.5-4.11","Medium-to-Low - SSP1","Other (R10)","Capacity|Electricity|Nuclear","GW",1,12.6018486,,11.2541743,9.6571907,7.824770599999999,5.969839100000002,4.3118018,3.0932154,2.2282052,0.5971716,,0,,0,,0,,0
"REMIND-MAgPIE 3.5-4.11","Medium-to-Low - SSP1","Other (R10)","Capacity|Electricity|Oil","GW",1,3.0688317,,1.7988071,0.5820284,0.0001,0.0001491,0.0001952,0.000234,0.0002581,0.0002831000000000002,,0.0002827,,0.0001805,,0.0000776,,0
"REMIND-MAgPIE 3.5-4.11","Medium-to-Low - SSP1","Other (R10)","Capacity|Electricity|Solar|CSP","GW",1,0.00285,,0.00285,0.0253486,0.0273308,0.0289783,0.0310958,0.032585399999999,0.0331683,0.0341838,,0.03361090000000001,,0.0326664,,0.0317725,,0.030198
"REMIND-MAgPIE 3.5-4.11","Medium-to-Low - SSP1","Other (R10)","Capacity|Electricity|Solar|PV","GW",1,22.2547,,62.70936,147.1589347,246.3446027,326.1744749,393.8575678,432.2300131,434.2231216999999,425.4187959999999,,375.8958944,,344.8041297,,327.9607952,,305.2157111
"REMIND-MAgPIE 3.5-4.11","Medium-to-Low - SSP1","Other (R10)","Capacity|Electricity|Wind|Offshore","GW",1,0,,0.332045299999999,1.2017889,2.5192253,5.0225217,8.901191399999998,14.2364394,20.1201883,28.0057766,,34.8769948,,35.8214127,,34.47895820000001,,30.8893734
"REMIND-MAgPIE 3.5-4.11","Medium-to-Low - SSP1","Other (R10)","Capacity|Electricity|Wind|Onshore","GW",1,22.73065,,32.53857880000001,31.3785927,28.5007931,23.2504736,19.0763477,16.4285577,16.221,22.5784021,,28.1180138,,28.8794084,,27.7971147,,24.9031728
"REMIND-MAgPIE 3.5-4.11","Medium-to-Low - SSP1","Pacific OECD (R10)","Capacity|Electricity|Biomass","GW",1,10.879846,,14.284789,17.3356199,18.3411536,17.6127284,16.2955282,13.1423289,9.375650400000001,5.8702809,,1.1479795,,0.0003762,,0.0002599,,0.0001362
"REMIND-MAgPIE 3.5-4.11","Medium-to-Low - SSP1","Pacific OECD (R10)","Capacity|Electricity|Coal","GW",1,43.6977,,40.28090520000001,36.22119820000001,31.2345558,25.6991845,16.22262959999999,4.587623900000001,0.8379666,0.0024871,,0.0004,,0.0000463,,0.0000421,,0.0000322
"REMIND-MAgPIE 3.5-4.11","Medium-to-Low - SSP1","Pacific OECD (R10)","Capacity|Electricity|Gas","GW",1,80.85904699999999,,84.88573469999999,84.62244059999999,75.3018288,65.13108460000001,59.360873,47.9577292,47.6804709,50.3616708,,46.8093977,,43.72673980000001,,37.0773657,,28.98171229999999
"REMIND-MAgPIE 3.5-4.11","Medium-to-Low - SSP1","Pacific OECD (R10)","Capacity|Electricity|Geothermal","GW",1,0.6256328,,0.7098,1.0357519,1.614619,2.4618864,3.535662099999999,4.5806117,5.294005799999999,6.0435529,,6.0435529,,6.0435529,,6.0435529,,6.0435529
"REMIND-MAgPIE 3.5-4.11","Medium-to-Low - SSP1","Pacific OECD (R10)","Capacity|Electricity|Hydro","GW",1,30.9879676,,32.6869971,33.8151856,34.21892090000001,34.27927500000001,34.27927500000001,34.27927500000001,34.27927500000001,34.3672251,,34.3672251,,34.3672251,,34.3672251,,34.3672251
"REMIND-MAgPIE 3.5-4.11","Medium-to-Low - SSP1","Pacific OECD (R10)","Capacity|Electricity|Hydrogen","GW",1,0,,0,0.0002,0.0002699000000000001,0.0002683,0.000262,0.000253,0.0002342,0.0002,,0.0002,,0.0006198000000000001,,1.0020501,,4.5937357
"REMIND-MAgPIE 3.5-4.11","Medium-to-Low - SSP1","Pacific OECD (R10)","Capacity|Electricity|Nuclear","GW",1,38.0812121,,33.13501720000001,27.2271701,20.4724594,13.7611452,7.981770000000001,4.115714999999999,1.9108975,0.603312699999999,,0.1239978,,0.0676533,,0.0043225,,0
"REMIND-MAgPIE 3.5-4.11","Medium-to-Low - SSP1","Pacific OECD (R10)","Capacity|Electricity|Oil","GW",1,25.0760445,,14.6116614,4.6886451,0.0001,0.0001491,0.0001952,0.000234,0.0002581,0.0002831000000000002,,0.0002827,,0.0001805,,0.0000776,,0
"REMIND-MAgPIE 3.5-4.11","Medium-to-Low - SSP1","Pacific OECD (R10)","Capacity|Electricity|Solar|CSP","GW",1,0,,0.00009,0.0001399,0.0001892,0.0002361,0.0007279000000000001,0.0012094,0.0016706,0.0023428,,0.0030761,,0.0033377,,0.0033109,,0.0033852
"REMIND-MAgPIE 3.5-4.11","Medium-to-Low - SSP1","Pacific OECD (R10)","Capacity|Electricity|Solar|PV","GW",1,67.01110000000001,,99.04982690000001,161.8149899,240.8382228,313.8789338999999,389.442784,436.8316541999999,432.5554541,416.2330390999999,,340.6550357,,309.2047223,,273.4060506999999,,253.539354
"REMIND-MAgPIE 3.5-4.11","Medium-to-Low - SSP1","Pacific OECD (R10)","Capacity|Electricity|Wind|Offshore","GW",1,0.0882,,1.2011869,4.2776162,9.869997000000001,18.8435899,33.455931,52.77893460000001,69.48236460000001,89.7769949,,98.7298549,,95.3891979,,83.7524149,,70.9851589
"REMIND-MAgPIE 3.5-4.11","Medium-to-Low - SSP1","Pacific OECD (R10)","Capacity|Electricity|Wind|Onshore","GW",1,3.78005,,5.29435,6.3883735,8.522092500000001,12.0989804,19.5415289,29.3357179,37.8629796,48.92211920000001,,53.8007953,,51.9803733,,45.63914870000001,,38.681935
"REMIND-MAgPIE 3.5-4.11","Medium-to-Low - SSP1","Reforming Economies (R10)","Capacity|Electricity|Biomass","GW",1,4.3450407,,7.152385799999998,10.1653046,11.7663485,11.7669761,11.2897418,10.5284593,9.408158199999999,7.847770499999999,,3.8033397,,0.4059072,,0.000354,,0.0001701
"REMIND-MAgPIE 3.5-4.11","Medium-to-Low - SSP1","Reforming Economies (R10)","Capacity|Electricity|Coal","GW",1,59.5584,,56.0837585,51.76457520000001,45.66491870000001,35.150039,24.3241189,12.0679211,4.060755299999999,0.0012615,,0.0007490000000000001,,0.0003879999999999999,,0.0002602,,0.0001565
"REMIND-MAgPIE 3.5-4.11","Medium-to-Low - SSP1","Reforming Economies (R10)","Capacity|Electricity|Gas","GW",1,157.6400745,,180.7818582,220.3748092,244.8378064,243.4987839,237.603473,204.0023452,181.5121319,165.3617069,,166.3025467,,161.8824090000001,,153.1545622,,149.4519603
"REMIND-MAgPIE 3.5-4.11","Medium-to-Low - SSP1","Reforming Economies (R10)","Capacity|Electricity|Geothermal","GW",1,0.0949546,,0.1134,0.1447818,0.1638008,0.1686607,0.1693403,0.1693403,0.1693403,0.1693403,,0.1693403,,0.1693403,,0.1693403,,0.1693403
"REMIND-MAgPIE 3.5-4.11","Medium-to-Low - SSP1","Reforming Economies (R10)","Capacity|Electricity|Hydro","GW",1,76.89038049999999,,81.58577059999999,85.5491365,87.97272229999999,89.1940689,89.65839309999998,89.7247603,89.7247603,90.73244209999999,,90.73244209999999,,90.73244209999999,,90.73244209999999,,90.73244209999999
"REMIND-MAgPIE 3.5-4.11","Medium-to-Low - SSP1","Reforming Economies (R10)","Capacity|Electricity|Hydrogen","GW",1,0,,0,0.0002,0.0002016,0.0002,0.0002,0.0002,0.0002,0.0002,,0.0002,,0.0002,,0.0002,,0.0002
"REMIND-MAgPIE 3.5-4.11","Medium-to-Low - SSP1","Reforming Economies (R10)","Capacity|Electricity|Nuclear","GW",1,42.4369819,,40.9676178,37.3860659,32.4180101,27.1164448,22.322246,18.7014386,15.9609011,13.4033968,,7.855905099999999,,1.8490262,,0.1514935,,0.000572
"REMIND-MAgPIE 3.5-4.11","Medium-to-Low - SSP1","Reforming Economies (R10)","Capacity|Electricity|Oil","GW",1,0.7419386,,0.4495695,0.1520669,0.0001,0.0001491,0.0001952,0.000234,0.0002581,0.0002831000000000002,,0.0002827,,0.0001805,,0.0000776,,0
"REMIND-MAgPIE 3.5-4.11","Medium-to-Low - SSP1","Reforming Economies (R10)","Capacity|Electricity|Solar|CSP","GW",1,0.341243999999999,,1.3653765,3.8012775,4.444205,4.9296322,5.803883,7.8713368,11.6330673,13.2828035,,14.6495878,,14.8077423,,14.4195439,,16.711408
"REMIND-MAgPIE 3.5-4.11","Medium-to-Low - SSP1","Reforming Economies (R10)","Capacity|Electricity|Solar|PV","GW",1,8.61555,,33.6534567,139.3760172,363.5760968,642.1457364,936.7349385000001,1193.5354432,1412.9598121,1690.3261778,,1725.1428316,,1652.7184399,,1560.2803396,,1541.8493081
"REMIND-MAgPIE 3.5-4.11","Medium-to-Low - SSP1","Reforming Economies (R10)","Capacity|Electricity|Wind|Offshore","GW",1,0,,0.00008,0.4609128,1.1808142,2.5562532,6.250404799999999,14.1946891,26.5833105,48.3535532,,72.26423190000001,,85.21521520000002,,89.17107069999999,,94.9284684
"REMIND-MAgPIE 3.5-4.11","Medium-to-Low - SSP1","Reforming Economies (R10)","Capacity|Electricity|Wind|Onshore","GW",1,3.1426,,5.7030364,7.8111711,10.9521762,16.805911,33.09641890000001,69.2286979,127.3134937,231.5761161,,346.0897706,,402.2779842,,405.0852336,,381.6654376
"REMIND-MAgPIE 3.5-4.11","Medium-to-Low - SSP1","Rest of Asia (R10)","Capacity|Electricity|Biomass","GW",1,10.7406,,9.567412800000001,8.4846,6.674216599999999,4.825400299999999,3.0480252,2.163531500000001,0.766183499999999,0.009437399999999001,,0.0003,,0.0000531,,0.0000258,,0.0000203
"REMIND-MAgPIE 3.5-4.11","Medium-to-Low - SSP1","Rest of Asia (R10)","Capacity|Electricity|Coal","GW",1,124.6203,,129.5722787,128.5627078,121.5923034,112.1719209,56.5877092,1.5086903,1.042753,0.4893895,,0.001608,,0.0000531,,0.0000258,,0.0000203
"REMIND-MAgPIE 3.5-4.11","Medium-to-Low - SSP1","Rest of Asia (R10)","Capacity|Electricity|Gas","GW",1,191.5124865,,222.9365698,277.2133509999999,328.1523635,361.8446991000001,415.0254085,508.6621931,552.6940020000001,594.2244421,,596.2651727,,614.3230942,,639.9997829000001,,662.0279746
"REMIND-MAgPIE 3.5-4.11","Medium-to-Low - SSP1","Rest of Asia (R10)","Capacity|Electricity|Geothermal","GW",1,5.442515599999999,,6.4988,8.15511,10.2593803,12.9239952,16.2079639,19.4664,21.54874179999999,24.2444612,,24.2444612,,24.2444612,,24.2444612,,24.2444612
"REMIND-MAgPIE 3.5-4.11","Medium-to-Low - SSP1","Rest of Asia (R10)","Capacity|Electricity|Hydro","GW",1,76.94664190000002,,105.4722535,134.198,146.3916868,150.7813382,151.8395437,151.8395437,151.8395437,151.8395437,,151.8395437,,151.8395437,,151.8395437,,151.8395437
"REMIND-MAgPIE 3.5-4.11","Medium-to-Low - SSP1","Rest of Asia (R10)","Capacity|Electricity|Hydrogen","GW",1,0,,0,0.0002002,0.0002,0.0002,0.0002,0.0002,0.0002,0.0002,,0.0002,,0.0002,,0.0002,,0.0002
"REMIND-MAgPIE 3.5-4.11","Medium-to-Low - SSP1","Rest of Asia (R10)","Capacity|Electricity|Nuclear","GW",1,26.6284065,,29.2958191,30.1025271,28.7060634,26.0947001,23.2209752,20.98040259999999,19.160202,17.29864599999999,,12.6244493,,5.4914867,,0,,0
"REMIND-MAgPIE 3.5-4.11","Medium-to-Low - SSP1","Rest of Asia (R10)","Capacity|Electricity|Oil","GW",1,29.1944716,,19.0714568,7.046480799999999,0.0001,0.0001491,0.0001952,0.000234,0.0002581,0.0002831000000000002,,0.0002827,,0.0001805,,0.0000776,,0
"REMIND-MAgPIE 3.5-4.11","Medium-to-Low - SSP1","Rest of Asia (R10)","Capacity|Electricity|Solar|CSP","GW",1,0.004750000000000001,,0.004750000000000001,0.1120763,0.1509418,0.1916597,0.2303083,0.2734866,0.3106783,0.3568073,,0.395075,,0.4245536,,0.4428423,,0.4616178
"REMIND-MAgPIE 3.5-4.11","Medium-to-Low - SSP1","Rest of Asia (R10)","Capacity|Electricity|Solar|PV","GW",1,36.38039999999999,,158.0778479,620.3703043,1408.4229001,2424.3856403,3543.5904026,4421.8318154,4963.1461876,5515.316231300001,,5710.0455391,,5919.8432859,,6160.342143000001,,6384.4882814
"REMIND-MAgPIE 3.5-4.11","Medium-to-Low - SSP1","Rest of Asia (R10)","Capacity|Electricity|Wind|Offshore","GW",1,0.597449999999999,,3.3850158,13.1478321,30.4953267,58.5494247,100.1760316,152.2063039,208.0615853,295.6999304,,413.1666331,,495.5717081999999,,530.8101346,,569.0413372
"REMIND-MAgPIE 3.5-4.11","Medium-to-Low - SSP1","Rest of Asia (R10)","Capacity|Electricity|Wind|Onshore","GW",1,7.26915,,24.81498570000001,45.55548349999999,82.0748892,140.4869589,226.4561769,332.9991771999999,447.5306178,636.0365482999999,,888.7018635000001,,1065.9512779,,1141.7474645,,1223.9809709
"REMIND-MAgPIE 3.5-4.11","Medium-to-Low - SSP1","World","Capacity|Electricity|Biomass","GW",1,124.1078217,,128.1842263,129.6197738,115.1192574,94.93409950000002,71.56403990000001,48.5614977,29.7927969,16.5885615,,4.9706568,,0.4070378,,0.0010218,,0.0005926000000000001
"REMIND-MAgPIE 3.5-4.11","Medium-to-Low - SSP1","World","Capacity|Electricity|Coal","GW",1,2044.3096208,,2026.9697505,1678.563276,1228.8658593,784.8028860999999,310.3643177,30.3141579,11.8629412,4.2180135,,0.2470228,,0.0033659,,0.0022915,,0.0011994
"REMIND-MAgPIE 3.5-4.11","Medium-to-Low - SSP1","World","Capacity|Electricity|Gas","GW",1,1984.9548159,,2148.3620825,2230.8185448,2447.3866948,2862.4638752,3330.972622,3594.8495,3732.5579427,3910.2259448,,3871.2239835,,3974.2457022,,4066.6834124,,3922.891296100001
"REMIND-MAgPIE 3.5-4.11","Medium-to-Low - SSP1","World","Capacity|Electricity|Geothermal","GW",1,17.29866,,20.6150285,25.1390369,29.4630794,33.75768709999999,38.3277572,42.6441116,45.43984749999999,48.9460147,,48.9460147,,48.9460147,,48.9460147,,48.9460147
"REMIND-MAgPIE 3.5-4.11","Medium-to-Low - SSP1","World","Capacity|Electricity|Hydro","GW",1,1267.3466636,,1409.8928042,1512.8859559,1557.6699026,1575.0649128,1580.0148795,1580.5469592,1580.5469592,1583.6895888,,1583.6895888,,1583.6895888,,1583.6895888,,1583.6895888
"REMIND-MAgPIE 3.5-4.11","Medium-to-Low - SSP1","World","Capacity|Electricity|Hydrogen","GW",1,0,,0,0.0024002,0.0024715,0.0025091,0.0024984,0.0024821,0.0024342,0.0024,,0.0024365,,0.0028399,,1.0042501,,228.6295751999999
"REMIND-MAgPIE 3.5-4.11","Medium-to-Low - SSP1","World","Capacity|Electricity|Nuclear","GW",1,412.9798725,,400.7240476,372.4311890999999,326.6812181999999,273.6436596,223.3554667,185.9645891,159.5601652,132.2467421,,99.77183149999999,,71.42287909999999,,62.015816,,61.860572
"REMIND-MAgPIE 3.5-4.11","Medium-to-Low - SSP1","World","Capacity|Electricity|Oil","GW",1,229.5826915,,143.4574664,50.3886501,0.0012,0.001789,0.0023423,0.0028078,0.0030974,0.0033971,,0.0033922,,0.0021661,,0.0009310999999999998,,0
"REMIND-MAgPIE 3.5-4.11","Medium-to-Low - SSP1","World","Capacity|Electricity|Solar|CSP","GW",1,6.534543999999999,,12.8164525,28.1893245,33.9962881,39.8871766,49.6679095,73.07817569999999,114.660406,133.1073398,,146.9363633,,160.8114156,,172.7317847,,218.7330732
"REMIND-MAgPIE 3.5-4.11","Medium-to-Low - SSP1","World","Capacity|Electricity|Solar|PV","GW",1,759.3656499999998,,2444.0880196,6522.6944967,12216.2594229,18359.0310004,24240.4280639,28659.0343001,31396.5569176,34183.2601554,,34583.84933140001,,36582.5603419,,38395.67532169999,,40254.83227410001
"REMIND-MAgPIE 3.5-4.11","Medium-to-Low - SSP1","World","Capacity|Electricity|Wind|Offshore","GW",1,42.63795,,105.4577064,208.0305994,340.8742742,504.3380868,709.2297327000001,938.9976463999999,1144.4922809,1467.9897601,,1869.8737899,,2166.9342633,,2341.034330200001,,2552.893538000001
"REMIND-MAgPIE 3.5-4.11","Medium-to-Low - SSP1","World","Capacity|Electricity|Wind|Onshore","GW",1,683.3241907999999,,1155.1462166,1687.0284457,2296.873354500001,2934.568843699999,3720.4695942,4558.102365400001,5413.624031800001,6953.973395699998,,8488.734398600001,,9264.512597,,9564.956218599998,,9772.023959
"REMIND-MAgPIE 3.5-4.11","Medium - SSP1","Africa (R10)","Capacity|Electricity|Biomass","GW",1,1.377,,1.2718661,1.2386893,1.1775637,1.0742391,0.8429637,0.546913299999999,0.3273828,0.137201,,0.0004325000000000001,,0.0001368,,0.0000258,,0.0000203
"REMIND-MAgPIE 3.5-4.11","Medium - SSP1","Africa (R10)","Capacity|Electricity|Coal","GW",1,39.1032,,34.4884556,29.5712422,24.3495875,17.7806944,4.437607100000001,0.0380882,0.017825,0.0075904,,0.001058,,0.0007230000000000001,,0.0004946,,0.000211
"REMIND-MAgPIE 3.5-4.11","Medium - SSP1","Africa (R10)","Capacity|Electricity|Gas","GW",1,27.799935,,46.0014724,73.7863559,100.3309405,135.9819495,191.7499558999999,247.1146907,298.6160066,362.6099362,,493.3715966999999,,645.1704933000001,,744.9251039,,829.8219248999999
"REMIND-MAgPIE 3.5-4.11","Medium - SSP1","Africa (R10)","Capacity|Electricity|Geothermal","GW",1,0.6725647999999991,,0.8971676999999991,1.1174367,1.2821306,1.3819363,1.4200134,1.4200134,1.4200134,1.4227578,,1.4227578,,1.4227578,,1.4227578,,1.4227578
"REMIND-MAgPIE 3.5-4.11","Medium - SSP1","Africa (R10)","Capacity|Electricity|Hydro","GW",1,25.7518871,,30.3566355,34.76894060000001,38.03951790000001,40.2537175,41.5458458,42.0852547,42.0852547,42.0852547,,42.0852547,,42.0852547,,42.0852547,,42.0852547
"REMIND-MAgPIE 3.5-4.11","Medium - SSP1","Africa (R10)","Capacity|Electricity|Hydrogen","GW",1,0,,0,0.0002,0.0002,0.0002,0.0002,0.0002,0.0002,0.0002,,0.0002,,0.0002,,0.0002,,0.0002
"REMIND-MAgPIE 3.5-4.11","Medium - SSP1","Africa (R10)","Capacity|Electricity|Nuclear","GW",1,1.7442,,1.7484116,1.86,1.8739556,1.86,1.86,1.86,1.86,1.86,,1.86,,1.86,,1.86,,1.86
"REMIND-MAgPIE 3.5-4.11","Medium - SSP1","Africa (R10)","Capacity|Electricity|Oil","GW",1,2.8002376,,1.7513314,0.6158468,0.0001,0.0001491,0.0001952,0.000234,0.0002581,0.0002831000000000002,,0.0002827,,0.0001805,,0.0000776,,0
"REMIND-MAgPIE 3.5-4.11","Medium - SSP1","Africa (R10)","Capacity|Electricity|Solar|CSP","GW",1,0.456,,0.699409899999999,1.1844657,1.7959727,2.6317606,4.165566399999999,7.625899899999999,13.7312865,18.5107486,,26.2572681,,35.2670676,,41.681559,,51.2566563
"REMIND-MAgPIE 3.5-4.11","Medium - SSP1","Africa (R10)","Capacity|Electricity|Solar|PV","GW",1,5.48205,,25.5131674,119.4801307,330.1539677,663.4783809000002,1156.0940514,1751.6696222,2331.7805189,3119.0942516,,4545.686260600001,,6540.6484727,,7833.2969272,,8991.320741800002
"REMIND-MAgPIE 3.5-4.11","Medium - SSP1","Africa (R10)","Capacity|Electricity|Wind|Offshore","GW",1,0,,0.3310086,1.8795494,4.5662408,9.0578143,16.1175582,26.3246871,39.59131850000001,65.60766670000001,,128.2041775,,206.6491359,,271.5387758999999,,319.1855699
"REMIND-MAgPIE 3.5-4.11","Medium - SSP1","Africa (R10)","Capacity|Electricity|Wind|Onshore","GW",1,3.58155,,9.493482600000002,21.9822894,43.4825342,79.17775189999999,135.2723179,216.6472958,321.7330916999999,511.7205724999999,,870.7546819,,1298.4727962,,1647.1400352,,1805.2505016
"REMIND-MAgPIE 3.5-4.11","Medium - SSP1","China+ (R10)","Capacity|Electricity|Biomass","GW",1,12.2796,,11.8764386,11.3226222,9.235012399999999,7.069854599999999,4.9000862,2.8915276,1.2538014,0.1913883,,0.0003,,0.00007240000000000001,,0.0000648,,0.0000483
"REMIND-MAgPIE 3.5-4.11","Medium - SSP1","China+ (R10)","Capacity|Electricity|Coal","GW",1,1078.8081404,,1164.0203239,958.2989016000001,583.128697,286.2883138999999,69.10569029999999,8.728828899999996,0.4992629,0.4070702,,0.1090831,,0,,0,,0
"REMIND-MAgPIE 3.5-4.11","Medium - SSP1","China+ (R10)","Capacity|Electricity|Gas","GW",1,131.371,,182.2588688,227.7518789,359.6637704,550.4024066999999,676.7556945,706.1160355000001,689.9119769,664.9234589,,584.7292519,,550.3444298999999,,493.8471588,,432.1986617
"REMIND-MAgPIE 3.5-4.11","Medium - SSP1","China+ (R10)","Capacity|Electricity|Geothermal","GW",1,0.0385698,,0.0462,0.1807406,0.3183826,0.3730588,0.3730588,0.3730588,0.3730588,0.3730588,,0.3730588,,0.3730588,,0.3730588,,0.3730588
"REMIND-MAgPIE 3.5-4.11","Medium - SSP1","China+ (R10)","Capacity|Electricity|Hydro","GW",1,352.4729753,,413.5979123999999,446.8803033999999,461.9853136999999,467.0771458999999,467.9297758,467.9297758,467.9297758,467.9297758,,467.9297758,,467.9297758,,467.9297758,,467.9297758
"REMIND-MAgPIE 3.5-4.11","Medium - SSP1","China+ (R10)","Capacity|Electricity|Hydrogen","GW",1,0,,0,0.0002,0.0002,0.0002,0.0002,0.0002,0.0002,0.0002,,0.0002,,0.0002,,0.0002,,0.0002
"REMIND-MAgPIE 3.5-4.11","Medium - SSP1","China+ (R10)","Capacity|Electricity|Nuclear","GW",1,48.9869612,,68.98396960000002,85.3185924,94.94354940000002,99.09444620000001,99.28244749999999,96.91740570000002,92.75233169999998,87.1538684,,71.67166470000001,,60,,60,,60
"REMIND-MAgPIE 3.5-4.11","Medium - SSP1","China+ (R10)","Capacity|Electricity|Oil","GW",1,15.8180276,,10.7677317,4.1528277,0.0001,0.0001491,0.0001952,0.000234,0.0002581,0.0002831000000000002,,0.0002827,,0.0001805,,0.0000776,,0
"REMIND-MAgPIE 3.5-4.11","Medium - SSP1","China+ (R10)","Capacity|Electricity|Solar|CSP","GW",1,0.4237,,0.931,0.9268542999999999,0.9099807,0.8643094000000001,0.7667042000000001,0.586962199999999,0.5319948999999999,0.5319938000000001,,0.4975464,,0.4680177,,0.4337859000000001,,0.4077666
"REMIND-MAgPIE 3.5-4.11","Medium - SSP1","China+ (R10)","Capacity|Electricity|Solar|PV","GW",1,286.1166,,1056.2523786,2267.628435,3639.7607922,4807.700453099999,5448.823423600001,5561.412061100001,5417.7740237,5208.652211200001,,4573.4755381,,4325.985879299999,,3948.7015813,,3568.929651
"REMIND-MAgPIE 3.5-4.11","Medium - SSP1","China+ (R10)","Capacity|Electricity|Wind|Offshore","GW",1,16.30335,,42.02135000000001,69.03091370000001,99.64119570000001,128.7531165,150.1570684,158.2623666,160.5533062,174.69789,,177.4010579,,161.3679464000001,,148.2678872,,181.3470724
"REMIND-MAgPIE 3.5-4.11","Medium - SSP1","China+ (R10)","Capacity|Electricity|Wind|Onshore","GW",1,251.6439817,,473.499831,717.0647081,981.8692386999999,1215.125058,1399.1863483,1490.8715068,1520.8065499,1654.7880679,,1676.1136908,,1524.3219646,,1349.4101926,,1201.3229988
"REMIND-MAgPIE 3.5-4.11","Medium - SSP1","Europe (R10)","Capacity|Electricity|Biomass","GW",1,33.4926,,34.91887250000001,35.35967330000001,26.930373,18.4810946,10.7549006,4.829679600000001,1.0992179,0.1924174,,0.0109848,,0.0001223,,0.0000826,,0.00006570000000000001
"REMIND-MAgPIE 3.5-4.11","Medium - SSP1","Europe (R10)","Capacity|Electricity|Coal","GW",1,137.7351,,49.2386388,12.9617915,0.8534514000000001,0.182346099999999,0.1304112,0.1069318,0.0844116,0.059544799999999,,0.0011227,,0.0005300000000000001,,0.0004137000000000001,,0.0001429
"REMIND-MAgPIE 3.5-4.11","Medium - SSP1","Europe (R10)","Capacity|Electricity|Gas","GW",1,293.0262269,,289.1104527,165.9973199,187.3705933,227.2779994,249.2208526,260.1613131,268.1858857,279.4276818,,266.8840082,,257.871414,,228.7200219,,177.4971686
"REMIND-MAgPIE 3.5-4.11","Medium - SSP1","Europe (R10)","Capacity|Electricity|Geothermal","GW",1,2.9686756,,3.9568328,5.219167699999999,6.1775002,6.699916700000001,6.890072199999999,6.900937999999999,6.900937999999999,6.960001399999999,,6.960001399999999,,6.960001399999999,,6.960001399999999,,6.960001399999999
"REMIND-MAgPIE 3.5-4.11","Medium - SSP1","Europe (R10)","Capacity|Electricity|Hydro","GW",1,220.1095889,,232.7643075,241.6191,242.8473927,242.8473927,242.8473927,242.8473927,242.8473927,242.8473927,,242.8473927,,242.8473927,,242.8473927,,242.8473927
"REMIND-MAgPIE 3.5-4.11","Medium - SSP1","Europe (R10)","Capacity|Electricity|Hydrogen","GW",1,0,,0,0.0004,0.0004,0.0004029,0.0004071,0.0004,0.0004,0.0004,,0.0004,,0.0004,,0.0004,,30.8604037
"REMIND-MAgPIE 3.5-4.11","Medium - SSP1","Europe (R10)","Capacity|Electricity|Nuclear","GW",1,124.8468993,,108.3841297,88.9266655,66.84379440000001,44.9140777,26.0265543,12.9428303,5.586161300000001,1.439732,,0.004414599999999,,0,,0,,0
"REMIND-MAgPIE 3.5-4.11","Medium - SSP1","Europe (R10)","Capacity|Electricity|Oil","GW",1,28.3264211,,16.7362377,5.474174600000001,0.0002,0.0002982,0.0003904,0.000468,0.0005162,0.0005662000000000002,,0.0005654,,0.000361,,0.0001552,,0
"REMIND-MAgPIE 3.5-4.11","Medium - SSP1","Europe (R10)","Capacity|Electricity|Solar|CSP","GW",1,2.1964,,2.1964,2.3423751,2.3464538,2.3504807,2.3522137,2.3527265,2.3528481,2.353174,,2.3505287,,2.3490969,,2.347557,,2.345355999999999
"REMIND-MAgPIE 3.5-4.11","Medium - SSP1","Europe (R10)","Capacity|Electricity|Solar|PV","GW",1,171.0487,,368.388957,948.7605661,1388.5631575,1730.4889768,1903.7005813,1975.6859604,2017.8042431,2069.0405508,,1914.0487978,,1820.9237945,,1611.9266059,,1485.0837118
"REMIND-MAgPIE 3.5-4.11","Medium - SSP1","Europe (R10)","Capacity|Electricity|Wind|Offshore","GW",1,25.61665,,54.5004604,95.93083550000001,143.4744386,195.512344,253.8977003,314.2455423,341.3344078,370.2671320999999,,354.6506509,,319.6075231,,317.1736073,,315.9966467
"REMIND-MAgPIE 3.5-4.11","Medium - SSP1","Europe (R10)","Capacity|Electricity|Wind|Onshore","GW",1,190.3723591,,276.1596521,398.058146,500.1789503,571.8091456999999,615.6305424999999,633.2856807,644.2384899,708.0926646999999,,756.2160182,,758.4930381,,695.27328,,624.3197900000001
"REMIND-MAgPIE 3.5-4.11","Medium - SSP1","India+ (R10)","Capacity|Electricity|Biomass","GW",1,9.2106,,8.118648899999998,6.640524699999999,5.120224299999999,3.5850413,2.1130203,0.8435016999999999,0.6218752000000001,0.0247306,,0.0003,,0.0000531,,0.0000258,,0.0000203
"REMIND-MAgPIE 3.5-4.11","Medium - SSP1","India+ (R10)","Capacity|Electricity|Coal","GW",1,247.6141594,,303.1344567,328.8663038,318.332628,233.986279,125.6492769,45.52334580000001,13.0729553,1.2419544,,0.0368192,,0.0000525,,0.0000233,,0.0000138
"REMIND-MAgPIE 3.5-4.11","Medium - SSP1","India+ (R10)","Capacity|Electricity|Gas","GW",1,35.3031077,,43.9134526,68.55517609999998,114.8078589,211.4242791,337.6067507,451.7079315,523.5722926,592.4944672,,611.5146156999999,,625.2915725000001,,610.8536743999999,,586.2410265999999
"REMIND-MAgPIE 3.5-4.11","Medium - SSP1","India+ (R10)","Capacity|Electricity|Geothermal","GW",1,0.0238568,,0.051452,0.0826074,0.090558599999999,0.090558599999999,0.090558599999999,0.090558599999999,0.090558599999999,0.090558599999999,,0.090558599999999,,0.090558599999999,,0.090558599999999,,0.090558599999999
"REMIND-MAgPIE 3.5-4.11","Medium - SSP1","India+ (R10)","Capacity|Electricity|Hydro","GW",1,52.4028656,,55.56130090000001,57.4454897,58.0210725,58.0441965,58.0441965,58.0441965,58.0441965,58.0441965,,58.0441965,,58.0441965,,58.0441965,,58.0441965
"REMIND-MAgPIE 3.5-4.11","Medium - SSP1","India+ (R10)","Capacity|Electricity|Hydrogen","GW",1,0,,0,0.0002,0.0002,0.0002,0.0002,0.0002142,0.0002,0.0002,,0.0002,,0.0002,,0.0002,,0.0002
"REMIND-MAgPIE 3.5-4.11","Medium - SSP1","India+ (R10)","Capacity|Electricity|Nuclear","GW",1,8.0428961,,10.1861452,11.3091239,11.3891539,10.9770284,10.4622621,9.903738800000001,9.2309095,8.3361944,,5.5299731,,2.154713,,0,,0
"REMIND-MAgPIE 3.5-4.11","Medium - SSP1","India+ (R10)","Capacity|Electricity|Oil","GW",1,4.6963619,,3.0842381,1.1461457,0.0001,0.0001491,0.0001952,0.000234,0.0002581,0.0002831000000000002,,0.0002827,,0.0001805,,0.0000776,,0
"REMIND-MAgPIE 3.5-4.11","Medium - SSP1","India+ (R10)","Capacity|Electricity|Solar|CSP","GW",1,0.357,,1.4933903,5.582951,7.3769585,9.221861599999997,12.4525582,19.4720046,31.6775263,36.5002548,,38.90406249999999,,39.89263880000001,,39.11966109999999,,44.79551890000002
"REMIND-MAgPIE 3.5-4.11","Medium - SSP1","India+ (R10)","Capacity|Electricity|Solar|PV","GW",1,44.982,,206.2840995,743.7175394,1512.840527,2444.609829,3476.2489303,4449.665677200001,5117.2527776,5796.0320628,,5988.0836918,,6113.957858799999,,5962.117469100001,,5725.067912899999
"REMIND-MAgPIE 3.5-4.11","Medium - SSP1","India+ (R10)","Capacity|Electricity|Wind|Offshore","GW",1,0,,0.9975640999999991,6.367408899999999,14.7027537,26.4534874,41.1439291,57.02921090000001,71.48952670000001,91.5925501,,108.0961367,,113.4105967,,113.3336596,,109.0702227
"REMIND-MAgPIE 3.5-4.11","Medium - SSP1","India+ (R10)","Capacity|Electricity|Wind|Onshore","GW",1,40.6035,,76.9286452,136.3044521,226.7263031,351.3057477,507.1933008,676.4523753999999,832.2866879000001,1066.3276651,,1258.4637176,,1320.3350783,,1319.4393703,,1259.852297
"REMIND-MAgPIE 3.5-4.11","Medium - SSP1","Latin America (R10)","Capacity|Electricity|Biomass","GW",1,19.48859999999999,,19.2712504,18.7459003,17.7786614,16.1514941,13.6970541,10.5171992,5.697356499999999,1.9632145,,0.004197,,0.0001131,,0.0000422,,0.0000322
"REMIND-MAgPIE 3.5-4.11","Medium - SSP1","Latin America (R10)","Capacity|Electricity|Coal","GW",1,16.3071,,15.3040012,10.0639016,9.121171599999997,7.1215673,1.000152,0.9122262,0.7751216000000001,0.5566645,,0.0188538,,0.000335,,0.0002344,,0.0001362
"REMIND-MAgPIE 3.5-4.11","Medium - SSP1","Latin America (R10)","Capacity|Electricity|Gas","GW",1,102.3606,,99.66531769999999,98.80018630000001,108.7029532,140.8511236,201.3341781,242.7504643,262.0469678,275.8363469999999,,252.6729859,,246.9358831,,241.7494897,,225.6645135
"REMIND-MAgPIE 3.5-4.11","Medium - SSP1","Latin America (R10)","Capacity|Electricity|Geothermal","GW",1,2.375946299999999,,2.5508,2.7198507,2.7597588,2.7597588,2.7781486,2.803206,2.803206,2.803206,,2.803206,,2.803206,,2.803206,,2.803206
"REMIND-MAgPIE 3.5-4.11","Medium - SSP1","Latin America (R10)","Capacity|Electricity|Hydro","GW",1,211.7261091,,226.5998085,239.8058,248.0600503,252.4545527,253.9295453,253.9295453,253.9295453,255.5925274,,255.5925274,,255.5925274,,255.5925274,,255.5925274
"REMIND-MAgPIE 3.5-4.11","Medium - SSP1","Latin America (R10)","Capacity|Electricity|Hydrogen","GW",1,0,,0,0.0002,0.0002,0.0002029,0.0002,0.0002,0.0002,0.0002,,0.0002,,0.0002,,0.0002,,0.0002
"REMIND-MAgPIE 3.5-4.11","Medium - SSP1","Latin America (R10)","Capacity|Electricity|Nuclear","GW",1,5.528611199999999,,5.335185299999999,4.826084899999999,4.209749500000001,3.5766012,2.9934864,2.5333651,2.1583468,1.7831283,,0.8986740000000001,,0.1423514,,0.0015078,,0
"REMIND-MAgPIE 3.5-4.11","Medium - SSP1","Latin America (R10)","Capacity|Electricity|Oil","GW",1,38.8822747,,24.4229518,8.6316148,0.0001,0.0001491,0.0001952,0.000234,0.0002581,0.0002831000000000002,,0.0002827,,0.0001805,,0.0000776,,0
"REMIND-MAgPIE 3.5-4.11","Medium - SSP1","Latin America (R10)","Capacity|Electricity|Solar|CSP","GW",1,0.063,,0.8725514999999999,3.1169322,4.0696818,5.106811799999999,6.649721,10.0327045,15.6548714,17.3337705,,17.6868205,,18.0511649,,17.7941534,,21.7035805
"REMIND-MAgPIE 3.5-4.11","Medium - SSP1","Latin America (R10)","Capacity|Electricity|Solar|PV","GW",1,25.2415,,108.0735138,381.8246171,851.7691250999999,1376.4493177,1860.4969868,2205.6396065,2377.2454577,2521.8098973,,2353.8816767,,2301.1491511,,2257.4803549,,2124.8782889
"REMIND-MAgPIE 3.5-4.11","Medium - SSP1","Latin America (R10)","Capacity|Electricity|Wind|Offshore","GW",1,0,,0.7928972,5.2037249,12.3723414,22.9122774,36.23921240000001,51.34513820000001,66.100579,88.2494488,,115.6320235,,128.9449217,,127.2007463,,121.6168533
"REMIND-MAgPIE 3.5-4.11","Medium - SSP1","Latin America (R10)","Capacity|Electricity|Wind|Onshore","GW",1,32.30759999999999,,51.7503,66.6469418,89.3303964,120.1140155,158.5803461,202.1613672,249.6838793,333.3475298,,436.780625,,487.0678705,,480.4795398999999,,459.3873182999999
"REMIND-MAgPIE 3.5-4.11","Medium - SSP1","Middle East (R10)","Capacity|Electricity|Biomass","GW",1,0.3384,,0.3299261,0.3512,0.3316225,0.3035045,0.2633994,0.2074797,0.1315856,0.0479818,,0.007627699999999999,,0.0002305,,0.0001007,,0.0000322
"REMIND-MAgPIE 3.5-4.11","Medium - SSP1","Middle East (R10)","Capacity|Electricity|Coal","GW",1,8.4618,,4.289051700000001,1.7110186,1.495249,0.09266450000000001,0.081411299999999,0.06729890000000001,0.0517997,0.0349279,,0.0010454,,0.0004318000000000001,,0.0003189,,0.1081186
"REMIND-MAgPIE 3.5-4.11","Medium - SSP1","Middle East (R10)","Capacity|Electricity|Gas","GW",1,372.1565868,,426.9382853999999,491.7319959999999,543.7033217000001,588.1335260999999,631.3212809999999,615.0815143,586.3746936,531.3142420999999,,505.1226319,,470.3229023,,475.5912857,,484.7470972
"REMIND-MAgPIE 3.5-4.11","Medium - SSP1","Middle East (R10)","Capacity|Electricity|Geothermal","GW",1,0.1202432,,0.189176,0.2723394,0.3403484,0.3730588,0.3730588,0.3730588,0.3730588,0.3730588,,0.3730588,,0.3730588,,0.3730588,,0.3730588
"REMIND-MAgPIE 3.5-4.11","Medium - SSP1","Middle East (R10)","Capacity|Electricity|Hydro","GW",1,21.8577953,,25.1112142,27.5495,27.9155127,27.9155127,27.9155127,27.9155127,27.9155127,27.9155127,,27.9155127,,27.9155127,,27.9155127,,27.9155127
"REMIND-MAgPIE 3.5-4.11","Medium - SSP1","Middle East (R10)","Capacity|Electricity|Hydrogen","GW",1,0,,0,0.0002,0.0002,0.0002,0.0002,0.0002,0.0002,0.0002,,0.0002,,0.0002,,0.0002,,0.0002
"REMIND-MAgPIE 3.5-4.11","Medium - SSP1","Middle East (R10)","Capacity|Electricity|Nuclear","GW",1,2.1392891,,2.481127,2.5482086,2.533337700000001,2.5016079,2.4428803,2.3445037,2.1913145,1.9656368,,0,,0,,0,,0
"REMIND-MAgPIE 3.5-4.11","Medium - SSP1","Middle East (R10)","Capacity|Electricity|Oil","GW",1,56.18229220000001,,36.2767942,13.233033,0.0001,0.0001491,0.0001952,0.000234,0.0002581,0.0002831000000000002,,0.0002827,,0.0001805,,0.0000776,,0
"REMIND-MAgPIE 3.5-4.11","Medium - SSP1","Middle East (R10)","Capacity|Electricity|Solar|CSP","GW",1,0.962349999999999,,1.8215182,3.4789304,4.8516582,6.299375,8.3275412,12.3494364,18.9013925,21.7497243,,21.9722023,,23.1831689,,24.5963608,,29.936574
"REMIND-MAgPIE 3.5-4.11","Medium - SSP1","Middle East (R10)","Capacity|Electricity|Solar|PV","GW",1,10.8381,,61.10817990000001,307.0138789,901.5890337000001,1701.4547416,2563.3176734,3312.0120872,3882.3408652,4457.4166931,,4438.909618299999,,4270.173352099999,,4346.257309999999,,4448.792419500001
"REMIND-MAgPIE 3.5-4.11","Medium - SSP1","Middle East (R10)","Capacity|Electricity|Wind|Offshore","GW",1,0,,0.00009,0.2427632,0.6748445,1.5200257,3.0643262,5.679078700000001,10.1212387,20.1136578,,47.9158018,,84.9678868,,101.0092159,,111.6165618
"REMIND-MAgPIE 3.5-4.11","Medium - SSP1","Middle East (R10)","Capacity|Electricity|Wind|Onshore","GW",1,3.814249999999999,,6.431500000000001,10.2372254,16.93573749999999,30.1317668,54.9648683,97.6883039,162.6224316,282.2923092999999,,481.2491462,,694.7272176999999,,837.5664279999999,,865.1306789
"REMIND-MAgPIE 3.5-4.11","Medium - SSP1","North America (R10)","Capacity|Electricity|Biomass","GW",1,18.3942339,,17.670141,16.44663949999999,14.5526841,11.7487783,8.214662699999998,4.361458799999999,2.1359497,0.8620741000000001,,0.0003056,,0.0001291,,0.00003820000000000001,,0.0000221
"REMIND-MAgPIE 3.5-4.11","Medium - SSP1","North America (R10)","Capacity|Electricity|Coal","GW",1,259.588421,,217.8087998,119.5720349,92.13829879999999,65.40089950000001,40.0708065,4.2773925,2.1421898,1.5751549,,0.079053,,0.000335,,0.0002344,,0.0001362
"REMIND-MAgPIE 3.5-4.11","Medium - SSP1","North America (R10)","Capacity|Electricity|Gas","GW",1,550.9803515000001,,532.933284,487.6005907,361.9606132,314.4760743999999,276.2077743,285.456811,282.2089351,278.26417,,254.93586,,250.9436844,,254.9227057,,264.2818666
"REMIND-MAgPIE 3.5-4.11","Medium - SSP1","North America (R10)","Capacity|Electricity|Geothermal","GW",1,3.5882,,3.815,4.064983899999999,4.1186074,4.1186074,4.1186074,4.1186074,4.1186074,4.1186074,,4.1186074,,4.1186074,,4.1186074,,4.1186074
"REMIND-MAgPIE 3.5-4.11","Medium - SSP1","North America (R10)","Capacity|Electricity|Hydro","GW",1,109.7390259,,112.9739282,114.2626,114.2626,114.2626,114.2626,114.2626,114.2626,114.2626,,114.2626,,114.2626,,114.2626,,114.2626
"REMIND-MAgPIE 3.5-4.11","Medium - SSP1","North America (R10)","Capacity|Electricity|Hydrogen","GW",1,0,,0,0.0002,0.0002,0.000225,0.0002221,0.0002149,0.0002,0.0002,,0.0002,,0.0002,,0.0002,,0.0002
"REMIND-MAgPIE 3.5-4.11","Medium - SSP1","North America (R10)","Capacity|Electricity|Nuclear","GW",1,101.9425666,,88.9524509,73.2695601,55.4663744,37.7777688,22.5260742,12.2871639,6.3877707,1.1166201,,0,,0,,0,,0
"REMIND-MAgPIE 3.5-4.11","Medium - SSP1","North America (R10)","Capacity|Electricity|Oil","GW",1,24.7957899,,14.4866867,4.665786399999999,0.0001,0.0001491,0.0001952,0.000234,0.0002581,0.0002831000000000002,,0.0002827,,0.0001805,,0.0000776,,0
"REMIND-MAgPIE 3.5-4.11","Medium - SSP1","North America (R10)","Capacity|Electricity|Solar|CSP","GW",1,1.72725,,3.4291162,7.617973399999999,8.0229156,8.262071099999998,8.354600500000002,10.8076256,16.5003159,16.9061781,,16.5346374,,16.520523,,16.6837486,,19.2439127
"REMIND-MAgPIE 3.5-4.11","Medium - SSP1","North America (R10)","Capacity|Electricity|Solar|PV","GW",1,81.39495000000001,,264.9772316999999,685.5490835,1332.4009973,1928.2645157,2294.6778991,2375.1491329,2338.4637901,2286.1117637,,2093.8350833,,2090.1367985,,2130.8896465,,2206.851303600001
"REMIND-MAgPIE 3.5-4.11","Medium - SSP1","North America (R10)","Capacity|Electricity|Wind|Offshore","GW",1,0.0323,,1.896008,10.2872537,21.3770962,35.157232,49.0389565,59.9706024,67.09966960000003,76.93740100000001,,93.8654409,,101.2090593,,102.1936352,,113.1764664
"REMIND-MAgPIE 3.5-4.11","Medium - SSP1","North America (R10)","Capacity|Electricity|Wind|Onshore","GW",1,124.0785,,192.5318548,245.6010621,308.3002434,374.2630343999999,442.464823,485.1020682,511.079896,586.0112152999999,,637.7857061000001,,637.9195343,,637.2144471,,628.5473137999999
"REMIND-MAgPIE 3.5-4.11","Medium - SSP1","Other (R10)","Capacity|Electricity|Biomass","GW",1,3.5613012,,3.7224951,3.529,3.2113974,2.3149882,1.4554088,0.8046608000000001,0.3843746,0.1346997,,0.0003,,0.0000463,,0.0000421,,0.0000322
"REMIND-MAgPIE 3.5-4.11","Medium - SSP1","Other (R10)","Capacity|Electricity|Coal","GW",1,28.8153,,12.7490804,0.9696007,0.9549982,0.9289767999999999,0.883472199999999,0.8087146000000001,0.693286299999999,0.5214394,,0.0336498,,0.0004689,,0.0003282,,0.0001362
"REMIND-MAgPIE 3.5-4.11","Medium - SSP1","Other (R10)","Capacity|Electricity|Gas","GW",1,41.9454,,38.9367862,34.38444019999999,22.5546451,23.4419489,29.8889454,32.3367452,31.0410846,29.3940062,,25.98556619999999,,24.6551593,,22.0840405,,17.2716143
"REMIND-MAgPIE 3.5-4.11","Medium - SSP1","Other (R10)","Capacity|Electricity|Geothermal","GW",1,1.3475007,,1.7864,2.1462669,2.3379927,2.406249399999999,2.406249399999999,2.406249399999999,2.406249399999999,2.406249399999999,,2.406249399999999,,2.406249399999999,,2.406249399999999,,2.406249399999999
"REMIND-MAgPIE 3.5-4.11","Medium - SSP1","Other (R10)","Capacity|Electricity|Hydro","GW",1,88.46142630000001,,93.18267589999999,96.99190000000002,97.9551127,97.9551127,97.9551127,97.9551127,97.9551127,98.3280294,,98.3280294,,98.3280294,,98.3280294,,98.3280294
"REMIND-MAgPIE 3.5-4.11","Medium - SSP1","Other (R10)","Capacity|Electricity|Hydrogen","GW",1,0,,0,0.0002,0.0002,0.00021,0.0002071,0.0002,0.0002,0.0002,,0.0002,,0.0002,,0.0002,,0.0002
"REMIND-MAgPIE 3.5-4.11","Medium - SSP1","Other (R10)","Capacity|Electricity|Nuclear","GW",1,12.6018486,,11.2541743,9.6571907,7.824770599999999,5.969839100000002,4.3118018,3.0932154,1.3370568,0,,0,,0,,0,,0
"REMIND-MAgPIE 3.5-4.11","Medium - SSP1","Other (R10)","Capacity|Electricity|Oil","GW",1,3.0688317,,1.7988071,0.5820284,0.0001,0.0001491,0.0001952,0.000234,0.0002581,0.0002831000000000002,,0.0002827,,0.0001805,,0.0000776,,0
"REMIND-MAgPIE 3.5-4.11","Medium - SSP1","Other (R10)","Capacity|Electricity|Solar|CSP","GW",1,0.00285,,0.00285,0.0253486,0.0273308,0.0289783,0.0307902,0.0318405,0.0319418,0.0325648,,0.0319784,,0.0309697,,0.0297055,,0.0279706
"REMIND-MAgPIE 3.5-4.11","Medium - SSP1","Other (R10)","Capacity|Electricity|Solar|PV","GW",1,22.2547,,62.70936,147.1589347,246.3446027,326.1744749,384.888687,410.4839259999999,404.3986523,395.6663961,,366.4100865,,351.6586082,,325.3679082,,278.345705
"REMIND-MAgPIE 3.5-4.11","Medium - SSP1","Other (R10)","Capacity|Electricity|Wind|Offshore","GW",1,0,,0.332045299999999,1.2017889,2.5192253,5.0225217,8.9761081,14.385087,20.1201883,25.9249939,,28.6987119,,26.4571005,,24.9768545,,25.2124256
"REMIND-MAgPIE 3.5-4.11","Medium - SSP1","Other (R10)","Capacity|Electricity|Wind|Onshore","GW",1,22.73065,,32.53857880000001,31.3785927,28.5007931,23.2504736,19.136746,16.5483982,16.221,20.9008643,,23.13705010000001,,21.32985140000001,,20.1364694,,20.3263881
"REMIND-MAgPIE 3.5-4.11","Medium - SSP1","Pacific OECD (R10)","Capacity|Electricity|Biomass","GW",1,10.879846,,14.284789,17.3356199,18.3411536,17.6127284,16.2955304,14.623065,10.6436254,6.863070199999999,,1.537019,,0.04574439999999901,,0.000276,,0.0001685
"REMIND-MAgPIE 3.5-4.11","Medium - SSP1","Pacific OECD (R10)","Capacity|Electricity|Coal","GW",1,43.6977,,40.28090520000001,36.22119820000001,31.2345558,25.6991845,19.9775825,14.3926086,9.607485800000001,3.767379800000001,,1.1478067,,0.09483219999999999,,0.0005109,,0.0003047
"REMIND-MAgPIE 3.5-4.11","Medium - SSP1","Pacific OECD (R10)","Capacity|Electricity|Gas","GW",1,80.85904699999999,,84.88573469999999,84.62244059999999,75.3018288,65.13108460000001,58.68533230000001,48.4677203,41.518992,40.84109699999999,,39.333145,,38.8649096,,35.1050594,,27.0708159
"REMIND-MAgPIE 3.5-4.11","Medium - SSP1","Pacific OECD (R10)","Capacity|Electricity|Geothermal","GW",1,0.6256328,,0.7098,1.0357519,1.614619,2.4618864,3.4916742,4.4884813,5.220665700000001,6.0435529,,6.0435529,,6.0435529,,6.0435529,,6.0435529
"REMIND-MAgPIE 3.5-4.11","Medium - SSP1","Pacific OECD (R10)","Capacity|Electricity|Hydro","GW",1,30.9879676,,32.6869971,33.8151856,34.21892090000001,34.27927500000001,34.27927500000001,34.27927500000001,34.27927500000001,34.4029936,,34.4029936,,34.4029936,,34.4029936,,34.4029936
"REMIND-MAgPIE 3.5-4.11","Medium - SSP1","Pacific OECD (R10)","Capacity|Electricity|Hydrogen","GW",1,0,,0,0.0002,0.0002699000000000001,0.0002683,0.000262,0.000253,0.0002342,0.0002,,0.0002,,0.0002,,0.0002,,3.1522608
"REMIND-MAgPIE 3.5-4.11","Medium - SSP1","Pacific OECD (R10)","Capacity|Electricity|Nuclear","GW",1,38.0812121,,33.13501720000001,27.2271701,20.4724594,13.7611452,7.981770000000001,4.115714999999999,1.9108975,0.603312699999999,,0.1239978,,0.0676533,,0.0043225,,0
"REMIND-MAgPIE 3.5-4.11","Medium - SSP1","Pacific OECD (R10)","Capacity|Electricity|Oil","GW",1,25.0760445,,14.6116614,4.6886451,0.0001,0.0001491,0.0001952,0.000234,0.0002581,0.0002831000000000002,,0.0002827,,0.0001805,,0.0000776,,0
"REMIND-MAgPIE 3.5-4.11","Medium - SSP1","Pacific OECD (R10)","Capacity|Electricity|Solar|CSP","GW",1,0,,0.00009,0.0001399,0.0001892,0.0002361,0.0002779,0.0003098,0.000325,0.0003391,,0.0003348,,0.0002338,,0.000132,,0.00009
"REMIND-MAgPIE 3.5-4.11","Medium - SSP1","Pacific OECD (R10)","Capacity|Electricity|Solar|PV","GW",1,67.01110000000001,,99.04982690000001,161.8149899,240.8382228,313.8789338999999,362.2915476999999,384.4825471,374.7997676,362.4627053,,307.3375613,,293.1221786999999,,267.9961771999999,,239.1384148
"REMIND-MAgPIE 3.5-4.11","Medium - SSP1","Pacific OECD (R10)","Capacity|Electricity|Wind|Offshore","GW",1,0.0882,,1.2011869,4.2776162,9.869997000000001,18.8435899,30.8504528,44.1379858,55.6430297,70.61761640000002,,79.2567662,,79.67182279999999,,72.04849920000001,,60.86401439999999
"REMIND-MAgPIE 3.5-4.11","Medium - SSP1","Pacific OECD (R10)","Capacity|Electricity|Wind|Onshore","GW",1,3.78005,,5.29435,6.3883735,8.522092500000001,12.0989804,18.1217273,24.6270113,30.3215198,38.48161159999999,,43.1893378,,43.4155144,,39.2613416,,33.1665876
"REMIND-MAgPIE 3.5-4.11","Medium - SSP1","Reforming Economies (R10)","Capacity|Electricity|Biomass","GW",1,4.3450407,,7.152385799999998,10.1653046,11.7663485,11.7669761,10.8770481,10.1435967,9.4151702,9.083044800000001,,9.052699800000003,,8.921442,,8.0168315,,6.9090358
"REMIND-MAgPIE 3.5-4.11","Medium - SSP1","Reforming Economies (R10)","Capacity|Electricity|Coal","GW",1,59.5584,,56.0837585,51.76457520000001,45.66491870000001,35.150039,27.0366837,20.11187240000001,13.5259513,7.615158899999999,,1.8563535,,0.03950380000000001,,0.0002602,,0.0001565
"REMIND-MAgPIE 3.5-4.11","Medium - SSP1","Reforming Economies (R10)","Capacity|Electricity|Gas","GW",1,157.6400745,,180.7818582,220.3748092,244.8378064,243.4987839,235.3659939,232.5097378,225.7583141,207.9889162,,164.6701204,,149.9973361,,147.4254157,,143.0158718
"REMIND-MAgPIE 3.5-4.11","Medium - SSP1","Reforming Economies (R10)","Capacity|Electricity|Geothermal","GW",1,0.0949546,,0.1134,0.1447818,0.1638008,0.1686607,0.1686607,0.1686607,0.1686607,0.1686607,,0.1686607,,0.1686607,,0.1686607,,0.1686607
"REMIND-MAgPIE 3.5-4.11","Medium - SSP1","Reforming Economies (R10)","Capacity|Electricity|Hydro","GW",1,76.89038049999999,,81.58577059999999,85.5491365,87.97272229999999,89.1940689,89.56902300000002,89.56902300000002,89.56902300000002,90.5640489,,90.5640489,,90.5640489,,90.5640489,,90.5640489
"REMIND-MAgPIE 3.5-4.11","Medium - SSP1","Reforming Economies (R10)","Capacity|Electricity|Hydrogen","GW",1,0,,0,0.0002,0.0002016,0.0002,0.0002,0.0002,0.0002,0.0002,,0.0002,,0.0002,,0.0002,,0.0002
"REMIND-MAgPIE 3.5-4.11","Medium - SSP1","Reforming Economies (R10)","Capacity|Electricity|Nuclear","GW",1,42.4369819,,40.9676178,37.3860659,32.4180101,27.1164448,22.322246,18.7014386,15.9609011,13.4033968,,7.855905099999999,,1.8490262,,0,,0
"REMIND-MAgPIE 3.5-4.11","Medium - SSP1","Reforming Economies (R10)","Capacity|Electricity|Oil","GW",1,0.7419386,,0.4495695,0.1520669,0.0001,0.0001491,0.0001952,0.000234,0.0002581,0.0002831000000000002,,0.0002827,,0.0001805,,0.0000776,,0
"REMIND-MAgPIE 3.5-4.11","Medium - SSP1","Reforming Economies (R10)","Capacity|Electricity|Solar|CSP","GW",1,0.341243999999999,,1.3653765,3.8012775,4.444205,4.9296322,5.7864505,7.8167054,11.534158,12.5275011,,12.8751867,,13.0588166,,12.9573703,,15.017168
"REMIND-MAgPIE 3.5-4.11","Medium - SSP1","Reforming Economies (R10)","Capacity|Electricity|Solar|PV","GW",1,8.61555,,33.6534567,139.3760172,363.5760968,642.1457364,886.0170686999999,1064.2525653,1211.2258393,1423.3111242,,1525.1655538,,1559.4081992,,1528.2290861,,1488.2574453
"REMIND-MAgPIE 3.5-4.11","Medium - SSP1","Reforming Economies (R10)","Capacity|Electricity|Wind|Offshore","GW",1,0,,0.00008,0.4609128,1.1808142,2.5562532,5.1682427,9.6146386,16.2015752,28.8251242,,49.5879578,,59.4474317,,61.2807888,,61.6186433
"REMIND-MAgPIE 3.5-4.11","Medium - SSP1","Reforming Economies (R10)","Capacity|Electricity|Wind|Onshore","GW",1,3.1426,,5.7030364,7.8111711,10.9521762,16.805911,27.9136997,47.29379880000001,77.5930125,138.0500471,,237.4879592,,284.7072122,,293.4875746,,282.3931371999999
"REMIND-MAgPIE 3.5-4.11","Medium - SSP1","Rest of Asia (R10)","Capacity|Electricity|Biomass","GW",1,10.7406,,9.567412800000001,8.4846,6.674216599999999,4.825400299999999,3.455083,2.8460415,1.2441533,0.2530855,,0.0003,,0.0000531,,0.0000258,,0.0000203
"REMIND-MAgPIE 3.5-4.11","Medium - SSP1","Rest of Asia (R10)","Capacity|Electricity|Coal","GW",1,124.6203,,129.5722787,128.5627078,121.5923034,112.1719209,60.3172319,1.762826,1.2575905,0.4894101,,0.008155699999999001,,0.0000525,,0.0000233,,0.0000138
"REMIND-MAgPIE 3.5-4.11","Medium - SSP1","Rest of Asia (R10)","Capacity|Electricity|Gas","GW",1,191.5124865,,222.9365698,277.2133509999999,328.1523635,361.8446991000001,413.7153832,504.4398121999999,551.1313693,591.3981809,,594.2624395,,605.6738658,,608.9142433,,608.616876
"REMIND-MAgPIE 3.5-4.11","Medium - SSP1","Rest of Asia (R10)","Capacity|Electricity|Geothermal","GW",1,5.442515599999999,,6.4988,8.15511,10.2593803,12.9239952,16.1953696,19.4664,21.6707002,24.5755671,,24.5755671,,24.5755671,,24.5755671,,24.5755671
"REMIND-MAgPIE 3.5-4.11","Medium - SSP1","Rest of Asia (R10)","Capacity|Electricity|Hydro","GW",1,76.94664190000002,,105.4722535,134.198,146.3916868,150.7813382,151.8766531,151.8766531,151.8766531,151.8766531,,151.8766531,,151.8766531,,151.8766531,,151.8766531
"REMIND-MAgPIE 3.5-4.11","Medium - SSP1","Rest of Asia (R10)","Capacity|Electricity|Hydrogen","GW",1,0,,0,0.0002002,0.0002,0.0002,0.0002,0.0002,0.0002,0.0002,,0.0002,,0.0002,,0.0002,,0.0002
"REMIND-MAgPIE 3.5-4.11","Medium - SSP1","Rest of Asia (R10)","Capacity|Electricity|Nuclear","GW",1,26.6284065,,29.2958191,30.1025271,28.7060634,26.0947001,23.2209752,20.98040259999999,19.160202,17.29864599999999,,12.6244493,,5.4914867,,1.0686842,,0.033515
"REMIND-MAgPIE 3.5-4.11","Medium - SSP1","Rest of Asia (R10)","Capacity|Electricity|Oil","GW",1,29.1944716,,19.0714568,7.046480799999999,0.0001,0.0001491,0.0001952,0.000234,0.0002581,0.0002831000000000002,,0.0002827,,0.0001805,,0.0000776,,0
"REMIND-MAgPIE 3.5-4.11","Medium - SSP1","Rest of Asia (R10)","Capacity|Electricity|Solar|CSP","GW",1,0.004750000000000001,,0.004750000000000001,0.1120763,0.1509418,0.1916597,0.2290233,0.267699,0.3009551,0.3403473,,0.3714522,,0.3936803,,0.3994489000000001,,0.3990583
"REMIND-MAgPIE 3.5-4.11","Medium - SSP1","Rest of Asia (R10)","Capacity|Electricity|Solar|PV","GW",1,36.38039999999999,,158.0778479,620.3703043,1408.4229001,2424.3856403,3511.9222445,4362.3323954,4878.9605752,5399.575077199999,,5609.2842638,,5765.561200200001,,5801.632964200001,,5796.3532076
"REMIND-MAgPIE 3.5-4.11","Medium - SSP1","Rest of Asia (R10)","Capacity|Electricity|Wind|Offshore","GW",1,0.597449999999999,,3.3850158,13.1478321,30.4953267,58.5494247,97.071991,141.4486199,185.0904917,251.6071657,,341.8474884,,405.2768445,,424.6055805,,424.8331258999999
"REMIND-MAgPIE 3.5-4.11","Medium - SSP1","Rest of Asia (R10)","Capacity|Electricity|Wind|Onshore","GW",1,7.26915,,24.81498570000001,45.55548349999999,82.0748892,140.4869589,219.7795326999999,309.8599083,398.1208832,541.1950992000001,,735.2977603,,871.7313018,,913.3064976999999,,913.7959371000001
"REMIND-MAgPIE 3.5-4.11","Medium - SSP1","World","Capacity|Electricity|Biomass","GW",1,124.1078217,,128.1842263,129.6197738,115.1192574,94.93409950000002,72.8691574,52.6151241,32.9544927,19.752908,,10.6144665,,8.9681429,,8.017555399999999,,6.9094978
"REMIND-MAgPIE 3.5-4.11","Medium - SSP1","World","Capacity|Electricity|Coal","GW",1,2044.3096208,,2026.9697505,1678.563276,1228.8658593,784.8028860999999,348.6903256,96.7301338,41.7278798,16.2762954,,3.2930009,,0.1372647,,0.002842,,0.10937
"REMIND-MAgPIE 3.5-4.11","Medium - SSP1","World","Capacity|Electricity|Gas","GW",1,1984.9548159,,2148.3620825,2230.8185448,2447.3866948,2862.4638752,3301.8521418,3626.1427758,3760.3665182,3854.4925037,,3793.4822215,,3866.0716502,,3864.138199,,3796.4274371
"REMIND-MAgPIE 3.5-4.11","Medium - SSP1","World","Capacity|Electricity|Geothermal","GW",1,17.29866,,20.6150285,25.1390369,29.4630794,33.75768709999999,38.3054718,42.6092324,45.545717,49.33527890000001,,49.33527890000001,,49.33527890000001,,49.33527890000001,,49.33527890000001
"REMIND-MAgPIE 3.5-4.11","Medium - SSP1","World","Capacity|Electricity|Hydro","GW",1,1267.3466636,,1409.8928042,1512.8859559,1557.6699026,1575.0649128,1580.1549326,1580.6943415,1580.6943415,1583.8489847,,1583.8489847,,1583.8489847,,1583.8489847,,1583.8489847
"REMIND-MAgPIE 3.5-4.11","Medium - SSP1","World","Capacity|Electricity|Hydrogen","GW",1,0,,0,0.0024002,0.0024715,0.0025091,0.0024984,0.0024821,0.0024342,0.0024,,0.0024,,0.0024,,0.0024,,34.01446439999999
"REMIND-MAgPIE 3.5-4.11","Medium - SSP1","World","Capacity|Electricity|Nuclear","GW",1,412.9798725,,400.7240476,372.4311890999999,326.6812181999999,273.6436596,223.4304979,185.6797791,158.5358919,134.9605356,,100.5690786,,71.5652305,,62.9345146,,61.89351500000001
"REMIND-MAgPIE 3.5-4.11","Medium - SSP1","World","Capacity|Electricity|Oil","GW",1,229.5826915,,143.4574664,50.3886501,0.0012,0.001789,0.0023423,0.0028078,0.0030974,0.0033971,,0.0033922,,0.0021661,,0.0009310999999999998,,0
"REMIND-MAgPIE 3.5-4.11","Medium - SSP1","World","Capacity|Electricity|Solar|CSP","GW",1,6.534543999999999,,12.8164525,28.1893245,33.9962881,39.8871766,49.1154472,71.34391440000002,111.2176153,126.7865965,,137.482018,,149.2153781,,156.0434824,,185.1336519
"REMIND-MAgPIE 3.5-4.11","Medium - SSP1","World","Capacity|Electricity|Solar|PV","GW",1,759.3656499999998,,2444.0880196,6522.6944967,12216.2594229,18359.0310004,23848.4790938,27852.7855813,30352.0465107,33039.1727332,,33716.1181319,,35432.72549319999,,36013.89603040001,,36353.01880220001
"REMIND-MAgPIE 3.5-4.11","Medium - SSP1","World","Capacity|Electricity|Wind|Offshore","GW",1,42.63795,,105.4577064,208.0305994,340.8742742,504.3380868,691.7255459,882.4429575999999,1033.3453314,1264.4406468,,1525.1562136,,1687.0102694,,1763.6292504,,1844.5376024
"REMIND-MAgPIE 3.5-4.11","Medium - SSP1","World","Capacity|Electricity|Wind|Onshore","GW",1,683.3241907999999,,1155.1462166,1687.0284457,2296.873354500001,2934.568843699999,3598.2442526,4200.537714599999,4764.707441799999,5881.207646899999,,7156.475693199999,,7942.521379500001,,8232.7151764,,8093.4929483
"REMIND-MAgPIE 3.5-4.11","Very Low - SSP1 (Marker)","Africa (R10)","Capacity|Electricity|Biomass","GW",1,1.377,,1.2718661,1.8827,1.6604474,1.2935674,0.9278683,0.5892258,0.3003376,0.09707470000000001,,0.0003,,0.0000531,,0.0000258,,0.0000203
"REMIND-MAgPIE 3.5-4.11","Very Low - SSP1 (Marker)","Africa (R10)","Capacity|Electricity|Coal","GW",1,39.1032,,34.4884556,29.5712422,9.738613499999998,0.0133646,0.009159699999999,0.0051403,0.0025076,0.0011679,,0.0004,,0.0000531,,0.0000258,,0.0000203
"REMIND-MAgPIE 3.5-4.11","Very Low - SSP1 (Marker)","Africa (R10)","Capacity|Electricity|Gas","GW",1,27.799935,,46.0014724,71.0321898,97.0805502,98.20405140000001,98.3469577,97.1031733,93.0085433,69.05943099999999,,20.3810586,,0.3541204,,0.000041,,0.0000272
"REMIND-MAgPIE 3.5-4.11","Very Low - SSP1 (Marker)","Africa (R10)","Capacity|Electricity|Geothermal","GW",1,0.6725647999999991,,0.8971676999999991,1.1261324,1.3147079,1.4435791,1.5005628,1.5005628,1.5005628,1.5005628,,1.5005628,,1.5005628,,1.5005628,,1.5005628
"REMIND-MAgPIE 3.5-4.11","Very Low - SSP1 (Marker)","Africa (R10)","Capacity|Electricity|Hydro","GW",1,25.7518871,,30.3566355,39.3553006,53.2764,63.76379310000001,70.67868699999998,74.52832649999999,76.2098087,77.76048320000001,,77.76048320000001,,77.76048320000001,,77.76048320000001,,77.76048320000001
"REMIND-MAgPIE 3.5-4.11","Very Low - SSP1 (Marker)","Africa (R10)","Capacity|Electricity|Hydrogen","GW",1,0,,0,0.0002,1.4254882,34.4093475,108.523474,216.3753301,325.5943638,489.1187445,,786.5066743,,1027.1001046,,1115.4409683,,1158.0390967
"REMIND-MAgPIE 3.5-4.11","Very Low - SSP1 (Marker)","Africa (R10)","Capacity|Electricity|Nuclear","GW",1,1.7442,,1.7484116,1.6692443,1.4934746,1.30689,1.1252623,0.9656475999999999,0.8147959,0.6462842,,0.2048753,,0,,0,,0
"REMIND-MAgPIE 3.5-4.11","Very Low - SSP1 (Marker)","Africa (R10)","Capacity|Electricity|Oil","GW",1,2.8002376,,1.7513314,0.6158468,0.0001,0.0001491,0.0001952,0.000234,0.0002581,0.0002831000000000002,,0.0002827,,0.0001805,,0.0000776,,0
"REMIND-MAgPIE 3.5-4.11","Very Low - SSP1 (Marker)","Africa (R10)","Capacity|Electricity|Solar|CSP","GW",1,0.456,,0.699409899999999,1.2144519,2.0563025,3.442658599999999,6.4666506,12.9535342,23.7845441,33.608636,,47.08303530000001,,59.69227000000001,,65.4685086,,79.52751370000001
"REMIND-MAgPIE 3.5-4.11","Very Low - SSP1 (Marker)","Africa (R10)","Capacity|Electricity|Solar|PV","GW",1,5.48205,,25.5131674,127.7655018,425.8312836,993.2834348000001,1826.0011708,2757.9829298,3672.930336200001,5438.519861000001,,8699.6576873,,11636.1647558,,12763.8439681,,13357.0110323
"REMIND-MAgPIE 3.5-4.11","Very Low - SSP1 (Marker)","Africa (R10)","Capacity|Electricity|Wind|Offshore","GW",1,0,,0.3310086,2.4840161,7.881729300000001,19.125597,39.12919390000001,70.54349460000002,113.5446434,194.3625249,,333.9282332999999,,467.7928465,,542.3337696,,563.2505952
"REMIND-MAgPIE 3.5-4.11","Very Low - SSP1 (Marker)","Africa (R10)","Capacity|Electricity|Wind|Onshore","GW",1,3.58155,,9.493482600000002,26.9208619,70.5705102,161.4328581,323.280403,556.9322782999999,837.1257672,1317.2201121,,1974.8624201,,2533.1842753,,2889.9762868,,3002.985195
"REMIND-MAgPIE 3.5-4.11","Very Low - SSP1 (Marker)","China+ (R10)","Capacity|Electricity|Biomass","GW",1,12.2796,,11.8764386,9.8971763,7.8484071,5.7553863,3.7059593,1.8763618,0.4825559,0.0112361,,0.0003,,0.00007240000000000001,,0.0000648,,0.0000483
"REMIND-MAgPIE 3.5-4.11","Very Low - SSP1 (Marker)","China+ (R10)","Capacity|Electricity|Coal","GW",1,1078.8081404,,1164.0203239,865.1430581,243.9305853,25.3657623,0.5966751,0.559317899999999,0.4989514,0.4069192,,0.1090831,,0,,0,,0
"REMIND-MAgPIE 3.5-4.11","Very Low - SSP1 (Marker)","China+ (R10)","Capacity|Electricity|Gas","GW",1,131.371,,182.2588688,294.5870092,519.8456676999998,608.3775757,579.3544876,441.9598891000001,303.9944361,172.8549165,,8.4611388,,0.00009400000000000001,,0.0000754,,0.00004360000000000001
"REMIND-MAgPIE 3.5-4.11","Very Low - SSP1 (Marker)","China+ (R10)","Capacity|Electricity|Geothermal","GW",1,0.0385698,,0.0462,0.1872277,0.3428469,0.3730588,0.3730588,0.3730588,0.3730588,0.3730588,,0.3730588,,0.3730588,,0.3730588,,0.3730588
"REMIND-MAgPIE 3.5-4.11","Very Low - SSP1 (Marker)","China+ (R10)","Capacity|Electricity|Hydro","GW",1,352.4729753,,413.5979123999999,447.2862729999999,463.2362304999999,468.4633678999999,469.2147644,469.2147644,469.2147644,469.2147644,,469.2147644,,469.2147644,,469.2147644,,469.2147644
"REMIND-MAgPIE 3.5-4.11","Very Low - SSP1 (Marker)","China+ (R10)","Capacity|Electricity|Hydrogen","GW",1,0,,0,0.0002,0.0002,171.4430572,277.0352147999999,438.2947721,575.9203512,729.2089812000002,,840.8639221999999,,744.3929115999999,,591.3583596999999,,482.7658684
"REMIND-MAgPIE 3.5-4.11","Very Low - SSP1 (Marker)","China+ (R10)","Capacity|Electricity|Nuclear","GW",1,48.9869612,,68.98396960000002,86.333717,97.4025071,101.9549208,101.8991661,99.1932878,94.6562984,88.4044628,,71.41929480000002,,58,,58,,58
"REMIND-MAgPIE 3.5-4.11","Very Low - SSP1 (Marker)","China+ (R10)","Capacity|Electricity|Oil","GW",1,15.8180276,,10.7677317,4.1528277,0.0001,0.0001491,0.0001952,0.000234,0.0002581,0.0002831000000000002,,0.0002827,,0.0001805,,0.0000776,,0
"REMIND-MAgPIE 3.5-4.11","Very Low - SSP1 (Marker)","China+ (R10)","Capacity|Electricity|Solar|CSP","GW",1,0.4237,,0.931,0.9273043,0.9108803,0.8656550000000001,0.768482999999999,0.716284899999999,0.7304464999999991,0.758567799999999,,0.7196254000000001,,0.6412002,,0.5434300000000001,,0.4804085
"REMIND-MAgPIE 3.5-4.11","Very Low - SSP1 (Marker)","China+ (R10)","Capacity|Electricity|Solar|PV","GW",1,286.1166,,1056.2523786,2397.441758500001,4373.938373499999,5999.1804185,6459.601122600001,6529.514357099999,6404.5723405,6383.071945899999,,6080.7002931,,5519.118656500001,,4564.556817199999,,3863.013124900001
"REMIND-MAgPIE 3.5-4.11","Very Low - SSP1 (Marker)","China+ (R10)","Capacity|Electricity|Wind|Offshore","GW",1,16.30335,,42.02135000000001,80.6918065,141.6494697,211.9842199,270.8667619,307.8918561999999,333.3131551999999,370.9320597999999,,379.9320898999999,,362.2540639,,325.7322066999999,,327.4037076999999
"REMIND-MAgPIE 3.5-4.11","Very Low - SSP1 (Marker)","China+ (R10)","Capacity|Electricity|Wind|Onshore","GW",1,251.6439817,,473.499831,827.5199987,1379.7835504,2003.5137259,2542.5828742,2908.204561699999,3157.2369426,3513.5738992,,3248.769295399999,,2663.1394784,,2070.6049019,,1709.2932044
"REMIND-MAgPIE 3.5-4.11","Very Low - SSP1 (Marker)","Europe (R10)","Capacity|Electricity|Biomass","GW",1,33.4926,,34.91887250000001,35.31060920000001,26.7875272,18.2565324,10.4354113,4.542114500000001,0.8829674000000001,0.040097299999999,,0.0006000000000000001,,0.0000886,,0.0000826,,0.00006580000000000001
"REMIND-MAgPIE 3.5-4.11","Very Low - SSP1 (Marker)","Europe (R10)","Capacity|Electricity|Coal","GW",1,137.7351,,49.2386388,12.2787757,0.2047512,0.1182806,0.1044566,0.08894060000000001,0.07267820000000001,0.0529058,,0.0011227,,0.0005300000000000001,,0.0004137000000000001,,0.0001429
"REMIND-MAgPIE 3.5-4.11","Very Low - SSP1 (Marker)","Europe (R10)","Capacity|Electricity|Gas","GW",1,293.0262269,,289.1104527,142.842069,121.9852298,105.6599465,81.03405099999998,56.7621254,49.03281270000001,27.085677,,2.029836,,0.0267759,,0.0002921000000000001,,0.0001484999999999999
"REMIND-MAgPIE 3.5-4.11","Very Low - SSP1 (Marker)","Europe (R10)","Capacity|Electricity|Geothermal","GW",1,2.9686756,,3.9568328,5.1660702,5.997555699999999,6.3949598,6.5031231,6.5031231,6.5031231,6.5765002,,6.5765002,,6.5765002,,6.5765002,,6.5765002
"REMIND-MAgPIE 3.5-4.11","Very Low - SSP1 (Marker)","Europe (R10)","Capacity|Electricity|Hydro","GW",1,220.1095889,,232.7643075,261.1317561,305.0488,312.1285932,312.1285932,312.1285932,312.1285932,312.1285932,,312.1285932,,312.1285932,,312.1285932,,312.1285932
"REMIND-MAgPIE 3.5-4.11","Very Low - SSP1 (Marker)","Europe (R10)","Capacity|Electricity|Hydrogen","GW",1,0,,0,0.0004,38.918981,114.4810234,170.1752417,207.7137098,218.6863911,234.1904951,,222.9502389,,197.6780043,,167.9252938,,154.9938662
"REMIND-MAgPIE 3.5-4.11","Very Low - SSP1 (Marker)","Europe (R10)","Capacity|Electricity|Nuclear","GW",1,124.8468993,,108.3841297,88.9266655,66.84379440000001,44.9140777,26.0265543,13.3868275,6.170789200000001,0.5360382,,0,,0,,0,,0
"REMIND-MAgPIE 3.5-4.11","Very Low - SSP1 (Marker)","Europe (R10)","Capacity|Electricity|Oil","GW",1,28.3264211,,16.7362377,5.474174600000001,0.0002,0.0002982,0.0003904,0.000468,0.0005162,0.0005662000000000002,,0.0005654,,0.000361,,0.0001552,,0
"REMIND-MAgPIE 3.5-4.11","Very Low - SSP1 (Marker)","Europe (R10)","Capacity|Electricity|Solar|CSP","GW",1,2.1964,,2.1964,2.126973099999999,1.9142987,1.5137088,0.8321241999999991,0.2507065,0.2543056,0.2580935,,0.2418828,,0.2128921,,0.1850047,,0.169476899999999
"REMIND-MAgPIE 3.5-4.11","Very Low - SSP1 (Marker)","Europe (R10)","Capacity|Electricity|Solar|PV","GW",1,171.0487,,368.388957,804.6247993,1335.3511226,1775.7792141,1954.876325,1998.6260547,1984.2723083,1884.8045073,,1604.3120851,,1447.6283119,,1262.3313226,,1178.7264762
"REMIND-MAgPIE 3.5-4.11","Very Low - SSP1 (Marker)","Europe (R10)","Capacity|Electricity|Wind|Offshore","GW",1,25.61665,,54.5004604,91.2664681,132.6276998,171.5167399,203.0957195,229.5663434,249.8468812,282.2324103,,277.3133691,,231.803221,,177.8803498,,145.0964135
"REMIND-MAgPIE 3.5-4.11","Very Low - SSP1 (Marker)","Europe (R10)","Capacity|Electricity|Wind|Onshore","GW",1,190.3723591,,276.1596521,382.3156038,501.0257296999999,602.4818677000001,687.9854682999999,749.9364324999999,785.3111485000001,832.8291945999999,,758.9726069000001,,658.4568676,,556.7342095,,498.3169092999999
"REMIND-MAgPIE 3.5-4.11","Very Low - SSP1 (Marker)","India+ (R10)","Capacity|Electricity|Biomass","GW",1,9.2106,,8.118648899999998,11.5,9.342476600000001,7.1304604,4.924718799999999,2.8617438,1.1222732,0.0006157000000000001,,0.0003,,0.00005290000000000001,,0.0000254,,0.0000204
"REMIND-MAgPIE 3.5-4.11","Very Low - SSP1 (Marker)","India+ (R10)","Capacity|Electricity|Coal","GW",1,247.6141594,,303.1344567,318.4131020999999,185.1330134,1.3504845,0.1053932,0.0020373,0.001728,0.0013069,,0.0004,,0.000053,,0.0000258,,0.0000203
"REMIND-MAgPIE 3.5-4.11","Very Low - SSP1 (Marker)","India+ (R10)","Capacity|Electricity|Gas","GW",1,35.3031077,,43.9134526,80.60036799999999,184.2956267,320.9291832,339.6566145,270.0836123999999,197.1321624,122.9899912,,11.1333383,,0.0000468,,0.00004110000000000001,,0.0000273
"REMIND-MAgPIE 3.5-4.11","Very Low - SSP1 (Marker)","India+ (R10)","Capacity|Electricity|Geothermal","GW",1,0.0238568,,0.051452,0.1362783,0.2519156,0.3515046,0.3730588,0.3730588,0.3730588,0.3730588,,0.3730588,,0.3730588,,0.3730588,,0.3730588
"REMIND-MAgPIE 3.5-4.11","Very Low - SSP1 (Marker)","India+ (R10)","Capacity|Electricity|Hydro","GW",1,52.4028656,,55.56130090000001,58.86740139999999,62.1005278,64.71134320000002,65.92350400000001,66.0694529,66.0694529,66.0694529,,66.0694529,,66.0694529,,66.0694529,,66.0694529
"REMIND-MAgPIE 3.5-4.11","Very Low - SSP1 (Marker)","India+ (R10)","Capacity|Electricity|Hydrogen","GW",1,0,,0,0.0002,0.0002,138.5179627,255.411475,441.3596828000001,592.6284765000001,756.3371363999998,,882.2244421,,902.8672489999998,,852.4669425999999,,775.3877132
"REMIND-MAgPIE 3.5-4.11","Very Low - SSP1 (Marker)","India+ (R10)","Capacity|Electricity|Nuclear","GW",1,8.0428961,,10.1861452,12.9219888,17.25,20.5283372,22.0465303,22.1764342,21.533569,20.4669879,,17.5047245,,17.25,,17.25,,17.25
"REMIND-MAgPIE 3.5-4.11","Very Low - SSP1 (Marker)","India+ (R10)","Capacity|Electricity|Oil","GW",1,4.6963619,,3.0842381,1.1461458,0.0001,0.0001491,0.0001952,0.000234,0.0002581,0.000283,,0.0002827,,0.0001805,,0.0000776,,0
"REMIND-MAgPIE 3.5-4.11","Very Low - SSP1 (Marker)","India+ (R10)","Capacity|Electricity|Solar|CSP","GW",1,0.357,,1.4933903,5.7657089,8.189341599999999,11.6632756,18.1616946,31.4369313,53.271795,61.39851490000001,,62.2374935,,61.99677590000001,,58.66525520000001,,71.49921300000003
"REMIND-MAgPIE 3.5-4.11","Very Low - SSP1 (Marker)","India+ (R10)","Capacity|Electricity|Solar|PV","GW",1,44.982,,206.2840995,771.4195567999999,1885.3093929,3539.0956886,5544.810772299999,7040.153177,7920.535741299999,8878.453659399998,,9058.7738196,,9250.427766100001,,8721.506551800001,,7929.3506958
"REMIND-MAgPIE 3.5-4.11","Very Low - SSP1 (Marker)","India+ (R10)","Capacity|Electricity|Wind|Offshore","GW",1,0,,0.9975640999999991,8.708579099999998,26.479608,57.83203690000001,98.3433277,137.2580204,169.3805399,209.9765417,,235.9281604,,257.4016386999999,,257.7331116999999,,257.7331116999999
"REMIND-MAgPIE 3.5-4.11","Very Low - SSP1 (Marker)","India+ (R10)","Capacity|Electricity|Wind|Onshore","GW",1,40.6035,,76.9286452,163.56054,363.8333656999999,716.6172860999999,1173.1131941,1610.4824801,1971.9415551,2444.5633982,,2545.8373692,,2351.1025113,,2174.1616709,,1963.7525189
"REMIND-MAgPIE 3.5-4.11","Very Low - SSP1 (Marker)","Latin America (R10)","Capacity|Electricity|Biomass","GW",1,19.48859999999999,,19.2712504,18.7459,15.303607,11.6568245,7.831343900000001,4.4254057,1.7804045,0.2804127,,0.0003,,0.0000463,,0.0000421,,0.0000322
"REMIND-MAgPIE 3.5-4.11","Very Low - SSP1 (Marker)","Latin America (R10)","Capacity|Electricity|Coal","GW",1,16.3071,,15.3040012,8.8704297,0.9877743999999999,0.9367652000000001,0.8856909000000001,0.8118198000000001,0.693432199999999,0.5153512,,0.0185311,,0,,0,,0
"REMIND-MAgPIE 3.5-4.11","Very Low - SSP1 (Marker)","Latin America (R10)","Capacity|Electricity|Gas","GW",1,102.3606,,99.66531769999999,96.82576279999998,97.5244486,103.4659511,100.0579138,78.78721750000001,56.0619917,33.303146,,1.8308654,,0.0001229,,0.0001074,,0.00007810000000000001
"REMIND-MAgPIE 3.5-4.11","Very Low - SSP1 (Marker)","Latin America (R10)","Capacity|Electricity|Geothermal","GW",1,2.375946299999999,,2.5508,2.7451038,2.8193705,2.8193705,2.8485588,2.8813694,2.8813694,2.8813694,,2.8813694,,2.8813694,,2.8813694,,2.8813694
"REMIND-MAgPIE 3.5-4.11","Very Low - SSP1 (Marker)","Latin America (R10)","Capacity|Electricity|Hydro","GW",1,211.7261091,,226.5998085,238.8272446,247.0049717,251.4533701,253.0317833,253.0622527,253.0622527,254.6488148,,254.6488148,,254.6488148,,254.6488148,,254.6488148
"REMIND-MAgPIE 3.5-4.11","Very Low - SSP1 (Marker)","Latin America (R10)","Capacity|Electricity|Hydrogen","GW",1,0,,0,0.0002,10.2724746,80.0161187,158.3223217,228.2578917,265.4419973999999,297.1559901000001,,300.1296948,,289.4805054999999,,277.2724398999999,,255.9157656
"REMIND-MAgPIE 3.5-4.11","Very Low - SSP1 (Marker)","Latin America (R10)","Capacity|Electricity|Nuclear","GW",1,5.528611199999999,,5.335185299999999,4.843258700000001,4.2269212,3.5937553,3.0105767,2.5502984,2.1749655,1.7982976,,0.9120547,,0,,0,,0
"REMIND-MAgPIE 3.5-4.11","Very Low - SSP1 (Marker)","Latin America (R10)","Capacity|Electricity|Oil","GW",1,38.8822747,,24.4229518,8.6316148,0.0001,0.0001491,0.0001952,0.000234,0.0002581,0.000283,,0.0002827,,0.0001805,,0.0000776,,0
"REMIND-MAgPIE 3.5-4.11","Very Low - SSP1 (Marker)","Latin America (R10)","Capacity|Electricity|Solar|CSP","GW",1,0.063,,0.8725514999999999,3.1871961,4.589301100000001,6.3102655,9.005278899999999,13.9791353,21.1614807,23.7467482,,22.4760675,,21.7364908,,20.6068421,,26.14189410000001
"REMIND-MAgPIE 3.5-4.11","Very Low - SSP1 (Marker)","Latin America (R10)","Capacity|Electricity|Solar|PV","GW",1,25.2415,,108.0735138,410.0510071,1010.3998296,1749.9459531,2379.4024563,2792.1664939,2922.1472405,2996.5777924,,2730.8478714,,2624.5044975,,2535.86012,,2365.2846872
"REMIND-MAgPIE 3.5-4.11","Very Low - SSP1 (Marker)","Latin America (R10)","Capacity|Electricity|Wind|Offshore","GW",1,0,,0.7928972,7.7221204,22.4680666,47.1046661,79.8975161,113.9145873,141.2574675,175.5672354,,193.4481031,,186.3557489,,167.4497237,,150.8787298
"REMIND-MAgPIE 3.5-4.11","Very Low - SSP1 (Marker)","Latin America (R10)","Capacity|Electricity|Wind|Onshore","GW",1,32.30759999999999,,51.7503,76.1597596,127.4653096,211.4967167,323.492285,438.506994,533.5764527,663.1758612000001,,730.7178477,,703.9276663999998,,632.5133189000001,,569.9191616999999
"REMIND-MAgPIE 3.5-4.11","Very Low - SSP1 (Marker)","Middle East (R10)","Capacity|Electricity|Biomass","GW",1,0.3384,,0.3299261,0.3512,0.3318557,0.3039858,0.2277637,0.1496158,0.07505869999999999,0.0230041,,0.0016218,,0.0000422,,0.00003260000000000001,,0.0000284
"REMIND-MAgPIE 3.5-4.11","Very Low - SSP1 (Marker)","Middle East (R10)","Capacity|Electricity|Coal","GW",1,8.4618,,4.289051700000001,0.0681896,0.06661159999999999,0.0640475,0.05990960000000001,0.05359460000000001,0.0446508,0.0323378,,0.0004,,0.00009970000000000001,,0.0000966,,0.0000842
"REMIND-MAgPIE 3.5-4.11","Very Low - SSP1 (Marker)","Middle East (R10)","Capacity|Electricity|Gas","GW",1,372.1565868,,426.9382853999999,466.5414562,354.4280375999999,420.8734183999999,276.7355884999999,272.1314804,259.9774761,191.7052428,,52.0087847,,0.3689408,,0.00009420000000000003,,0.0000731
"REMIND-MAgPIE 3.5-4.11","Very Low - SSP1 (Marker)","Middle East (R10)","Capacity|Electricity|Geothermal","GW",1,0.1202432,,0.189176,0.2754234,0.346541499999999,0.3730588,0.3730588,0.3730588,0.3730588,0.3730588,,0.3730588,,0.3730588,,0.3730588,,0.3730588
"REMIND-MAgPIE 3.5-4.11","Very Low - SSP1 (Marker)","Middle East (R10)","Capacity|Electricity|Hydro","GW",1,21.8577953,,25.1112142,27.1996165,28.4073,28.5862902,28.5862902,28.5862902,28.5862902,28.5862902,,28.5862902,,28.5862902,,28.5862902,,28.5862902
"REMIND-MAgPIE 3.5-4.11","Very Low - SSP1 (Marker)","Middle East (R10)","Capacity|Electricity|Hydrogen","GW",1,0,,0,0.0002,0.0002,0.0002,217.4328516,309.6422301000001,362.7834667,466.5383451999999,,583.6426289999998,,661.4625626999998,,709.0935598,,711.2676802999999
"REMIND-MAgPIE 3.5-4.11","Very Low - SSP1 (Marker)","Middle East (R10)","Capacity|Electricity|Nuclear","GW",1,2.1392891,,2.481127,2.5735406,2.560577700000001,2.5288216,2.469998,2.3713826,2.217712,1.9911834,,0,,0,,0,,0
"REMIND-MAgPIE 3.5-4.11","Very Low - SSP1 (Marker)","Middle East (R10)","Capacity|Electricity|Oil","GW",1,56.18229220000001,,36.2767942,13.233033,0.0001,0.0001491,0.0001952,0.000234,0.0002581,0.000283,,0.0002827,,0.0001805,,0.0000776,,0
"REMIND-MAgPIE 3.5-4.11","Very Low - SSP1 (Marker)","Middle East (R10)","Capacity|Electricity|Solar|CSP","GW",1,0.962349999999999,,1.8215182,3.3877544,4.772955799999999,6.9715802,11.0039395,18.46562519999999,29.4879665,34.8388346,,35.00051980000001,,37.0381635,,39.18179439999999,,49.5504761
"REMIND-MAgPIE 3.5-4.11","Very Low - SSP1 (Marker)","Middle East (R10)","Capacity|Electricity|Solar|PV","GW",1,10.8381,,61.10817990000001,327.8319128999999,1153.5618222,2424.1274715,3996.4169582,5176.305109400001,5644.3479276,6064.0455831,,5908.681061000001,,6169.7685405,,6591.0994043,,6613.6508981
"REMIND-MAgPIE 3.5-4.11","Very Low - SSP1 (Marker)","Middle East (R10)","Capacity|Electricity|Wind|Offshore","GW",1,0,,0.00009,3.2271151,12.1301437,32.77256980000001,63.744203,94.0840675,123.9504995,166.7883589,,212.4624852,,240.9190364,,239.6879919,,231.329522
"REMIND-MAgPIE 3.5-4.11","Very Low - SSP1 (Marker)","Middle East (R10)","Capacity|Electricity|Wind|Onshore","GW",1,3.814249999999999,,6.431500000000001,34.7244849,92.2305068,196.8415669,355.9657993999999,552.2403752000001,753.4661723999999,1045.1356343,,1307.3180493,,1444.4520645,,1530.4348948,,1504.6076586
"REMIND-MAgPIE 3.5-4.11","Very Low - SSP1 (Marker)","North America (R10)","Capacity|Electricity|Biomass","GW",1,18.3942339,,17.670141,16.44663949999999,14.5526841,11.7488344,6.9814155,3.591473,1.6782714,0.6269901,,0.0003,,0.0000296,,0,,0
"REMIND-MAgPIE 3.5-4.11","Very Low - SSP1 (Marker)","North America (R10)","Capacity|Electricity|Coal","GW",1,259.588421,,217.8087998,106.7455075,2.9074574,2.8281581,2.6884543,2.4580964,2.1015617,1.5707089,,0.079053,,0.000335,,0.0002344,,0.0001362
"REMIND-MAgPIE 3.5-4.11","Very Low - SSP1 (Marker)","North America (R10)","Capacity|Electricity|Gas","GW",1,550.9803515000001,,532.933284,472.6732083,252.4858054,95.15030629999998,75.4163779,71.1047452,48.7520945,26.2567607,,0.599151299999999,,0.0003013,,0.00009420000000000003,,0.0000731
"REMIND-MAgPIE 3.5-4.11","Very Low - SSP1 (Marker)","North America (R10)","Capacity|Electricity|Geothermal","GW",1,3.5882,,3.815,4.62629,5.903391800000001,7.029933799999999,7.570202000000001,7.791158,7.791158,7.791158,,7.791158,,7.791158,,7.791158,,7.791158
"REMIND-MAgPIE 3.5-4.11","Very Low - SSP1 (Marker)","North America (R10)","Capacity|Electricity|Hydro","GW",1,109.7390259,,112.9739282,114.1600767,114.2626,114.2626,114.2626,114.2626,114.2626,114.2626,,114.2626,,114.2626,,114.2626,,114.2626
"REMIND-MAgPIE 3.5-4.11","Very Low - SSP1 (Marker)","North America (R10)","Capacity|Electricity|Hydrogen","GW",1,0,,0,0.0002,65.62977909999998,247.9313934,279.5025981,291.0150255,307.1069178999999,330.3765486999999,,325.6976725,,300.2866898999999,,290.8752177,,301.1893274
"REMIND-MAgPIE 3.5-4.11","Very Low - SSP1 (Marker)","North America (R10)","Capacity|Electricity|Nuclear","GW",1,101.9425666,,88.9524509,73.2695601,55.4663744,37.7777688,22.5260742,12.2871639,6.3877707,2.8052373,,0,,0,,0,,0
"REMIND-MAgPIE 3.5-4.11","Very Low - SSP1 (Marker)","North America (R10)","Capacity|Electricity|Oil","GW",1,24.7957899,,14.4866867,4.665786499999999,0.0001,0.0001491,0.0001952,0.000234,0.0002581,0.000283,,0.0002827,,0.0001805,,0.0000776,,0
"REMIND-MAgPIE 3.5-4.11","Very Low - SSP1 (Marker)","North America (R10)","Capacity|Electricity|Solar|CSP","GW",1,1.72725,,3.4291162,7.822624999999999,9.054224,10.0290181,11.36926,15.8106413,24.0590382,26.0980505,,23.3792948,,21.6325421,,20.7995408,,25.9277114
"REMIND-MAgPIE 3.5-4.11","Very Low - SSP1 (Marker)","North America (R10)","Capacity|Electricity|Solar|PV","GW",1,81.39495000000001,,264.9772316999999,760.6264226999999,1707.016865,2565.744623,2899.7626645,2913.7164818,2843.391367700001,2825.9224862,,2611.7480273,,2459.6387172,,2391.7161868,,2492.2188255
"REMIND-MAgPIE 3.5-4.11","Very Low - SSP1 (Marker)","North America (R10)","Capacity|Electricity|Wind|Offshore","GW",1,0.0323,,1.896008,16.6383273,43.97336,79.44254060000002,111.310023,141.3580964000001,166.6708513,197.6746019,,219.3983605,,205.4522338,,186.26459,,186.26459
"REMIND-MAgPIE 3.5-4.11","Very Low - SSP1 (Marker)","North America (R10)","Capacity|Electricity|Wind|Onshore","GW",1,124.0785,,192.5318548,293.9754586,480.4098259,695.9877493,870.5156575999999,973.1960456,1026.394165,1111.523867,,1021.6539708,,910.4094935,,871.9057859000001,,860.3721472
"REMIND-MAgPIE 3.5-4.11","Very Low - SSP1 (Marker)","Other (R10)","Capacity|Electricity|Biomass","GW",1,3.5613012,,3.7224951,3.529,2.731055899999999,1.9069386,1.1435163,0.585224099999999,0.2402711,0.0539669,,0.0003,,0.0000426,,0.0000405,,0.0000335
"REMIND-MAgPIE 3.5-4.11","Very Low - SSP1 (Marker)","Other (R10)","Capacity|Electricity|Coal","GW",1,28.8153,,12.7490804,0.9536746,0.9430556000000001,0.9208850000000001,0.8789659000000001,0.8070771,0.6929974,0.5214394,,0.0336498,,0.0004689,,0.0002344,,0.0001362
"REMIND-MAgPIE 3.5-4.11","Very Low - SSP1 (Marker)","Other (R10)","Capacity|Electricity|Gas","GW",1,41.9454,,38.9367862,31.9251624,18.2425934,11.573824,8.245832,3.814638599999999,1.2304035,0.4768555,,0.0109248,,0.0001229,,0.0001074,,0.00007810000000000001
"REMIND-MAgPIE 3.5-4.11","Very Low - SSP1 (Marker)","Other (R10)","Capacity|Electricity|Geothermal","GW",1,1.3475007,,1.7864,2.1521971,2.3413018,2.4059962,2.4059962,2.4059962,2.4059962,2.4059962,,2.4059962,,2.4059962,,2.4059962,,2.4059962
"REMIND-MAgPIE 3.5-4.11","Very Low - SSP1 (Marker)","Other (R10)","Capacity|Electricity|Hydro","GW",1,88.46142630000001,,93.18267589999999,105.4992262,126.2584,135.1347849,138.0719434,138.52258,138.52258,138.8935952,,138.8935952,,138.8935952,,138.8935952,,138.8935952
"REMIND-MAgPIE 3.5-4.11","Very Low - SSP1 (Marker)","Other (R10)","Capacity|Electricity|Hydrogen","GW",1,0,,0,0.0002,0.4086135,14.3681847,27.1187285,36.0707566,37.9697419,38.0098068,,33.5548125,,31.4686943,,26.03784510000001,,21.3252679
"REMIND-MAgPIE 3.5-4.11","Very Low - SSP1 (Marker)","Other (R10)","Capacity|Electricity|Nuclear","GW",1,12.6018486,,11.2541743,9.6571907,7.824770599999999,5.969839100000002,4.3118018,3.0932154,1.3370568,0,,0,,0,,0,,0
"REMIND-MAgPIE 3.5-4.11","Very Low - SSP1 (Marker)","Other (R10)","Capacity|Electricity|Oil","GW",1,3.0688317,,1.7988071,0.5820284,0.0001,0.0001491,0.0001952,0.000234,0.0002581,0.0002831000000000002,,0.0002827,,0.0001805,,0.0000776,,0
"REMIND-MAgPIE 3.5-4.11","Very Low - SSP1 (Marker)","Other (R10)","Capacity|Electricity|Solar|CSP","GW",1,0.00285,,0.00285,0.0258302,0.0309599,0.035962999999999,0.04056299999999999,0.04369770000000001,0.0451042,0.0476548,,0.0475706,,0.0461676,,0.04262290000000001,,0.0382266
"REMIND-MAgPIE 3.5-4.11","Very Low - SSP1 (Marker)","Other (R10)","Capacity|Electricity|Solar|PV","GW",1,22.2547,,62.70936,152.6291871,262.5313519999999,384.4589190999999,483.922402,535.7791009000001,537.3317419,535.1728891,,481.8781013,,459.5953009999999,,401.2110701999999,,347.2975054999999
"REMIND-MAgPIE 3.5-4.11","Very Low - SSP1 (Marker)","Other (R10)","Capacity|Electricity|Wind|Offshore","GW",1,0,,0.332045299999999,1.8200826,5.0423857,10.8724548,19.6693154,30.3412249,41.02211720000001,55.50128139999999,,65.24429850000001,,62.2579684,,55.15389739999999,,42.98706179999999
"REMIND-MAgPIE 3.5-4.11","Very Low - SSP1 (Marker)","Other (R10)","Capacity|Electricity|Wind|Onshore","GW",1,22.73065,,32.53857880000001,31.8770643,30.53497810000001,27.96671979999999,27.757665,29.4123191,33.0722433,44.7454205,,52.6002913,,50.1926965,,44.46535770000001,,34.6563918
"REMIND-MAgPIE 3.5-4.11","Very Low - SSP1 (Marker)","Pacific OECD (R10)","Capacity|Electricity|Biomass","GW",1,10.879846,,14.284789,16.6136451,16.2070067,13.088811,9.871978399999998,6.861805899999999,4.186481499999999,1.9807716,,0.0172414,,0.00004460000000000001,,0.00003840000000000001,,0.00003180000000000001
"REMIND-MAgPIE 3.5-4.11","Very Low - SSP1 (Marker)","Pacific OECD (R10)","Capacity|Electricity|Coal","GW",1,43.6977,,40.28090520000001,32.3205744,10.2304991,0.693046699999999,0.011703,0.0082351,0.005294499999999001,0.0028058,,0.0004,,0.0000463,,0.0000421,,0.0000322
"REMIND-MAgPIE 3.5-4.11","Very Low - SSP1 (Marker)","Pacific OECD (R10)","Capacity|Electricity|Gas","GW",1,80.85904699999999,,84.88573469999999,85.83876529999999,62.10397990000001,36.7406219,40.45649419999999,39.36845570000001,36.80888649999999,25.8457607,,10.0304121,,0.3590543,,0.0001231,,0.00006430000000000003
"REMIND-MAgPIE 3.5-4.11","Very Low - SSP1 (Marker)","Pacific OECD (R10)","Capacity|Electricity|Geothermal","GW",1,0.6256328,,0.7098,1.1389723,2.014465099999999,3.2009753,4.343695100000001,5.184914999999998,5.627303299999999,6.0435529,,6.0435529,,6.0435529,,6.0435529,,6.0435529
"REMIND-MAgPIE 3.5-4.11","Very Low - SSP1 (Marker)","Pacific OECD (R10)","Capacity|Electricity|Hydro","GW",1,30.9879676,,32.6869971,35.3527378,38.5256,40.63545280000001,41.4924224,41.6195819,41.6195819,41.71225,,41.71225,,41.71225,,41.71225,,41.71225
"REMIND-MAgPIE 3.5-4.11","Very Low - SSP1 (Marker)","Pacific OECD (R10)","Capacity|Electricity|Hydrogen","GW",1,0,,0,0.0002,6.368925299999999,22.2610369,28.7615693,35.16103890000001,38.3473261,49.8301554,,56.9060897,,60.5843569,,49.472811,,37.3419231
"REMIND-MAgPIE 3.5-4.11","Very Low - SSP1 (Marker)","Pacific OECD (R10)","Capacity|Electricity|Nuclear","GW",1,38.0812121,,33.13501720000001,27.5207538,21.2512842,14.9652499,9.367224,5.5043022,3.287900200000001,1.9573919,,1.3725551,,1.0746382,,0.546698,,0.0917293
"REMIND-MAgPIE 3.5-4.11","Very Low - SSP1 (Marker)","Pacific OECD (R10)","Capacity|Electricity|Oil","GW",1,25.0760445,,14.6116614,4.6886452,0.0001,0.0001491,0.0001952,0.000234,0.0002581,0.000283,,0.0002827,,0.0001805,,0.0000776,,0
"REMIND-MAgPIE 3.5-4.11","Very Low - SSP1 (Marker)","Pacific OECD (R10)","Capacity|Electricity|Solar|CSP","GW",1,0,,0.00009,0.0005899000000000001,0.0010888,0.0015818,0.0020567,0.0024899,0.0028429,0.003308,,0.0033482,,0.0033377,,0.0033109,,0.0033852
"REMIND-MAgPIE 3.5-4.11","Very Low - SSP1 (Marker)","Pacific OECD (R10)","Capacity|Electricity|Solar|PV","GW",1,67.01110000000001,,99.04982690000001,201.1413566,400.1444979,595.9681746,640.6056304,634.3060181999999,590.0672976999998,540.5492138999999,,429.6059607,,411.5771196999999,,348.9807113999999,,281.6800012
"REMIND-MAgPIE 3.5-4.11","Very Low - SSP1 (Marker)","Pacific OECD (R10)","Capacity|Electricity|Wind|Offshore","GW",1,0.0882,,1.2011869,8.371086800000002,29.59604,67.08603719999999,105.3180357,131.2476774,146.0907225,161.9419583,,157.0701379,,138.2501716,,110.4221105,,80.99825430000001
"REMIND-MAgPIE 3.5-4.11","Very Low - SSP1 (Marker)","Pacific OECD (R10)","Capacity|Electricity|Wind|Onshore","GW",1,3.78005,,5.29435,8.6190258,19.2713922,38.3877057,58.7012986,72.0956387,79.609122,88.24692550000002,,85.59212760000001,,75.3365757,,60.17230870000001,,44.13836990000001
"REMIND-MAgPIE 3.5-4.11","Very Low - SSP1 (Marker)","Reforming Economies (R10)","Capacity|Electricity|Biomass","GW",1,4.3450407,,7.152385799999998,9.115794300000001,9.1906924,7.586922400000001,5.923308700000002,4.2561363,2.6806157,1.3245467,,0.0006490000000000001,,0.0003878,,0.0002598,,0.0001566
"REMIND-MAgPIE 3.5-4.11","Very Low - SSP1 (Marker)","Reforming Economies (R10)","Capacity|Electricity|Coal","GW",1,59.5584,,56.0837585,44.73279030000001,23.4732868,9.471326399999999,0.0077502,0.0049486,0.0026407,0.0011131,,0.0004,,0.0000531,,0.0000258,,0.0000203
"REMIND-MAgPIE 3.5-4.11","Very Low - SSP1 (Marker)","Reforming Economies (R10)","Capacity|Electricity|Gas","GW",1,157.6400745,,180.7818582,206.0993311,158.0575048,132.2086183,109.108235,80.2553222,57.5818998,35.4402592,,3.2488943,,0.0000468,,0.00004110000000000001,,0.0000273
"REMIND-MAgPIE 3.5-4.11","Very Low - SSP1 (Marker)","Reforming Economies (R10)","Capacity|Electricity|Geothermal","GW",1,0.0949546,,0.1134,0.185451,0.30093,0.4217803000000001,0.5116940999999999,0.5534817,0.5534817,0.5534817,,0.5534817,,0.5534817,,0.5534817,,0.5534817
"REMIND-MAgPIE 3.5-4.11","Very Low - SSP1 (Marker)","Reforming Economies (R10)","Capacity|Electricity|Hydro","GW",1,76.89038049999999,,81.58577059999999,87.93322590000002,95.26750000000001,101.4649549,105.2202991,106.6709906,106.6709906,107.4753691,,107.4753691,,107.4753691,,107.4753691,,107.4753691
"REMIND-MAgPIE 3.5-4.11","Very Low - SSP1 (Marker)","Reforming Economies (R10)","Capacity|Electricity|Hydrogen","GW",1,0,,0,0.0002,0.0002,0.0002,48.5313927,91.0320982,121.5076264,156.7317589,,201.3993675,,231.2813363,,234.5424051,,221.9281357
"REMIND-MAgPIE 3.5-4.11","Very Low - SSP1 (Marker)","Reforming Economies (R10)","Capacity|Electricity|Nuclear","GW",1,42.4369819,,40.9676178,37.75239590000001,33.15833500000001,28.0415721,23.24560719999999,19.61987060000001,16.868515,14.2906683,,8.6548264,,0,,0,,0
"REMIND-MAgPIE 3.5-4.11","Very Low - SSP1 (Marker)","Reforming Economies (R10)","Capacity|Electricity|Oil","GW",1,0.7419386,,0.4495695,0.152067,0.0001,0.0001491,0.0001952,0.000234,0.0002581,0.000283,,0.0002827,,0.0001805,,0.0000776,,0
"REMIND-MAgPIE 3.5-4.11","Very Low - SSP1 (Marker)","Reforming Economies (R10)","Capacity|Electricity|Solar|CSP","GW",1,0.341243999999999,,1.3653765,3.7476566,4.483863500000001,5.392537499999999,7.1690836,10.9014446,17.1266173,19.559733,,21.1893647,,23.0902394,,23.3091405,,28.3030838
"REMIND-MAgPIE 3.5-4.11","Very Low - SSP1 (Marker)","Reforming Economies (R10)","Capacity|Electricity|Solar|PV","GW",1,8.61555,,33.6534567,177.7078703,616.7512168999999,1198.5487943,1643.4742643,1829.0835641,1894.4079024,1987.8752478,,2066.8588347,,2329.7751147,,2364.1789768,,2268.001136400001
"REMIND-MAgPIE 3.5-4.11","Very Low - SSP1 (Marker)","Reforming Economies (R10)","Capacity|Electricity|Wind|Offshore","GW",1,0,,0.00008,2.1698833,9.407871399999998,25.7331347,48.9636375,72.0084147,91.1722166,118.0891632,,152.1602196,,173.7114726,,174.2983419,,176.9274179000001
"REMIND-MAgPIE 3.5-4.11","Very Low - SSP1 (Marker)","Reforming Economies (R10)","Capacity|Electricity|Wind|Onshore","GW",1,3.1426,,5.7030364,15.9958179,50.353416,127.8052448,237.6597626,346.1117218,436.6443914,562.7163513,,667.9976456999999,,706.7331889000001,,709.5488006,,656.6048354000001
"REMIND-MAgPIE 3.5-4.11","Very Low - SSP1 (Marker)","Rest of Asia (R10)","Capacity|Electricity|Biomass","GW",1,10.7406,,9.567412800000001,8.744899999999998,6.8678306,4.957605,3.0952543,1.4406411,0.2195594,0.0013159,,0.0003,,0.00005290000000000001,,0.0000254,,0.0000197
"REMIND-MAgPIE 3.5-4.11","Very Low - SSP1 (Marker)","Rest of Asia (R10)","Capacity|Electricity|Coal","GW",1,124.6203,,129.5722787,125.1566917,47.52549130000001,0.1881822,0.0062083,0.005232199999999,0.0040729,0.0027767,,0.0004,,0.0000531,,0.0000258,,0.0000203
"REMIND-MAgPIE 3.5-4.11","Very Low - SSP1 (Marker)","Rest of Asia (R10)","Capacity|Electricity|Gas","GW",1,191.5124865,,222.9365698,280.6840652,335.6866071,309.2003829,268.8118659,255.1087302,239.2078214,169.8404216,,35.5540957,,0.1535214,,0.000041,,0.0000272
"REMIND-MAgPIE 3.5-4.11","Very Low - SSP1 (Marker)","Rest of Asia (R10)","Capacity|Electricity|Geothermal","GW",1,5.442515599999999,,6.4988,7.9839119,9.521833899999999,10.9310215,12.1028314,12.8924078,13.1730935,13.8116859,,13.8116859,,13.8116859,,13.8116859,,13.8116859
"REMIND-MAgPIE 3.5-4.11","Very Low - SSP1 (Marker)","Rest of Asia (R10)","Capacity|Electricity|Hydro","GW",1,76.94664190000002,,105.4722535,124.9630575,134.3189607,137.965453,138.7803401,138.7803401,138.7803401,138.7803401,,138.7803401,,138.7803401,,138.7803401,,138.7803401
"REMIND-MAgPIE 3.5-4.11","Very Low - SSP1 (Marker)","Rest of Asia (R10)","Capacity|Electricity|Hydrogen","GW",1,0,,0,0.0002,4.168386499999999,103.2077013,277.9682299999999,406.5783924999999,490.1326800000001,655.1103397,,850.1672775999999,,943.0178472,,925.1442397,,875.2911833000001
"REMIND-MAgPIE 3.5-4.11","Very Low - SSP1 (Marker)","Rest of Asia (R10)","Capacity|Electricity|Nuclear","GW",1,26.6284065,,29.2958191,30.7066018,30.1589184,28.1387468,25.4569057,23.207026,21.3656001,19.462905,,14.6036959,,7.0550688,,0,,0
"REMIND-MAgPIE 3.5-4.11","Very Low - SSP1 (Marker)","Rest of Asia (R10)","Capacity|Electricity|Oil","GW",1,29.1944716,,19.0714568,7.0464809,0.0001,0.0001491,0.0001952,0.000234,0.0002581,0.000283,,0.0002827,,0.0001805,,0.0000776,,0
"REMIND-MAgPIE 3.5-4.11","Very Low - SSP1 (Marker)","Rest of Asia (R10)","Capacity|Electricity|Solar|CSP","GW",1,0.004750000000000001,,0.004750000000000001,0.1150573,0.1619749,0.2303984,0.3249507,0.4111734,0.477318,0.563268,,0.623371,,0.6537845,,0.6370834,,0.6048044
"REMIND-MAgPIE 3.5-4.11","Very Low - SSP1 (Marker)","Rest of Asia (R10)","Capacity|Electricity|Solar|PV","GW",1,36.38039999999999,,158.0778479,678.5434229,1774.5612549,3392.639322200001,5026.7082511,6243.145839000001,6975.596574400001,7961.734729999999,,8573.5048908,,9101.777242800003,,8903.2555888,,8421.233674000001
"REMIND-MAgPIE 3.5-4.11","Very Low - SSP1 (Marker)","Rest of Asia (R10)","Capacity|Electricity|Wind|Offshore","GW",1,0.597449999999999,,3.3850158,19.148663,59.8268453,139.0897227,254.7634419,393.7470252,528.5596799,719.3143922,,872.5673837999999,,915.9588669999999,,886.5865213,,834.1978794
"REMIND-MAgPIE 3.5-4.11","Very Low - SSP1 (Marker)","Rest of Asia (R10)","Capacity|Electricity|Wind|Onshore","GW",1,7.26915,,24.81498570000001,58.4629866,145.1655967,313.7253261999999,558.9663764,852.5418311,1136.906843,1547.2111964,,1876.8511247,,1970.1841502,,1907.0056256,,1794.3201374
"REMIND-MAgPIE 3.5-4.11","Very Low - SSP1 (Marker)","World","Capacity|Electricity|Biomass","GW",1,124.1078217,,128.1842263,132.1375644,110.8235905,83.68586819999999,55.06853840000001,31.1797477,13.6487963,4.4400319,,0.022212199999999,,0.0009129,,0.0006372,,0.000457
"REMIND-MAgPIE 3.5-4.11","Very Low - SSP1 (Marker)","World","Capacity|Electricity|Coal","GW",1,2044.3096208,,2026.9697505,1544.2540359,525.1411396,41.9503032,5.354366799999999,4.804439799999999,4.120515499999998,3.1088328,,0.2438397,,0.0016922,,0.0011244,,0.0006129999999999999
"REMIND-MAgPIE 3.5-4.11","Very Low - SSP1 (Marker)","World","Capacity|Electricity|Gas","GW",1,1984.9548159,,2148.3620825,2229.6493873,2201.7360512,2242.3838796,1977.2244182,1666.4793899,1342.7885281,874.8584622,,145.2885001,,1.2631475,,0.001058,,0.000668
"REMIND-MAgPIE 3.5-4.11","Very Low - SSP1 (Marker)","World","Capacity|Electricity|Geothermal","GW",1,17.29866,,20.6150285,25.7230581,31.15486080000001,35.74523890000001,38.9058401,40.8321904,41.55526439999999,42.68348349999999,,42.68348349999999,,42.68348349999999,,42.68348349999999,,42.68348349999999
"REMIND-MAgPIE 3.5-4.11","Very Low - SSP1 (Marker)","World","Capacity|Electricity|Hydro","GW",1,1267.3466636,,1409.8928042,1540.5759164,1667.7072908,1718.5700034,1737.3912269,1743.4457725,1745.1272547,1749.532553,,1749.532553,,1749.532553,,1749.532553,,1749.532553
"REMIND-MAgPIE 3.5-4.11","Very Low - SSP1 (Marker)","World","Capacity|Electricity|Hydrogen","GW",1,0,,0,0.0024,127.1934483,926.6362256999998,1848.7830972,2701.5009283,3336.1193389,4202.608302,,5084.042821000001,,5389.620262300001,,5239.6300827,,4995.445827699999
"REMIND-MAgPIE 3.5-4.11","Very Low - SSP1 (Marker)","World","Capacity|Electricity|Nuclear","GW",1,412.9798725,,400.7240476,376.1749171,337.6369573999999,289.7199793999999,241.4857007,204.3554562,176.8149727,152.3594566,,114.6720267,,83.37970699999998,,75.796698,,75.34172930000001
"REMIND-MAgPIE 3.5-4.11","Very Low - SSP1 (Marker)","World","Capacity|Electricity|Oil","GW",1,229.5826915,,143.4574664,50.3886508,0.0012,0.001789,0.0023423,0.0028077,0.0030972,0.0033968,,0.0033922,,0.0021661,,0.0009310999999999998,,0
"REMIND-MAgPIE 3.5-4.11","Very Low - SSP1 (Marker)","World","Capacity|Electricity|Solar|CSP","GW",1,6.534543999999999,,12.8164525,28.3211478,36.16519100000001,46.45664249999999,65.14408470000001,104.9716643,170.4014589,200.8814092,,213.0015737,,226.7438638,,229.4425336,,282.2461936999999
"REMIND-MAgPIE 3.5-4.11","Very Low - SSP1 (Marker)","World","Capacity|Electricity|Solar|PV","GW",1,759.3656499999998,,2444.0880196,6809.782795799999,14945.3970112,24618.7720138,32855.58201730001,38450.77912599999,41389.6007787,45496.7279161,,48246.5686323,,51409.9760236,,50848.5407181,,49117.46805700001
"REMIND-MAgPIE 3.5-4.11","Very Low - SSP1 (Marker)","World","Capacity|Electricity|Wind|Offshore","GW",1,42.63795,,105.4577064,242.2481484,491.0832194999999,862.5597194,1295.1011757,1721.960808,2104.8087742,2652.3805278,,3099.4528413,,3242.1572689,,3123.5426145,,2997.0672831
"REMIND-MAgPIE 3.5-4.11","Very Low - SSP1 (Marker)","World","Capacity|Electricity|Wind|Onshore","GW",1,683.3241907999999,,1155.1462166,1920.131602,3260.6441814,5096.2567672,7160.0207841,9089.6606782,10751.284803,13170.9418602,,14271.1727486,,14067.1189683,,13447.5231613,,12638.9665297
"REMIND-MAgPIE 3.5-4.11","High - SSP2","Africa (R10)","Capacity|Electricity|Biomass","GW",1,1.377,,1.2718661,1.2386893,1.1775637,1.0048935,0.8054289,0.5917437999999999,0.3674194,0.1458734,,0.0005750999999999999,,0.0003542,,0.0001811,,0.0000799
"REMIND-MAgPIE 3.5-4.11","High - SSP2","Africa (R10)","Capacity|Electricity|Coal","GW",1,39.1032,,34.4884556,29.5712422,24.3495875,18.7598405,12.7599874,6.971508200000001,3.1800564,1.2507826,,0.0195941,,0.001058,,0.000729,,0.000429
"REMIND-MAgPIE 3.5-4.11","High - SSP2","Africa (R10)","Capacity|Electricity|Gas","GW",1,27.799935,,46.0014724,66.0724499,85.73490540000002,106.9110591,132.5544567,163.4117268,195.5157732,227.0989166,,313.1040118,,476.1746183,,645.3930926,,847.5937770000002
"REMIND-MAgPIE 3.5-4.11","High - SSP2","Africa (R10)","Capacity|Electricity|Geothermal","GW",1,0.6725647999999991,,0.8971676999999991,1.1154578,1.305846,1.4570135,1.5544478,1.5933978,1.5933978,1.6649279,,1.6649279,,1.6649279,,1.6649279,,1.6649279
"REMIND-MAgPIE 3.5-4.11","High - SSP2","Africa (R10)","Capacity|Electricity|Hydro","GW",1,25.7518871,,30.3566355,34.9760668,39.3203287,43.25958139999999,46.5919654,49.2147239,51.0813465,53.49360830000001,,53.7545665,,53.7545665,,53.7545665,,53.7545665
"REMIND-MAgPIE 3.5-4.11","High - SSP2","Africa (R10)","Capacity|Electricity|Hydrogen","GW",1,0,,0,0.0002,0.0002,0.0002,0.0002,0.0002,0.0002,0.0002,,0.0002,,0.0002,,0.0002,,0.0002
"REMIND-MAgPIE 3.5-4.11","High - SSP2","Africa (R10)","Capacity|Electricity|Nuclear","GW",1,1.7442,,1.7484116,1.6457514,1.4699845,1.283424,1.1018835,0.942483699999999,0.7920622999999991,0.624307099999999,,0.1859491,,0.0673127,,0.0028934,,0
"REMIND-MAgPIE 3.5-4.11","High - SSP2","Africa (R10)","Capacity|Electricity|Oil","GW",1,2.8002376,,1.7513314,0.6158468,0.0001,0.0001491,0.0001952,0.000234,0.0002581,0.0002831000000000002,,0.0002827,,0.0001805,,0.0000776,,0
"REMIND-MAgPIE 3.5-4.11","High - SSP2","Africa (R10)","Capacity|Electricity|Solar|CSP","GW",1,0.456,,0.699409899999999,1.0668341,1.4985048,2.0772872,3.2114279,5.665283799999999,9.7500074,13.1176707,,19.2765259,,29.3065045,,39.87382939999999,,56.7586375
"REMIND-MAgPIE 3.5-4.11","High - SSP2","Africa (R10)","Capacity|Electricity|Solar|PV","GW",1,5.48205,,25.5131674,85.1405514,209.5174638,402.8797942,665.0074812,982.7270255999999,1325.3505327,1812.1902411,,2700.7358989,,4318.841209900001,,6498.883418199999,,9303.859869299999
"REMIND-MAgPIE 3.5-4.11","High - SSP2","Africa (R10)","Capacity|Electricity|Wind|Offshore","GW",1,0,,0.3310086,1.641459,4.085369500000001,8.2225148,14.5438079,23.48057619999999,35.8003073,59.982214,,117.6819654,,221.4197191,,341.4706649,,467.7928465
"REMIND-MAgPIE 3.5-4.11","High - SSP2","Africa (R10)","Capacity|Electricity|Wind|Onshore","GW",1,3.58155,,9.493482600000002,20.0370592,39.55375220000001,72.3532453,122.4145709,193.4105356,284.4226623,448.7073523,,776.9851428,,1265.4647494,,1805.2505016,,2220.4220451
"REMIND-MAgPIE 3.5-4.11","High - SSP2","China+ (R10)","Capacity|Electricity|Biomass","GW",1,12.2796,,11.8764386,10.3477735,8.721749399999998,6.9898132,5.1869261,3.4294038,1.8837432,0.7081272,,0.0003,,0.0000738,,0.0000648,,0.0000483
"REMIND-MAgPIE 3.5-4.11","High - SSP2","China+ (R10)","Capacity|Electricity|Coal","GW",1,1078.8081404,,1164.0203239,1001.9248616,893.1258654,751.4627266999998,604.2477662,462.3779672,295.2284281999999,67.66708009999999,,15.9921829,,4.4358141,,0.3313486,,0.0001362
"REMIND-MAgPIE 3.5-4.11","High - SSP2","China+ (R10)","Capacity|Electricity|Gas","GW",1,131.371,,182.2588688,191.605661,213.8308873,288.4342346,367.1196863000001,435.9738258,489.8492186,561.592099,,551.6935531,,542.2231156,,521.5752476,,506.3356576
"REMIND-MAgPIE 3.5-4.11","High - SSP2","China+ (R10)","Capacity|Electricity|Geothermal","GW",1,0.0385698,,0.0462,0.1649093,0.2904455,0.3650005,0.3730588,0.3730588,0.3730588,0.3730588,,0.3730588,,0.3730588,,0.3730588,,0.3730588
"REMIND-MAgPIE 3.5-4.11","High - SSP2","China+ (R10)","Capacity|Electricity|Hydro","GW",1,352.4729753,,413.5979123999999,445.5577149,459.6065457,464.6670275,465.8464063,465.8464063,465.8464063,465.8746697,,465.8746697,,465.8746697,,465.8746697,,465.8746697
"REMIND-MAgPIE 3.5-4.11","High - SSP2","China+ (R10)","Capacity|Electricity|Hydrogen","GW",1,0,,0,0.0002,0.0002,0.0002,0.0002,0.0002,0.0002,0.0002,,0.0002,,0.0002,,0.0002,,0.0002
"REMIND-MAgPIE 3.5-4.11","High - SSP2","China+ (R10)","Capacity|Electricity|Nuclear","GW",1,48.9869612,,68.98396960000002,86.19021310000001,97.89311000000001,104.6460905,107.2091038,106.435698,102.7058968,96.42711410000001,,75.12694909999999,,44.21800590000001,,17.8163262,,4.582075799999999
"REMIND-MAgPIE 3.5-4.11","High - SSP2","China+ (R10)","Capacity|Electricity|Oil","GW",1,15.8180276,,10.7677317,4.1528277,0.0001,0.0001491,0.0001952,0.000234,0.0002581,0.0002831000000000002,,0.0002827,,0.0001805,,0.0000776,,0
"REMIND-MAgPIE 3.5-4.11","High - SSP2","China+ (R10)","Capacity|Electricity|Solar|CSP","GW",1,0.4237,,0.931,0.9268542999999999,0.9099807,0.8643094000000001,0.7667042000000001,0.586962199999999,0.5318103,0.5255866999999991,,0.5137395,,0.4971397,,0.4769888,,0.4664818000000001
"REMIND-MAgPIE 3.5-4.11","High - SSP2","China+ (R10)","Capacity|Electricity|Solar|PV","GW",1,286.1166,,1056.2523786,1876.9131469,2597.5005092,3228.066007,3764.141132700001,4163.070083099999,4359.8889382,4518.1671175,,4282.6176019,,4191.0631051,,4038.5714314,,3954.857136500001
"REMIND-MAgPIE 3.5-4.11","High - SSP2","China+ (R10)","Capacity|Electricity|Wind|Offshore","GW",1,16.30335,,42.02135000000001,64.1555197,86.82046999999999,109.6215073,129.2684058,143.6656093,157.7965994,189.9303737,,228.1617623,,263.8483228,,294.4485746999999,,325.7322066999999
"REMIND-MAgPIE 3.5-4.11","High - SSP2","China+ (R10)","Capacity|Electricity|Wind|Onshore","GW",1,251.6439817,,473.499831,670.8835906,860.4276810999999,1033.9050173,1201.3229988,1352.6068735,1494.6942399,1799.074483,,1938.4236338,,1861.9128223,,1751.0748524,,1661.4848447
"REMIND-MAgPIE 3.5-4.11","High - SSP2","Europe (R10)","Capacity|Electricity|Biomass","GW",1,33.4926,,34.91887250000001,31.5335867,23.6656564,15.8936167,11.8419526,8.232991,5.580508500000001,2.3221475,,0.0355492,,0.0002935,,0.000134,,0.00006440000000000001
"REMIND-MAgPIE 3.5-4.11","High - SSP2","Europe (R10)","Capacity|Electricity|Coal","GW",1,137.7351,,49.2386388,28.7398042,24.4131305,19.8657869,15.1182895,10.4724239,6.750511900000003,3.7118477,,0.1475341,,0.0008488,,0.0006278000000000001,,0.0003792
"REMIND-MAgPIE 3.5-4.11","High - SSP2","Europe (R10)","Capacity|Electricity|Gas","GW",1,293.0262269,,289.1104527,168.5959107,190.0365338,210.9400252,221.7006477,221.4499017,224.9556118,230.774548,,229.6572879,,241.8538863,,254.8362422,,265.0197606
"REMIND-MAgPIE 3.5-4.11","High - SSP2","Europe (R10)","Capacity|Electricity|Geothermal","GW",1,2.9686756,,3.9568328,5.225480299999999,6.4299923,7.5303491,8.4806622,9.1735733,9.6175396,10.2807021,,10.2807021,,10.2807021,,10.2807021,,10.2807021
"REMIND-MAgPIE 3.5-4.11","High - SSP2","Europe (R10)","Capacity|Electricity|Hydro","GW",1,220.1095889,,232.7643075,236.3587977,236.4644621,236.4644621,236.4644621,236.4644621,236.4644621,236.492559,,236.492559,,236.492559,,236.492559,,236.492559
"REMIND-MAgPIE 3.5-4.11","High - SSP2","Europe (R10)","Capacity|Electricity|Hydrogen","GW",1,0,,0,0.0004,0.0004,0.0004029,0.0004,0.0004,0.0004,0.0004,,0.0004,,0.0004,,0.0004,,0.0004
"REMIND-MAgPIE 3.5-4.11","High - SSP2","Europe (R10)","Capacity|Electricity|Nuclear","GW",1,124.8468993,,108.3841297,88.9266655,66.84379440000001,44.9140777,26.0265543,13.3868275,6.170789200000001,1.8819098,,0.2678119,,0.045925999999999,,0,,0
"REMIND-MAgPIE 3.5-4.11","High - SSP2","Europe (R10)","Capacity|Electricity|Oil","GW",1,28.3264211,,16.7362377,5.474174700000001,0.0002,0.0002982,0.0003904,0.000468,0.0005162,0.0005661000000000003,,0.0005654,,0.000361,,0.0001552,,0
"REMIND-MAgPIE 3.5-4.11","High - SSP2","Europe (R10)","Capacity|Electricity|Solar|CSP","GW",1,2.1964,,2.1964,2.125668199999999,1.9095571,1.5027795,0.8175471,0.2055813,0.208460199999999,0.2182053,,0.2252028,,0.2394246,,0.2526468,,0.2612163
"REMIND-MAgPIE 3.5-4.11","High - SSP2","Europe (R10)","Capacity|Electricity|Solar|PV","GW",1,171.0487,,368.388957,763.6222612999999,1039.8065852,1251.9914314,1405.0436075,1500.3975853,1538.2907256,1569.8897092,,1541.2073762,,1635.258143,,1714.6206914,,1813.9565341
"REMIND-MAgPIE 3.5-4.11","High - SSP2","Europe (R10)","Capacity|Electricity|Wind|Offshore","GW",1,25.61665,,54.5004604,87.59447080000001,116.4938433,141.9410077,161.188231,175.6614154,185.4885692,212.0350672,,249.0035789,,288.153579,,319.005825,,344.7338254999999
"REMIND-MAgPIE 3.5-4.11","High - SSP2","Europe (R10)","Capacity|Electricity|Wind|Onshore","GW",1,190.3723591,,276.1596521,374.9993221,451.0197901,506.866214,560.5631698999999,607.5337326,641.8868399999999,714.4391883,,762.0207365999999,,808.8869243,,863.8250788,,866.0702570000001
"REMIND-MAgPIE 3.5-4.11","High - SSP2","India+ (R10)","Capacity|Electricity|Biomass","GW",1,9.2106,,8.118648899999998,6.978224300000001,5.773968500000001,4.5070941,3.2157971,1.994432,0.9670211,0.2575205,,0.0003,,0.00005690000000000001,,0.0000258,,0.0000203
"REMIND-MAgPIE 3.5-4.11","High - SSP2","India+ (R10)","Capacity|Electricity|Coal","GW",1,247.6141594,,303.1344567,321.1993242,311.1348091,293.5231353999999,267.573816,231.224447,184.6728829,127.3845132,,30.8597407,,0.518169,,0.0003364,,0.0001565
"REMIND-MAgPIE 3.5-4.11","High - SSP2","India+ (R10)","Capacity|Electricity|Gas","GW",1,35.3031077,,43.9134526,56.4612213,71.7144451,108.6709487,161.1858895,218.8667311,278.2739185999999,368.658906,,480.9204666,,608.5554357999999,,688.9189473,,719.8790888
"REMIND-MAgPIE 3.5-4.11","High - SSP2","India+ (R10)","Capacity|Electricity|Geothermal","GW",1,0.0238568,,0.051452,0.0831884,0.1071729,0.1244888,0.1374577,0.1486788,0.1607306,0.1944395,,0.2652031,,0.3730588,,0.3730588,,0.3730588
"REMIND-MAgPIE 3.5-4.11","High - SSP2","India+ (R10)","Capacity|Electricity|Hydro","GW",1,52.4028656,,55.56130090000001,57.51458449999999,58.37035270000001,58.62818600000001,58.62818600000001,58.62818600000001,58.62818600000001,58.8880072,,58.8880072,,58.8880072,,58.8880072,,58.8880072
"REMIND-MAgPIE 3.5-4.11","High - SSP2","India+ (R10)","Capacity|Electricity|Hydrogen","GW",1,0,,0,0.0002002,0.0002,0.0002,0.0002,0.0002,0.0002,0.0002,,0.0002,,0.0002,,0.0002,,0.0002
"REMIND-MAgPIE 3.5-4.11","High - SSP2","India+ (R10)","Capacity|Electricity|Nuclear","GW",1,8.0428961,,10.1861452,11.4891755,11.9307115,11.7912221,11.3242817,10.7624834,10.0819868,9.1721744,,6.297074299999999,,2.7655459,,0.595479099999999,,0.0367086
"REMIND-MAgPIE 3.5-4.11","High - SSP2","India+ (R10)","Capacity|Electricity|Oil","GW",1,4.6963619,,3.0842381,1.1461457,0.0001,0.0001491,0.0001952,0.000234,0.0002581,0.0002831000000000002,,0.0002827,,0.0001805,,0.0000776,,0
"REMIND-MAgPIE 3.5-4.11","High - SSP2","India+ (R10)","Capacity|Electricity|Solar|CSP","GW",1,0.357,,1.4933903,5.0430243,6.124361599999999,7.3834065,9.8330067,15.1951698,24.2469285,29.1637836,,34.15328049999999,,40.5607876,,45.13562520000001,,56.3088652
"REMIND-MAgPIE 3.5-4.11","High - SSP2","India+ (R10)","Capacity|Electricity|Solar|PV","GW",1,44.982,,206.2840995,562.4686492,1018.3870573,1489.1281964,1997.383168,2518.612821,3021.9376447,3804.484069099999,,4711.234898899998,,5943.9894114,,6770.826556500001,,7165.711978400001
"REMIND-MAgPIE 3.5-4.11","High - SSP2","India+ (R10)","Capacity|Electricity|Wind|Offshore","GW",1,0,,0.9975640999999991,5.461350700000001,12.328563,21.6117147,33.14536930000001,46.28961530000001,60.7336655,84.2784265,,111.4333589,,131.5998116,,153.8397798,,181.7538684
"REMIND-MAgPIE 3.5-4.11","High - SSP2","India+ (R10)","Capacity|Electricity|Wind|Onshore","GW",1,40.6035,,76.9286452,125.7560514,199.0857882,294.9374485,414.0734383999999,551.4211598999999,707.0661056999999,981.1760645,,1297.3159211,,1476.4622908,,1581.9878595,,1608.7610638
"REMIND-MAgPIE 3.5-4.11","High - SSP2","Latin America (R10)","Capacity|Electricity|Biomass","GW",1,19.48859999999999,,19.2712504,18.7459,17.7786612,16.1514941,13.6970541,10.5171992,5.988153400000001,2.1736188,,0.005781400000000001,,0.0003016,,0.0001153,,0.0000322
"REMIND-MAgPIE 3.5-4.11","High - SSP2","Latin America (R10)","Capacity|Electricity|Coal","GW",1,16.3071,,15.3040012,14.1480058,12.7852508,11.1597611,9.173096600000001,6.8628752,4.5235421,2.2755725,,0.0345895,,0.0010049,,0.0003867,,0.0001635
"REMIND-MAgPIE 3.5-4.11","High - SSP2","Latin America (R10)","Capacity|Electricity|Gas","GW",1,102.3606,,99.66531769999999,89.18058799999999,91.04061060000002,101.661397,113.868678,136.985551,161.4267093,197.7827533,,233.0569727,,269.5702183999999,,293.7762313999999,,317.4718262
"REMIND-MAgPIE 3.5-4.11","High - SSP2","Latin America (R10)","Capacity|Electricity|Geothermal","GW",1,2.375946299999999,,2.5508,2.7194732,2.7955805,2.871499599999999,3.0974964,3.3849596,3.5970373,3.9674307,,3.9674307,,3.9674307,,3.9674307,,3.9674307
"REMIND-MAgPIE 3.5-4.11","High - SSP2","Latin America (R10)","Capacity|Electricity|Hydro","GW",1,211.7261091,,226.5998085,238.4314458,247.288758,254.0478651,258.6976044,261.3435789,262.3295241,266.4950073999999,,266.4950073999999,,266.4950073999999,,266.4950073999999,,266.4950073999999
"REMIND-MAgPIE 3.5-4.11","High - SSP2","Latin America (R10)","Capacity|Electricity|Hydrogen","GW",1,0,,0,0.0002,0.0002,0.0002,0.0002,0.0002,0.0002,0.0002,,0.0002,,0.0002,,0.0002,,0.0002
"REMIND-MAgPIE 3.5-4.11","High - SSP2","Latin America (R10)","Capacity|Electricity|Nuclear","GW",1,5.528611199999999,,5.335185299999999,4.823064,4.206728900000001,3.5735838,2.9904801,2.5303865,2.1554235,1.7803023,,0.8962403,,0.1407231,,0.0013198,,0
"REMIND-MAgPIE 3.5-4.11","High - SSP2","Latin America (R10)","Capacity|Electricity|Oil","GW",1,38.8822747,,24.4229518,8.6316148,0.0001,0.0001491,0.0001952,0.000234,0.0002581,0.0002831000000000002,,0.0002827,,0.0001805,,0.0000776,,0
"REMIND-MAgPIE 3.5-4.11","High - SSP2","Latin America (R10)","Capacity|Electricity|Solar|CSP","GW",1,0.063,,0.8725514999999999,2.8844151,3.4614783,4.125165099999999,5.4172605,8.2950196,12.8863357,15.3995765,,18.28227949999999,,20.7729531,,22.5187033,,28.42804719999999
"REMIND-MAgPIE 3.5-4.11","High - SSP2","Latin America (R10)","Capacity|Electricity|Solar|PV","GW",1,25.2415,,108.0735138,281.137162,525.0168226999999,804.4914245,1112.1679463,1387.1957523,1604.0859545,1913.9294784,,2186.3477907,,2477.6030434,,2666.2169246,,2867.2716667
"REMIND-MAgPIE 3.5-4.11","High - SSP2","Latin America (R10)","Capacity|Electricity|Wind|Offshore","GW",1,0,,0.7928972,4.2770593,10.178841,19.6894143,33.2163464,50.021448,68.49579990000001,99.0039765,,141.2574675,,173.680181,,197.7982112,,224.1468254
"REMIND-MAgPIE 3.5-4.11","High - SSP2","Latin America (R10)","Capacity|Electricity|Wind|Onshore","GW",1,32.30759999999999,,51.7503,63.1466177,81.04481580000001,107.9401893,147.1619754,197.161349,258.7314253999999,373.9709589999999,,533.5764527,,656.0478291999999,,747.1496533,,815.7070489
"REMIND-MAgPIE 3.5-4.11","High - SSP2","Middle East (R10)","Capacity|Electricity|Biomass","GW",1,0.3384,,0.3299261,0.3184762,0.3013717,0.2757441,0.2137865,0.165427,0.09925829999999901,0.0319515,,0.0005750999999999999,,0.0003435,,0.0001974,,0.00009180000000000002
"REMIND-MAgPIE 3.5-4.11","High - SSP2","Middle East (R10)","Capacity|Electricity|Coal","GW",1,8.4618,,4.289051700000001,3.8557815,3.360255,2.7789584,2.0862549,1.3267539,0.684126399999999,0.2253318,,0.0011779,,1.0547707,,6.175004299999999,,19.8629424
"REMIND-MAgPIE 3.5-4.11","High - SSP2","Middle East (R10)","Capacity|Electricity|Gas","GW",1,372.1565868,,426.9382853999999,481.0899856,527.8343738,554.7009043,569.081588,577.4071691999999,581.4952303,552.9183163,,529.0744306000001,,572.5447133,,648.6474677999998,,763.748059
"REMIND-MAgPIE 3.5-4.11","High - SSP2","Middle East (R10)","Capacity|Electricity|Geothermal","GW",1,0.1202432,,0.189176,0.262881,0.3276048,0.3660463,0.3730588,0.3730588,0.3730588,0.3730588,,0.3730588,,0.3730588,,0.3730588,,0.3730588
"REMIND-MAgPIE 3.5-4.11","High - SSP2","Middle East (R10)","Capacity|Electricity|Hydro","GW",1,21.8577953,,25.1112142,25.7048281,25.7048281,25.7048281,25.7048281,25.7048281,25.7048281,25.7048281,,25.7048281,,25.7048281,,25.7048281,,25.7048281
"REMIND-MAgPIE 3.5-4.11","High - SSP2","Middle East (R10)","Capacity|Electricity|Hydrogen","GW",1,0,,0,0.0002,0.0002,0.0002,0.0002,0.0002,0.0002,0.0002,,0.0002,,0.0002,,0.0002,,0.0002
"REMIND-MAgPIE 3.5-4.11","High - SSP2","Middle East (R10)","Capacity|Electricity|Nuclear","GW",1,2.1392891,,2.481127,2.5508865,2.536015299999999,2.5042827,2.4455452,2.347144,2.1939058,1.9681419,,1.2157079,,0.2308958,,0.0047109,,0
"REMIND-MAgPIE 3.5-4.11","High - SSP2","Middle East (R10)","Capacity|Electricity|Oil","GW",1,56.18229220000001,,36.2767942,13.233033,0.0001,0.0001491,0.0001952,0.000234,0.0002581,0.0002831000000000002,,0.0002827,,0.0001805,,0.0000776,,0
"REMIND-MAgPIE 3.5-4.11","High - SSP2","Middle East (R10)","Capacity|Electricity|Solar|CSP","GW",1,0.962349999999999,,1.8215182,3.316029399999999,4.3365918,5.4868547,7.5972854,11.836419,18.48142949999999,23.1469519,,26.4593847,,31.0172304,,35.7455605,,50.4413513
"REMIND-MAgPIE 3.5-4.11","High - SSP2","Middle East (R10)","Capacity|Electricity|Solar|PV","GW",1,10.8381,,61.10817990000001,241.3695266,627.3336705,1178.9521369,1820.3481112,2484.2007495,3128.861030800001,4109.3046803,,4800.223794099999,,5263.978583099999,,6011.3568807,,7130.435845899999
"REMIND-MAgPIE 3.5-4.11","High - SSP2","Middle East (R10)","Capacity|Electricity|Wind|Offshore","GW",1,0,,0.00009,0.3160239,1.0293942,2.511262099999999,5.2605074,10.3893921,19.3278838,39.67231600000001,,87.48987179999999,,148.7253952,,195.2617441,,218.3455647
"REMIND-MAgPIE 3.5-4.11","High - SSP2","Middle East (R10)","Capacity|Electricity|Wind|Onshore","GW",1,3.814249999999999,,6.431500000000001,11.4803405,22.9518723,46.9514428,92.2305068,166.9519479000001,277.8934432,495.4365542999999,,867.5393695,,1182.9134656,,1381.8484952,,1537.6376729
"REMIND-MAgPIE 3.5-4.11","High - SSP2","North America (R10)","Capacity|Electricity|Biomass","GW",1,18.3942339,,17.670141,16.4745317,14.6009934,10.4878825,6.392705299999999,3.4000297,1.6782236,0.6857238,,0.0003849,,0.0001174,,0.0000421,,0.0000322
"REMIND-MAgPIE 3.5-4.11","High - SSP2","North America (R10)","Capacity|Electricity|Coal","GW",1,259.588421,,217.8087998,138.2661117,106.2829568,75.31925330000001,45.99567130000001,21.6010254,7.954978199999999,1.845409,,0.0790932,,0.000335,,0.0002344,,0.0001362
"REMIND-MAgPIE 3.5-4.11","High - SSP2","North America (R10)","Capacity|Electricity|Gas","GW",1,550.9803515000001,,532.933284,504.0012123999999,456.6753168999999,388.9724548999999,351.0617456,312.2655258,250.3361198,245.7005394,,251.2843797,,260.2276116,,264.5382006,,270.8536814
"REMIND-MAgPIE 3.5-4.11","High - SSP2","North America (R10)","Capacity|Electricity|Geothermal","GW",1,3.5882,,3.815,4.295130599999999,4.8282467,5.503303700000001,6.3686286,7.234304,7.787501799999999,8.4229959,,8.4229959,,8.4229959,,8.4229959,,8.4229959
"REMIND-MAgPIE 3.5-4.11","High - SSP2","North America (R10)","Capacity|Electricity|Hydro","GW",1,109.7390259,,112.9739282,113.299212,113.299212,113.299212,113.299212,113.299212,113.299212,113.299212,,113.299212,,113.299212,,113.299212,,113.299212
"REMIND-MAgPIE 3.5-4.11","High - SSP2","North America (R10)","Capacity|Electricity|Hydrogen","GW",1,0,,0,0.0002002,0.0002,0.0002,0.0002,0.0002,0.0002,0.0002,,0.0002,,0.0002284,,0.0002,,0.0002
"REMIND-MAgPIE 3.5-4.11","High - SSP2","North America (R10)","Capacity|Electricity|Nuclear","GW",1,101.9425666,,88.9524509,73.2695601,55.4663744,37.7777688,22.5260742,12.2871639,6.3877707,2.8052373,,1.0750993,,0.19739,,0,,0
"REMIND-MAgPIE 3.5-4.11","High - SSP2","North America (R10)","Capacity|Electricity|Oil","GW",1,24.7957899,,14.4866867,4.665786499999999,0.0001,0.0001491,0.0001952,0.000234,0.0002581,0.000283,,0.0002827,,0.0001805,,0.0000776,,0
"REMIND-MAgPIE 3.5-4.11","High - SSP2","North America (R10)","Capacity|Electricity|Solar|CSP","GW",1,1.72725,,3.4291162,7.567862799999999,7.856874799999999,8.005151,8.2541366,10.7071714,15.752475,16.8242172,,17.7086896,,18.4402199,,18.8238779,,21.8384249
"REMIND-MAgPIE 3.5-4.11","High - SSP2","North America (R10)","Capacity|Electricity|Solar|PV","GW",1,81.39495000000001,,264.9772316999999,578.996357,973.1171274999999,1351.5140075,1636.8138082,1816.9641184,1881.2416257,1975.567147,,1984.2137328,,2092.7944087,,2150.903154000001,,2230.854443
"REMIND-MAgPIE 3.5-4.11","High - SSP2","North America (R10)","Capacity|Electricity|Wind|Offshore","GW",1,0.0323,,1.896008,9.528062499999999,19.437283,32.4406912,47.6904643,63.1182631,76.17062109999999,93.65204509999998,,118.2198816,,139.9988628,,153.1151737,,162.9815262
"REMIND-MAgPIE 3.5-4.11","High - SSP2","North America (R10)","Capacity|Electricity|Wind|Onshore","GW",1,124.0785,,192.5318548,239.8185095,293.5252146,353.5718835,432.1937251,509.0769418,580.1708618,709.3344414,,790.8716256999999,,792.9119037999999,,790.1935484,,780.4211982999999
"REMIND-MAgPIE 3.5-4.11","High - SSP2","Other (R10)","Capacity|Electricity|Biomass","GW",1,3.5613012,,3.7224951,3.5289988,3.2125833,2.7246544,1.8451847,1.1327079,0.635567199999999,0.295416,,0.0225807,,0.0001216,,0.0000421,,0.0000322
"REMIND-MAgPIE 3.5-4.11","High - SSP2","Other (R10)","Capacity|Electricity|Coal","GW",1,28.8153,,12.7490804,2.0046661,1.731172,1.4548818,1.1763465,0.9151395,0.712063199999999,0.5214394,,0.0336498,,0.0005192,,0.0002578,,0.0001362
"REMIND-MAgPIE 3.5-4.11","High - SSP2","Other (R10)","Capacity|Electricity|Gas","GW",1,41.9454,,38.9367862,34.81124629999999,30.3641043,28.0008862,28.2422565,26.8015441,23.6947964,23.1427675,,23.835676,,26.0494308,,25.3529759,,25.1676558
"REMIND-MAgPIE 3.5-4.11","High - SSP2","Other (R10)","Capacity|Electricity|Geothermal","GW",1,1.3475007,,1.7864,2.1933875,2.4766245,2.6487832,2.7253686,2.7288602,2.7288602,2.811885399999999,,2.811885399999999,,2.811885399999999,,2.811885399999999,,2.811885399999999
"REMIND-MAgPIE 3.5-4.11","High - SSP2","Other (R10)","Capacity|Electricity|Hydro","GW",1,88.46142630000001,,93.18267589999999,96.3021019,97.5940333,97.9551127,97.9551127,97.9551127,97.9551127,98.95705070000001,,98.95705070000001,,98.95705070000001,,98.95705070000001,,98.95705070000001
"REMIND-MAgPIE 3.5-4.11","High - SSP2","Other (R10)","Capacity|Electricity|Hydrogen","GW",1,0,,0,0.0002,0.0002,0.0002,0.0002,0.0002,0.0002,0.0002,,0.0002,,0.0002,,0.0002,,0.0002
"REMIND-MAgPIE 3.5-4.11","High - SSP2","Other (R10)","Capacity|Electricity|Nuclear","GW",1,12.6018486,,11.2541743,9.6571907,7.824770599999999,5.969839100000002,4.3118018,3.0932154,2.2282052,1.4931529,,0.1669244,,0,,0,,0
"REMIND-MAgPIE 3.5-4.11","High - SSP2","Other (R10)","Capacity|Electricity|Oil","GW",1,3.0688317,,1.7988071,0.5820284,0.0001,0.0001491,0.0001952,0.000234,0.0002581,0.0002831000000000002,,0.0002827,,0.0001805,,0.0000776,,0
"REMIND-MAgPIE 3.5-4.11","High - SSP2","Other (R10)","Capacity|Electricity|Solar|CSP","GW",1,0.00285,,0.00285,0.0250955,0.0272229,0.028415,0.0291833,0.0296459,0.0298085,0.0315311,,0.0333998,,0.0351431,,0.0353345,,0.0357035
"REMIND-MAgPIE 3.5-4.11","High - SSP2","Other (R10)","Capacity|Electricity|Solar|PV","GW",1,22.2547,,62.70936,136.2285369,208.6676438,264.5398054,303.385858,325.9475018,330.660116,341.2918354999999,,349.1631817,,371.9296225,,364.2546258,,361.6291257
"REMIND-MAgPIE 3.5-4.11","High - SSP2","Other (R10)","Capacity|Electricity|Wind|Offshore","GW",1,0,,0.332045299999999,1.3530858,3.1386138,6.1550438,10.4195913,15.5559144,20.8937622,28.3493362,,37.7666245,,42.45193039999999,,44.8343592,,47.1857071
"REMIND-MAgPIE 3.5-4.11","High - SSP2","Other (R10)","Capacity|Electricity|Wind|Onshore","GW",1,22.73065,,32.53857880000001,31.500569,29.0001473,24.1635187,20.3004896,17.4923253,16.8446592,22.8553816,,30.4476482,,34.2249661,,36.1456925,,38.04136139999999
"REMIND-MAgPIE 3.5-4.11","High - SSP2","Pacific OECD (R10)","Capacity|Electricity|Biomass","GW",1,10.879846,,14.284789,16.1130935,16.36543919999999,15.5013291,14.1971391,12.5591627,10.5309011,7.0523511,,1.6850616,,0.0840071,,0.0003233000000000001,,0.0001634
"REMIND-MAgPIE 3.5-4.11","High - SSP2","Pacific OECD (R10)","Capacity|Electricity|Coal","GW",1,43.6977,,40.28090520000001,37.85764939999999,35.96764439999999,35.0570993,34.8298369,34.5976455,33.70495630000001,33.3880085,,27.6063499,,21.0427052,,12.0580193,,4.434478
"REMIND-MAgPIE 3.5-4.11","High - SSP2","Pacific OECD (R10)","Capacity|Electricity|Gas","GW",1,80.85904699999999,,84.88573469999999,86.9185901,83.78281809999999,71.93408690000001,58.1188458,42.2772659,25.7975763,19.5862712,,19.3325246,,21.5678388,,26.4957809,,30.4907737
"REMIND-MAgPIE 3.5-4.11","High - SSP2","Pacific OECD (R10)","Capacity|Electricity|Geothermal","GW",1,0.6256328,,0.7098,1.0359349,1.6177219,2.4566792,3.4673966,4.4519516,5.192856999999999,6.0435529,,6.0435529,,6.0435529,,6.0435529,,6.0435529
"REMIND-MAgPIE 3.5-4.11","High - SSP2","Pacific OECD (R10)","Capacity|Electricity|Hydro","GW",1,30.9879676,,32.6869971,33.936165,34.51480469999999,34.7088235,34.7088235,34.7088235,34.7088235,35.0515572,,35.0515572,,35.0515572,,35.0515572,,35.0515572
"REMIND-MAgPIE 3.5-4.11","High - SSP2","Pacific OECD (R10)","Capacity|Electricity|Hydrogen","GW",1,0,,0,0.0002,0.0002557,0.0002541,0.0002479,0.0002322,0.0002,0.0002,,0.0002,,0.0002,,0.0002,,0.0002
"REMIND-MAgPIE 3.5-4.11","High - SSP2","Pacific OECD (R10)","Capacity|Electricity|Nuclear","GW",1,38.0812121,,33.13501720000001,27.3503703,20.817077,14.3654572,8.837792,5.168371499999999,3.0775191,1.8585024,,1.3212899,,1.1204423,,0.7601856,,0.3708167000000001
"REMIND-MAgPIE 3.5-4.11","High - SSP2","Pacific OECD (R10)","Capacity|Electricity|Oil","GW",1,25.0760445,,14.6116614,4.6886452,0.0001,0.0001491,0.0001952,0.000234,0.0002581,0.000283,,0.0002827,,0.0001805,,0.0000776,,0
"REMIND-MAgPIE 3.5-4.11","High - SSP2","Pacific OECD (R10)","Capacity|Electricity|Solar|CSP","GW",1,0,,0.00009,0.0001399,0.0001892,0.0002361,0.0002779,0.0003098,0.000325,0.0003391,,0.0003348,,0.0002338,,0.000132,,0.00009
"REMIND-MAgPIE 3.5-4.11","High - SSP2","Pacific OECD (R10)","Capacity|Electricity|Solar|PV","GW",1,67.01110000000001,,99.04982690000001,139.3573960000001,179.0368333,213.8949877,239.9134794,248.8525414,238.9228497,235.1749441,,198.6352673,,198.2116212,,219.2846283,,231.4845244
"REMIND-MAgPIE 3.5-4.11","High - SSP2","Pacific OECD (R10)","Capacity|Electricity|Wind|Offshore","GW",1,0.0882,,1.2011869,3.979349099999999,8.6668091,15.4421403,23.7478148,32.49661680000001,40.40424769999999,51.0122401,,57.16505020000001,,61.207413,,67.2685211,,72.00944229999999
"REMIND-MAgPIE 3.5-4.11","High - SSP2","Pacific OECD (R10)","Capacity|Electricity|Wind|Onshore","GW",1,3.78005,,5.29435,6.225839,7.8664401,10.2454307,14.2512914,18.2832877,22.0174603,27.7980667,,31.1509135,,33.3537156,,36.6565912,,39.24005830000001
"REMIND-MAgPIE 3.5-4.11","High - SSP2","Reforming Economies (R10)","Capacity|Electricity|Biomass","GW",1,4.3450407,,7.152385799999998,9.860116200000002,11.5292362,11.8481582,11.3734278,10.6720809,10.3513925,10.7830508,,15.1549177,,18.3669606,,17.099678,,14.8357824
"REMIND-MAgPIE 3.5-4.11","High - SSP2","Reforming Economies (R10)","Capacity|Electricity|Coal","GW",1,59.5584,,56.0837585,52.6100956,48.11132739999999,42.184912,34.65776899999999,26.14996470000001,18.2871281,11.4840767,,4.8961774,,1.4711333,,0.064850999999999,,0.0002945000000000001
"REMIND-MAgPIE 3.5-4.11","High - SSP2","Reforming Economies (R10)","Capacity|Electricity|Gas","GW",1,157.6400745,,180.7818582,215.1293739,248.9750302,271.5891455,275.2230546,270.4782756,259.7090827,247.8303695,,201.7637503,,177.6418246,,173.4413381,,185.1352885
"REMIND-MAgPIE 3.5-4.11","High - SSP2","Reforming Economies (R10)","Capacity|Electricity|Geothermal","GW",1,0.0949546,,0.1134,0.1550547,0.2066796,0.2636451,0.3248908,0.3790413,0.4166821000000001,0.4672631,,0.4672631,,0.4672631,,0.4672631,,0.4672631
"REMIND-MAgPIE 3.5-4.11","High - SSP2","Reforming Economies (R10)","Capacity|Electricity|Hydro","GW",1,76.89038049999999,,81.58577059999999,86.27577339999999,90.582545,94.4304438,97.5636463,99.9043122,101.4916155,104.7798112,,104.7798112,,104.7798112,,104.7798112,,104.7798112
"REMIND-MAgPIE 3.5-4.11","High - SSP2","Reforming Economies (R10)","Capacity|Electricity|Hydrogen","GW",1,0,,0,0.0002,0.0002,0.0002,0.0002,0.0002,0.0002,0.0002,,0.0002,,0.0002,,0.0002,,0.0002
"REMIND-MAgPIE 3.5-4.11","High - SSP2","Reforming Economies (R10)","Capacity|Electricity|Nuclear","GW",1,42.4369819,,40.9676178,37.4476957,32.58625230000001,27.3542797,22.5597344,18.9378959,16.19499590000001,13.6329168,,8.0649458,,2.0123211,,0.2283095,,0.004924899999999
"REMIND-MAgPIE 3.5-4.11","High - SSP2","Reforming Economies (R10)","Capacity|Electricity|Oil","GW",1,0.7419386,,0.4495695,0.1520669,0.0001,0.0001491,0.0001952,0.000234,0.0002581,0.0002831000000000002,,0.0002827,,0.0001805,,0.0000776,,0
"REMIND-MAgPIE 3.5-4.11","High - SSP2","Reforming Economies (R10)","Capacity|Electricity|Solar|CSP","GW",1,0.341243999999999,,1.3653765,3.692348099999999,4.2633445,4.822965599999999,5.8887243,8.200225799999998,12.0596166,13.3724735,,14.1801466,,15.6756562,,17.223231,,22.2447083
"REMIND-MAgPIE 3.5-4.11","High - SSP2","Reforming Economies (R10)","Capacity|Electricity|Solar|PV","GW",1,8.61555,,33.6534567,108.4408066,250.4700773,437.7658078,640.5910660999999,817.5841021,950.8588735000001,1152.8737371,,1326.5304346,,1608.1459046,,1801.5431284,,1932.1458295
"REMIND-MAgPIE 3.5-4.11","High - SSP2","Reforming Economies (R10)","Capacity|Electricity|Wind|Offshore","GW",1,0,,0.00008,0.5182084,1.5411282,3.4838559,6.9290509,12.4513116,20.3722122,34.8455838,,58.1296847,,82.7125429,,104.1979404,,132.4313504
"REMIND-MAgPIE 3.5-4.11","High - SSP2","Reforming Economies (R10)","Capacity|Electricity|Wind|Onshore","GW",1,3.1426,,5.7030364,8.0855726,12.6778013,21.24841049999999,36.3466087,60.87926839999999,97.56713740000001,166.8833916,,278.3962233,,396.129098,,490.0926625,,531.4981180999999
"REMIND-MAgPIE 3.5-4.11","High - SSP2","Rest of Asia (R10)","Capacity|Electricity|Biomass","GW",1,10.7406,,9.567412800000001,8.2267675,6.8073682,5.3109624,3.7805893,2.3142513,1.059137,0.2540889,,0.0003,,0.0000545,,0.0000258,,0.0000203
"REMIND-MAgPIE 3.5-4.11","High - SSP2","Rest of Asia (R10)","Capacity|Electricity|Coal","GW",1,124.6203,,129.5722787,128.348977,123.224098,116.8841675,107.6011125,93.7779395,75.6108612,52.59357090000001,,17.13996390000001,,9.397618399999999,,4.101845,,0.495776
"REMIND-MAgPIE 3.5-4.11","High - SSP2","Rest of Asia (R10)","Capacity|Electricity|Gas","GW",1,191.5124865,,222.9365698,256.9832643,277.1470242,299.3941254,308.3693904,335.6465307,354.0507024,392.7510501,,473.3744412,,594.1779702000001,,707.5812374,,790.888136
"REMIND-MAgPIE 3.5-4.11","High - SSP2","Rest of Asia (R10)","Capacity|Electricity|Geothermal","GW",1,5.442515599999999,,6.4988,8.0043066,9.9082452,12.3738799,15.6850882,19.67396770000001,23.9521378,31.0392378,,38.0780879,,42.51830590000001,,43.2834716,,43.2834716
"REMIND-MAgPIE 3.5-4.11","High - SSP2","Rest of Asia (R10)","Capacity|Electricity|Hydro","GW",1,76.94664190000002,,105.4722535,121.3379313,127.966567,130.2616085,130.7676975,130.7676975,130.7676975,130.7676975,,130.7676975,,130.7676975,,130.7676975,,130.7676975
"REMIND-MAgPIE 3.5-4.11","High - SSP2","Rest of Asia (R10)","Capacity|Electricity|Hydrogen","GW",1,0,,0,0.0002,0.0002,0.0002,0.0002,0.0002,0.0002,0.0002,,0.0002,,0.0002,,0.0002,,0.0002
"REMIND-MAgPIE 3.5-4.11","High - SSP2","Rest of Asia (R10)","Capacity|Electricity|Nuclear","GW",1,26.6284065,,29.2958191,30.4275887,29.8692026,28.100336,25.80797160000001,23.6820046,21.8444417,19.9470662,,15.1000798,,7.5565101,,2.324429,,0.3455598
"REMIND-MAgPIE 3.5-4.11","High - SSP2","Rest of Asia (R10)","Capacity|Electricity|Oil","GW",1,29.1944716,,19.0714568,7.046480799999999,0.0001,0.0001491,0.0001952,0.000234,0.0002581,0.0002831000000000002,,0.0002827,,0.0001805,,0.0000776,,0
"REMIND-MAgPIE 3.5-4.11","High - SSP2","Rest of Asia (R10)","Capacity|Electricity|Solar|CSP","GW",1,0.004750000000000001,,0.004750000000000001,0.1014227,0.1258438,0.1537037,0.1822847,0.2149484,0.2450001,0.291727,,0.3556684,,0.4343449,,0.4965655,,0.5468383
"REMIND-MAgPIE 3.5-4.11","High - SSP2","Rest of Asia (R10)","Capacity|Electricity|Solar|PV","GW",1,36.38039999999999,,158.0778479,458.9782124999999,918.1209269999999,1445.4207194,2044.3968682,2647.880012300001,3165.0256656,3861.0240385,,4656.3041127,,5813.9867348,,6876.389206700001,,7665.156909800001
"REMIND-MAgPIE 3.5-4.11","High - SSP2","Rest of Asia (R10)","Capacity|Electricity|Wind|Offshore","GW",1,0.597449999999999,,3.3850158,11.9456234,27.5297118,52.60918590000001,88.9950748,135.6307504,189.5216481,278.4817523999999,,409.7934903999999,,529.8706754,,612.7143382000002,,692.0470233999998
"REMIND-MAgPIE 3.5-4.11","High - SSP2","Rest of Asia (R10)","Capacity|Electricity|Wind|Onshore","GW",1,7.26915,,24.81498570000001,42.9695895,75.69599199999999,127.7097866,202.4064682,297.3459463,407.6520908000001,599.0010626999999,,881.4463932,,1139.7267322,,1317.9195282,,1488.5603774
"REMIND-MAgPIE 3.5-4.11","High - SSP2","World","Capacity|Electricity|Biomass","GW",1,124.1078217,,128.1842263,123.3661576,109.934591,90.69564229999999,72.5499917,55.00942939999999,39.1413254,24.7098695,,16.9063257,,18.4526847,,17.1008297,,14.8363673
"REMIND-MAgPIE 3.5-4.11","High - SSP2","World","Capacity|Electricity|Coal","GW",1,2044.3096208,,2026.9697505,1758.5265194,1584.4860969,1368.450523,1135.2199469,896.2776898,631.3095347999999,302.3476324,,96.81005340000002,,37.9239765,,22.7336404,,24.7950278
"REMIND-MAgPIE 3.5-4.11","High - SSP2","World","Capacity|Electricity|Gas","GW",1,1984.9548159,,2148.3620825,2150.849503500001,2277.1360498,2431.2092678,2586.5262393,2741.5640477,2845.1047392,3067.836536800001,,3307.0974946,,3790.586663699999,,4250.5567619,,4722.5837046
"REMIND-MAgPIE 3.5-4.11","High - SSP2","World","Capacity|Electricity|Geothermal","GW",1,17.29866,,20.6150285,25.2552045,30.2941599,35.9606889,42.58755439999999,49.5148519,55.7928618,65.638553,,72.74816670000001,,77.29624040000002,,78.0614061,,78.0614061
"REMIND-MAgPIE 3.5-4.11","High - SSP2","World","Capacity|Electricity|Hydro","GW",1,1267.3466636,,1409.8928042,1489.6946214,1530.7124373,1553.4271507,1566.2279444,1573.8373434,1578.2772144,1589.8040085,,1590.0649666,,1590.0649666,,1590.0649666,,1590.0649666
"REMIND-MAgPIE 3.5-4.11","High - SSP2","World","Capacity|Electricity|Hydrogen","GW",1,0,,0,0.0024004,0.0024557,0.002457,0.0024479,0.0024322,0.0024,0.0024,,0.0024,,0.0024284,,0.0024,,0.0024
"REMIND-MAgPIE 3.5-4.11","High - SSP2","World","Capacity|Electricity|Nuclear","GW",1,412.9798725,,400.7240476,373.7781613999999,331.4440213,282.2803616,235.1412225,199.5736745,173.8329968,151.5908253,,109.718072,,58.3550729,,21.7336536,,5.340085799999999
"REMIND-MAgPIE 3.5-4.11","High - SSP2","World","Capacity|Electricity|Oil","GW",1,229.5826915,,143.4574664,50.3886504,0.0012,0.001789,0.0023423,0.0028078,0.0030973,0.0033969,,0.0033922,,0.0021661,,0.0009310999999999998,,0
"REMIND-MAgPIE 3.5-4.11","High - SSP2","World","Capacity|Electricity|Solar|CSP","GW",1,6.534543999999999,,12.8164525,26.7496945,30.5139495,34.4502739,41.9978387,60.9367371,94.1921966,112.0920626,,131.1886522,,156.9796378,,180.5824949,,237.3303645
"REMIND-MAgPIE 3.5-4.11","High - SSP2","World","Capacity|Electricity|Solar|PV","GW",1,759.3656499999998,,2444.0880196,5232.652606400002,8546.974717500001,12068.6443183,15629.1925269,18893.4322929,21545.1239569,25293.8969978,,28737.2140898,,33915.80178759999,,39112.85064600001,,44657.3638636
"REMIND-MAgPIE 3.5-4.11","High - SSP2","World","Capacity|Electricity|Wind|Offshore","GW",1,42.63795,,105.4577064,190.7702125,291.2500269,413.7283377999999,554.4046635,708.7609126,875.0053163,1171.2433316,,1616.1027361,,2083.6684332,,2483.955132300001,,2869.1601866
"REMIND-MAgPIE 3.5-4.11","High - SSP2","World","Capacity|Electricity|Wind|Onshore","GW",1,683.3241907999999,,1155.1462166,1594.9030611,2072.849295,2599.8925873,3243.2652431,3972.1633682,4788.9469259,6338.6769455,,8188.1740605,,9648.034497300003,,10802.1444637,,11587.8440459
"REMIND-MAgPIE 3.5-4.11","Low - SSP2","Africa (R10)","Capacity|Electricity|Biomass","GW",1,1.377,,1.2718661,1.8827,1.6028085,1.3049686,0.9964161999999991,0.6982484,0.4286369,0.2151639,,0.0162265,,0.0000531,,0.0000258,,0.0000203
"REMIND-MAgPIE 3.5-4.11","Low - SSP2","Africa (R10)","Capacity|Electricity|Coal","GW",1,39.1032,,34.4884556,28.4747679,12.4885055,1.1791189,0.0259763,0.0142861,0.0066789,0.0028078,,0.0004,,0.0000531,,0.0000258,,0.0000203
"REMIND-MAgPIE 3.5-4.11","Low - SSP2","Africa (R10)","Capacity|Electricity|Gas","GW",1,27.799935,,46.0014724,63.9159344,77.8712675,102.4467258,119.3660538,149.6651492,201.7437166,287.2082323,,248.7931072,,160.3615793,,38.41189639999999,,0.0000489
"REMIND-MAgPIE 3.5-4.11","Low - SSP2","Africa (R10)","Capacity|Electricity|Geothermal","GW",1,0.6725647999999991,,0.8971676999999991,1.0949994,1.2493151,1.353574,1.4050561,1.4105438,1.4105438,1.4708548,,1.4708548,,1.4708548,,1.4708548,,1.4708548
"REMIND-MAgPIE 3.5-4.11","Low - SSP2","Africa (R10)","Capacity|Electricity|Hydro","GW",1,25.7518871,,30.3566355,39.4624934,53.2764,64.90460150000001,74.2323072,81.29641720000001,86.3484648,92.55460430000001,,94.7292975,,94.7292975,,94.7292975,,94.7292975
"REMIND-MAgPIE 3.5-4.11","Low - SSP2","Africa (R10)","Capacity|Electricity|Hydrogen","GW",1,0,,0,0.0002,0.0002,0.0002,0.0002,0.0002,0.0002,0.0002,,213.9057806,,579.8270277999998,,1012.6427966,,1395.3948919
"REMIND-MAgPIE 3.5-4.11","Low - SSP2","Africa (R10)","Capacity|Electricity|Nuclear","GW",1,1.7442,,1.7484116,1.6644597,1.4886906,1.3021108,1.1205009,0.9609300000000001,0.8101659,0.6418083,,0.2010207,,0.0773963,,0.0040623,,0
"REMIND-MAgPIE 3.5-4.11","Low - SSP2","Africa (R10)","Capacity|Electricity|Oil","GW",1,2.8002376,,1.7513314,0.6158468,0.0001,0.0001491,0.0001952,0.000234,0.0002581,0.0002831000000000002,,0.0002827,,0.0001805,,0.0000776,,0
"REMIND-MAgPIE 3.5-4.11","Low - SSP2","Africa (R10)","Capacity|Electricity|Solar|CSP","GW",1,0.456,,0.699409899999999,1.0841001,1.5822422,2.3597861,4.0429995,7.5333366,13.2249376,19.2852097,,30.7842859,,47.72850580000001,,66.1380144,,101.3921678
"REMIND-MAgPIE 3.5-4.11","Low - SSP2","Africa (R10)","Capacity|Electricity|Solar|PV","GW",1,5.48205,,25.5131674,93.36826660000001,250.9824274000001,507.8020505,872.9938456000001,1316.7126596,1803.1319898,2533.6890024,,4226.989456299999,,7884.3600137,,11880.5939284,,16383.893459
"REMIND-MAgPIE 3.5-4.11","Low - SSP2","Africa (R10)","Capacity|Electricity|Wind|Offshore","GW",1,0,,0.3310086,1.9424816,5.439797400000002,11.910532,22.9151027,40.993096,69.07665940000001,128.4813731,,280.8442107,,483.6520428000001,,670.8379706,,783.5249035
"REMIND-MAgPIE 3.5-4.11","Low - SSP2","Africa (R10)","Capacity|Electricity|Wind|Onshore","GW",1,3.58155,,9.493482600000002,22.4964536,50.6196065,102.48483,188.2811147,310.8211711,473.0639543999999,765.673927,,1369.0569073,,2206.1930932,,3221.0300843,,4078.4426693
"REMIND-MAgPIE 3.5-4.11","Low - SSP2","China+ (R10)","Capacity|Electricity|Biomass","GW",1,12.2796,,11.8764386,10.3477735,8.721749399999998,6.9898132,5.1869261,3.4294038,1.883756,0.7081272,,0.0003,,0.0000733,,0.00006330000000000002,,0.00004490000000000001
"REMIND-MAgPIE 3.5-4.11","Low - SSP2","China+ (R10)","Capacity|Electricity|Coal","GW",1,1078.8081404,,1164.0203239,928.8610048999999,459.3922383999999,83.1501924,21.3041031,0.5597508,0.4992522,0.4070758,,0.1090831,,0,,0,,0
"REMIND-MAgPIE 3.5-4.11","Low - SSP2","China+ (R10)","Capacity|Electricity|Gas","GW",1,131.371,,182.2588688,258.7449505,381.9361502999999,540.3278749,579.8760215,538.5814418,478.8192018,399.4578477,,164.0028013,,7.6478724,,0.0001718,,0.0000802
"REMIND-MAgPIE 3.5-4.11","Low - SSP2","China+ (R10)","Capacity|Electricity|Geothermal","GW",1,0.0385698,,0.0462,0.1614174,0.3035793,0.3730588,0.3730588,0.3730588,0.3730588,0.3730588,,0.3730588,,0.3730588,,0.3730588,,0.3730588
"REMIND-MAgPIE 3.5-4.11","Low - SSP2","China+ (R10)","Capacity|Electricity|Hydro","GW",1,352.4729753,,413.5979123999999,446.8683382999999,463.2362304999999,469.7268794999999,471.3826794,471.3826794,471.3826794,471.3826794,,471.3826794,,471.3826794,,471.3826794,,471.3826794
"REMIND-MAgPIE 3.5-4.11","Low - SSP2","China+ (R10)","Capacity|Electricity|Hydrogen","GW",1,0,,0,0.0002,0.0002,26.330927,76.5518854,154.9334819,219.287177,316.1681346,,530.4815422,,668.7859053000001,,611.3222592999998,,540.8337438
"REMIND-MAgPIE 3.5-4.11","Low - SSP2","China+ (R10)","Capacity|Electricity|Nuclear","GW",1,48.9869612,,68.98396960000002,87.78158520000001,104.0234973,115.8670071,122.6637433,125.2540294,124.2596677,121.6004522,,102.1258949,,75.32957669999999,,58,,58
"REMIND-MAgPIE 3.5-4.11","Low - SSP2","China+ (R10)","Capacity|Electricity|Oil","GW",1,15.8180276,,10.7677317,4.1528277,0.0001,0.0001491,0.0001952,0.000234,0.0002581,0.0002831000000000002,,0.0002827,,0.0001805,,0.0000776,,0
"REMIND-MAgPIE 3.5-4.11","Low - SSP2","China+ (R10)","Capacity|Electricity|Solar|CSP","GW",1,0.4237,,0.931,0.9273043,0.9108803,0.8656550000000001,0.768482999999999,0.617562099999999,0.6332553,0.6589644,,0.6438817,,0.6178355999999999,,0.5712298,,0.5300068
"REMIND-MAgPIE 3.5-4.11","Low - SSP2","China+ (R10)","Capacity|Electricity|Solar|PV","GW",1,286.1166,,1056.2523786,2081.5860387,3376.5780669,4488.7123207,5042.412157899999,5247.8488814,5230.367523700001,5202.549722799999,,5037.2061939,,5033.9208137,,4645.235587599999,,4244.2129376
"REMIND-MAgPIE 3.5-4.11","Low - SSP2","China+ (R10)","Capacity|Electricity|Wind|Offshore","GW",1,16.30335,,42.02135000000001,74.83927229999999,122.8091829,178.6718528,226.5264686,258.0309988,280.3433063,317.8015216,,346.189342,,369.1688426000001,,381.9710314999999,,401.1634208
"REMIND-MAgPIE 3.5-4.11","Low - SSP2","China+ (R10)","Capacity|Electricity|Wind|Onshore","GW",1,251.6439817,,473.499831,772.0831318,1201.3229988,1687.9695164,2122.579012900001,2435.9083479,2644.1191409,2954.7197753,,2894.6161708,,2608.0714619,,2295.5251734,,1990.8339728
"REMIND-MAgPIE 3.5-4.11","Low - SSP2","Europe (R10)","Capacity|Electricity|Biomass","GW",1,33.4926,,34.91887250000001,35.31060920000001,26.8779571,18.4340013,10.7016508,4.8775021,1.2645563,0.3982455,,0.1881414,,0.000054,,0,,0
"REMIND-MAgPIE 3.5-4.11","Low - SSP2","Europe (R10)","Capacity|Electricity|Coal","GW",1,137.7351,,49.2386388,12.7214559,3.292686,0.1695504,0.113321,0.0943335,0.0758188,0.0546406,,0.0011227,,0.0005300000000000001,,0.0004137000000000001,,0.0002792
"REMIND-MAgPIE 3.5-4.11","Low - SSP2","Europe (R10)","Capacity|Electricity|Gas","GW",1,293.0262269,,289.1104527,148.2362046,135.277052,138.834348,121.4109093,109.9730698,97.303108,77.00841690000001,,20.5711528,,0.5222631000000001,,0.0003584,,0.0001511
"REMIND-MAgPIE 3.5-4.11","Low - SSP2","Europe (R10)","Capacity|Electricity|Geothermal","GW",1,2.9686756,,3.9568328,5.220208899999999,6.279029199999999,7.041795999999999,7.487753700000001,7.6362595,7.655183299999999,7.8436126,,7.8436126,,7.8436126,,7.8436126,,7.8436126
"REMIND-MAgPIE 3.5-4.11","Low - SSP2","Europe (R10)","Capacity|Electricity|Hydro","GW",1,220.1095889,,232.7643075,261.4108327,305.0488,312.1431017,312.2156474,312.2156474,312.2156474,312.2628348,,312.2628348,,312.2628348,,312.2628348,,312.2628348
"REMIND-MAgPIE 3.5-4.11","Low - SSP2","Europe (R10)","Capacity|Electricity|Hydrogen","GW",1,0,,0,0.0004,0.0004,31.2613235,70.5350759,93.25030590000001,114.5300149,148.2574568,,200.7438033,,216.2195179,,203.1445386,,208.7977079
"REMIND-MAgPIE 3.5-4.11","Low - SSP2","Europe (R10)","Capacity|Electricity|Nuclear","GW",1,124.8468993,,108.3841297,88.9266655,66.84379440000001,44.9140777,26.0265543,13.3868275,6.170789200000001,1.8819098,,0.2678119,,0.045925999999999,,0,,0
"REMIND-MAgPIE 3.5-4.11","Low - SSP2","Europe (R10)","Capacity|Electricity|Oil","GW",1,28.3264211,,16.7362377,5.474174700000003,0.0002,0.0002982,0.0003904,0.000468,0.0005162,0.0005661000000000003,,0.0005654,,0.000361,,0.0001552,,0
"REMIND-MAgPIE 3.5-4.11","Low - SSP2","Europe (R10)","Capacity|Electricity|Solar|CSP","GW",1,2.1964,,2.1964,2.126611999999999,1.9124473,1.5086895,0.826450399999999,0.2166372,0.2208199,0.2360033,,0.2404778,,0.2393358,,0.2287439,,0.228073
"REMIND-MAgPIE 3.5-4.11","Low - SSP2","Europe (R10)","Capacity|Electricity|Solar|PV","GW",1,171.0487,,368.388957,731.6645651,1086.256202,1358.7108127,1477.4486705,1519.0762081,1552.2686549,1601.3088911,,1553.0550529,,1536.7051098,,1449.7760697,,1510.7958934
"REMIND-MAgPIE 3.5-4.11","Low - SSP2","Europe (R10)","Capacity|Electricity|Wind|Offshore","GW",1,25.61665,,54.5004604,89.5448221,124.84161,156.9229956,179.4422883,198.6041018,217.8527927,257.8788128,,296.7500439,,306.8935699,,285.9717112,,266.5424506
"REMIND-MAgPIE 3.5-4.11","Low - SSP2","Europe (R10)","Capacity|Electricity|Wind|Onshore","GW",1,190.3723591,,276.1596521,374.7327975,472.3318451999999,550.2383431000001,611.7939453,655.1887612,692.5250368,772.4781935,,782.8632422,,761.3033459000001,,723.0530104000001,,715.1295584999999
"REMIND-MAgPIE 3.5-4.11","Low - SSP2","India+ (R10)","Capacity|Electricity|Biomass","GW",1,9.2106,,8.118648899999998,11.5,9.8175771,8.040872799999999,6.1913377,4.355294799999999,2.6536276,1.254784,,0.0003,,0.00005290000000000001,,0.00002530000000000001,,0.0000191
"REMIND-MAgPIE 3.5-4.11","Low - SSP2","India+ (R10)","Capacity|Electricity|Coal","GW",1,247.6141594,,303.1344567,311.2538419,213.7488581,97.82839749999998,0.5826793,0.2180349,0.0020129,0.0014997,,0.0004,,0.000053,,0.0000256,,0.0000203
"REMIND-MAgPIE 3.5-4.11","Low - SSP2","India+ (R10)","Capacity|Electricity|Gas","GW",1,35.3031077,,43.9134526,63.7108901,104.4145215,193.9865273,292.6331531,356.5175268,345.6260303999999,317.3419499,,147.2687511,,22.7327023,,0.074866,,0.0000272
"REMIND-MAgPIE 3.5-4.11","Low - SSP2","India+ (R10)","Capacity|Electricity|Geothermal","GW",1,0.0238568,,0.051452,0.1033816,0.1740715,0.2533882,0.3176474,0.3565723,0.3673253,0.3730588,,0.3730588,,0.3730588,,0.3730588,,0.3730588
"REMIND-MAgPIE 3.5-4.11","Low - SSP2","India+ (R10)","Capacity|Electricity|Hydro","GW",1,52.4028656,,55.56130090000001,57.76504370000001,59.0790709,59.76456280000001,59.95186169999999,59.95186169999999,59.95186169999999,60.1682646,,60.1682646,,60.1682646,,60.1682646,,60.1682646
"REMIND-MAgPIE 3.5-4.11","Low - SSP2","India+ (R10)","Capacity|Electricity|Hydrogen","GW",1,0,,0,0.0002,0.0002,0.0002,0.0002,13.4208241,91.06782060000002,223.2378447,,500.9865893999999,,739.2099435000001,,885.1826055,,1011.9534186
"REMIND-MAgPIE 3.5-4.11","Low - SSP2","India+ (R10)","Capacity|Electricity|Nuclear","GW",1,8.0428961,,10.1861452,12.879844,17.25,20.1818011,21.8060864,22.4853154,22.442199,22.1181138,,19.3827909,,17.25,,17.25,,17.25
"REMIND-MAgPIE 3.5-4.11","Low - SSP2","India+ (R10)","Capacity|Electricity|Oil","GW",1,4.6963619,,3.0842381,1.1461457,0.0001,0.0001491,0.0001952,0.000234,0.0002581,0.0002831000000000002,,0.0002827,,0.0001805,,0.0000776,,0
"REMIND-MAgPIE 3.5-4.11","Low - SSP2","India+ (R10)","Capacity|Electricity|Solar|CSP","GW",1,0.357,,1.4933903,5.231265500000001,6.4443622,8.1125661,11.7276301,19.3255953,31.6316117,39.09825080000001,,45.9451261,,53.5408143,,62.2648984,,86.09941690000001
"REMIND-MAgPIE 3.5-4.11","Low - SSP2","India+ (R10)","Capacity|Electricity|Solar|PV","GW",1,44.982,,206.2840995,610.0987741000001,1263.6991595,2029.6223104,2848.6138476,3584.1648334,4245.595886999999,5264.520833,,6359.219371,,7619.7040687,,8977.430790800001,,10516.4075319
"REMIND-MAgPIE 3.5-4.11","Low - SSP2","India+ (R10)","Capacity|Electricity|Wind|Offshore","GW",1,0,,0.9975640999999991,7.015714399999999,19.0936671,37.62915260000001,61.2023895,85.5136078,107.3073244,137.3701307,,169.6614692,,217.6815967,,258.7848848,,301.9307423999999
"REMIND-MAgPIE 3.5-4.11","Low - SSP2","India+ (R10)","Capacity|Electricity|Wind|Onshore","GW",1,40.6035,,76.9286452,143.8520761,277.8456614,481.4137191999999,740.7154726000001,1008.0699623,1249.2803027,1599.2738559,,1888.1784531,,2163.414956900001,,2578.3280707,,2816.8072974
"REMIND-MAgPIE 3.5-4.11","Low - SSP2","Latin America (R10)","Capacity|Electricity|Biomass","GW",1,19.48859999999999,,19.2712504,18.7459,15.9223706,12.6487794,9.1858206,5.8661926,2.971603899999999,0.9114362999999991,,0.0011813,,0.0000501,,0.0000421,,0.0000322
"REMIND-MAgPIE 3.5-4.11","Low - SSP2","Latin America (R10)","Capacity|Electricity|Coal","GW",1,16.3071,,15.3040012,8.214325699999996,2.1654941,0.9649481999999999,0.899446,0.8161406999999999,0.6962484,0.5167341,,0.0185311,,0,,0,,0
"REMIND-MAgPIE 3.5-4.11","Low - SSP2","Latin America (R10)","Capacity|Electricity|Gas","GW",1,102.3606,,99.66531769999999,86.635565,77.53626440000002,104.0808788,144.5847982,163.574998,156.2654509,142.3501154,,82.8977562,,11.8518965,,0.0143515,,0.0000962
"REMIND-MAgPIE 3.5-4.11","Low - SSP2","Latin America (R10)","Capacity|Electricity|Geothermal","GW",1,2.375946299999999,,2.5508,2.7258547,2.8061797,2.850468299999999,3.0033566,3.1951059,3.3090695,3.5385564,,3.5385564,,3.5385564,,3.5385564,,3.5385564
"REMIND-MAgPIE 3.5-4.11","Low - SSP2","Latin America (R10)","Capacity|Electricity|Hydro","GW",1,211.7261091,,226.5998085,238.8298268,248.198871,254.8874071,258.9128263,260.7171541,260.8807738,263.8915479999999,,263.8915479999999,,263.8915479999999,,263.8915479999999,,263.8915479999999
"REMIND-MAgPIE 3.5-4.11","Low - SSP2","Latin America (R10)","Capacity|Electricity|Hydrogen","GW",1,0,,0,0.0002,0.0002,0.0002,0.0002,10.8845786,41.55409699999999,88.25707360000001,,176.9636962,,278.5703888,,295.4995041,,295.6097983
"REMIND-MAgPIE 3.5-4.11","Low - SSP2","Latin America (R10)","Capacity|Electricity|Nuclear","GW",1,5.528611199999999,,5.335185299999999,4.8305333,4.214197299999999,3.5810445,2.9979132,2.5377512,2.1626514,1.7872896,,0.9022576,,0.144749,,0.0017865,,0
"REMIND-MAgPIE 3.5-4.11","Low - SSP2","Latin America (R10)","Capacity|Electricity|Oil","GW",1,38.8822747,,24.4229518,8.6316148,0.0001,0.0001491,0.0001952,0.000234,0.0002581,0.000283,,0.0002827,,0.0001805,,0.0000776,,0
"REMIND-MAgPIE 3.5-4.11","Low - SSP2","Latin America (R10)","Capacity|Electricity|Solar|CSP","GW",1,0.063,,0.8725514999999999,2.9475335,3.7566852,4.7613816,6.644014299999998,10.3533485,15.7632631,18.8302278,,20.8193112,,22.7365283,,23.0571428,,27.242394
"REMIND-MAgPIE 3.5-4.11","Low - SSP2","Latin America (R10)","Capacity|Electricity|Solar|PV","GW",1,25.2415,,108.0735138,324.6465847,691.7415637999999,1100.8170261,1453.114382,1714.1471447,1905.348622,2156.9629428,,2364.312706600001,,2611.268261499999,,2652.1928075,,2673.6062716
"REMIND-MAgPIE 3.5-4.11","Low - SSP2","Latin America (R10)","Capacity|Electricity|Wind|Offshore","GW",1,0,,0.7928972,6.0598598,16.6267122,33.83048169999999,56.9484585,83.52574889999998,109.8269242,147.3484098,,186.8538861,,209.6043159,,213.4541281,,212.9342953
"REMIND-MAgPIE 3.5-4.11","Low - SSP2","Latin America (R10)","Capacity|Electricity|Wind|Onshore","GW",1,32.30759999999999,,51.7503,69.88084829999998,105.4005704,161.355706,236.8060587,323.7182408,414.8528332,556.5839682000001,,705.8092963999999,,791.7452387999999,,806.2872606,,779.3759331
"REMIND-MAgPIE 3.5-4.11","Low - SSP2","Middle East (R10)","Capacity|Electricity|Biomass","GW",1,0.3384,,0.3299261,0.3512,0.3012922,0.2467418,0.187912,0.1266718,0.06686679999999999,0.0221697,,0.0016218,,0.0000458,,0.00004070000000000001,,0.0000302
"REMIND-MAgPIE 3.5-4.11","Low - SSP2","Middle East (R10)","Capacity|Electricity|Coal","GW",1,8.4618,,4.289051700000001,0.7497727,0.0698292,0.06669939999999999,0.061882,0.05483370000000001,0.0452729,0.032425399999999,,0.0004,,0.00009970000000000001,,0.0000966,,0.0000842
"REMIND-MAgPIE 3.5-4.11","Low - SSP2","Middle East (R10)","Capacity|Electricity|Gas","GW",1,372.1565868,,426.9382853999999,449.1126052,340.1256595,277.449382,298.3850037,328.7006847,348.082832,328.2646373,,226.2660027,,69.26531209999999,,2.092982399999999,,0.0001098
"REMIND-MAgPIE 3.5-4.11","Low - SSP2","Middle East (R10)","Capacity|Electricity|Geothermal","GW",1,0.1202432,,0.189176,0.2666183,0.3360616,0.3730588,0.3730588,0.3730588,0.3730588,0.3730588,,0.3730588,,0.3730588,,0.3730588,,0.3730588
"REMIND-MAgPIE 3.5-4.11","Low - SSP2","Middle East (R10)","Capacity|Electricity|Hydro","GW",1,21.8577953,,25.1112142,27.2041919,28.4073,28.52234259999999,28.52234259999999,28.52234259999999,28.52234259999999,28.52234259999999,,28.52234259999999,,28.52234259999999,,28.52234259999999,,28.52234259999999
"REMIND-MAgPIE 3.5-4.11","Low - SSP2","Middle East (R10)","Capacity|Electricity|Hydrogen","GW",1,0,,0,0.0002,0.0002,0.0002,0.0002,0.0002,19.4544042,92.7799065,,242.0486399,,495.1805302,,729.6020580999999,,950.9787307000001
"REMIND-MAgPIE 3.5-4.11","Low - SSP2","Middle East (R10)","Capacity|Electricity|Nuclear","GW",1,2.1392891,,2.481127,2.5626728,2.5478002,2.516055499999999,2.4572742,2.3587653,2.205311200000001,1.9791677,,1.2252031,,0.2372485,,0.005447400000000001,,0
"REMIND-MAgPIE 3.5-4.11","Low - SSP2","Middle East (R10)","Capacity|Electricity|Oil","GW",1,56.18229220000001,,36.2767942,13.233033,0.0001,0.0001491,0.0001952,0.000234,0.0002581,0.0002831000000000002,,0.0002827,,0.0001805,,0.0000776,,0
"REMIND-MAgPIE 3.5-4.11","Low - SSP2","Middle East (R10)","Capacity|Electricity|Solar|CSP","GW",1,0.962349999999999,,1.8215182,3.1820744,4.014925899999999,5.2984529,7.749260500000001,12.3072514,18.7708849,23.2494443,,26.7659849,,32.6484044,,41.8013302,,66.67897899999998
"REMIND-MAgPIE 3.5-4.11","Low - SSP2","Middle East (R10)","Capacity|Electricity|Solar|PV","GW",1,10.8381,,61.10817990000001,268.3575842,790.610188,1576.7328724,2377.9989473,2977.1229783,3374.5402411,3909.9594074,,4361.3747041,,5241.6288077,,6780.590437,,8830.0157219
"REMIND-MAgPIE 3.5-4.11","Low - SSP2","Middle East (R10)","Capacity|Electricity|Wind|Offshore","GW",1,0,,0.00009,2.5180235,7.905353600000002,19.3090306,37.8723636,61.4768278,87.48987179999999,126.0072764,,172.8910656,,218.6070311,,274.0897183999999,,321.2620435
"REMIND-MAgPIE 3.5-4.11","Low - SSP2","Middle East (R10)","Capacity|Electricity|Wind|Onshore","GW",1,3.814249999999999,,6.431500000000001,35.4335765,87.2873815,171.8075456,282.2923092999999,413.422942,550.4780748000001,761.0151301,,1043.2312712,,1354.8587954,,1814.3158148,,2313.3724112
"REMIND-MAgPIE 3.5-4.11","Low - SSP2","North America (R10)","Capacity|Electricity|Biomass","GW",1,18.3942339,,17.670141,16.4745317,12.9817817,9.171622699999999,5.4688799,2.822507,1.3349769,0.5094449,,0.0003,,0.0000335,,0,,0
"REMIND-MAgPIE 3.5-4.11","Low - SSP2","North America (R10)","Capacity|Electricity|Coal","GW",1,259.588421,,217.8087998,107.1373703,22.8814913,2.8550152,2.7042946,2.464887,2.1034343,1.5706961,,0.0787303,,0,,0,,0
"REMIND-MAgPIE 3.5-4.11","Low - SSP2","North America (R10)","Capacity|Electricity|Gas","GW",1,550.9803515000001,,532.933284,485.9546364,329.2351725999999,233.224719,168.4922366,161.8948507,147.4898263,120.5930139,,23.7726771,,0.0748373,,0.0001549,,0.0000962
"REMIND-MAgPIE 3.5-4.11","Low - SSP2","North America (R10)","Capacity|Electricity|Geothermal","GW",1,3.5882,,3.815,4.7009218,6.3022413,8.2790969,10.1424815,11.6811585,12.6707565,13.8681678,,13.8681678,,13.8681678,,13.8681678,,13.8681678
"REMIND-MAgPIE 3.5-4.11","Low - SSP2","North America (R10)","Capacity|Electricity|Hydro","GW",1,109.7390259,,112.9739282,114.1688938,114.2626,114.2626,114.2626,114.2626,114.2626,114.2626,,114.2626,,114.2626,,114.2626,,114.2626
"REMIND-MAgPIE 3.5-4.11","Low - SSP2","North America (R10)","Capacity|Electricity|Hydrogen","GW",1,0,,0,0.0002,0.0002,65.71999430000001,132.9970898,160.5282927,174.8815845,205.9461866,,287.8884118,,313.7106628,,313.7196449,,312.3791046
"REMIND-MAgPIE 3.5-4.11","Low - SSP2","North America (R10)","Capacity|Electricity|Nuclear","GW",1,101.9425666,,88.9524509,73.2695601,55.4663744,37.7777688,22.5260742,12.2871639,6.3877707,2.8052373,,1.0750993,,0.19739,,0,,0
"REMIND-MAgPIE 3.5-4.11","Low - SSP2","North America (R10)","Capacity|Electricity|Oil","GW",1,24.7957899,,14.4866867,4.665786399999999,0.0001,0.0001491,0.0001952,0.000234,0.0002581,0.0002831000000000002,,0.0002827,,0.0001805,,0.0000776,,0
"REMIND-MAgPIE 3.5-4.11","Low - SSP2","North America (R10)","Capacity|Electricity|Solar|CSP","GW",1,1.72725,,3.4291162,7.776260400000002,8.623024000000001,9.254427,10.7951837,15.2320989,22.5905487,24.2287983,,22.9400032,,22.9785055,,22.9933469,,29.0593464
"REMIND-MAgPIE 3.5-4.11","Low - SSP2","North America (R10)","Capacity|Electricity|Solar|PV","GW",1,81.39495000000001,,264.9772316999999,711.3410509999999,1451.4826061,2082.4924502,2441.0188563,2554.316384,2524.7040455,2511.6267928,,2425.3582691,,2503.8664783,,2516.931954500001,,2559.4702208
"REMIND-MAgPIE 3.5-4.11","Low - SSP2","North America (R10)","Capacity|Electricity|Wind|Offshore","GW",1,0.0323,,1.896008,16.4815214,42.9203941,75.2893394,104.7220849,129.4208642,149.9726338,177.9759047,,205.784553,,214.2513738,,218.4343709,,235.1114049
"REMIND-MAgPIE 3.5-4.11","Low - SSP2","North America (R10)","Capacity|Electricity|Wind|Onshore","GW",1,124.0785,,192.5318548,292.7811104999999,472.3896717,679.9383596,866.5880359000001,977.8728927999999,1028.451333,1108.6650779,,1068.0280295,,1019.6656312,,1009.1086776,,969.702313
"REMIND-MAgPIE 3.5-4.11","Low - SSP2","Other (R10)","Capacity|Electricity|Biomass","GW",1,3.5613012,,3.7224951,3.529,2.8525743,2.113005,1.3778597,0.8038913000000001,0.4198059,0.1746694,,0.0070816,,0.0000165,,0,,0
"REMIND-MAgPIE 3.5-4.11","Low - SSP2","Other (R10)","Capacity|Electricity|Coal","GW",1,28.8153,,12.7490804,1.1926259,0.9495857,0.9253095,0.8814299,0.8079723999999999,0.6931554,0.5214394,,0.0336498,,0.0005192,,0.0002578,,0.0001362
"REMIND-MAgPIE 3.5-4.11","Low - SSP2","Other (R10)","Capacity|Electricity|Gas","GW",1,41.9454,,38.9367862,31.7724253,19.4489326,9.783468899999999,6.711321400000001,3.3281595,0.7942470999999991,0.120091,,0.0006075,,0.0003141,,0.0002152,,0.0001191
"REMIND-MAgPIE 3.5-4.11","Low - SSP2","Other (R10)","Capacity|Electricity|Geothermal","GW",1,1.3475007,,1.7864,2.1631358,2.3874215,2.4966918,2.5287961,2.5287961,2.5287961,2.5774817,,2.5774817,,2.5774817,,2.5774817,,2.5774817
"REMIND-MAgPIE 3.5-4.11","Low - SSP2","Other (R10)","Capacity|Electricity|Hydro","GW",1,88.46142630000001,,93.18267589999999,105.5590574,126.2584,136.5822722,140.9788204,142.2989433,142.2989433,143.1980733,,143.1980733,,143.1980733,,143.1980733,,143.1980733
"REMIND-MAgPIE 3.5-4.11","Low - SSP2","Other (R10)","Capacity|Electricity|Hydrogen","GW",1,0,,0,0.0002,0.0002,9.2539028,16.6392713,21.99174919999999,24.11409770000001,24.8615512,,24.467447,,26.1124615,,27.3267449,,30.0096436
"REMIND-MAgPIE 3.5-4.11","Low - SSP2","Other (R10)","Capacity|Electricity|Nuclear","GW",1,12.6018486,,11.2541743,9.6571907,7.824770599999999,5.969839100000002,4.3118018,3.0932154,2.2282052,1.4931529,,0.1669244,,0,,0,,0
"REMIND-MAgPIE 3.5-4.11","Low - SSP2","Other (R10)","Capacity|Electricity|Oil","GW",1,3.0688317,,1.7988071,0.5820284,0.0001,0.0001491,0.0001952,0.000234,0.0002581,0.0002831000000000002,,0.0002827,,0.0001805,,0.0000776,,0
"REMIND-MAgPIE 3.5-4.11","Low - SSP2","Other (R10)","Capacity|Electricity|Solar|CSP","GW",1,0.00285,,0.00285,0.0256652,0.0302054,0.0332234,0.0359038,0.0377039,0.0387027,0.0409711,,0.0423145,,0.0438281,,0.045315,,0.0481386
"REMIND-MAgPIE 3.5-4.11","Low - SSP2","Other (R10)","Capacity|Electricity|Solar|PV","GW",1,22.2547,,62.70936,145.3114001,235.5547533,312.8988843,364.4782976999999,390.9573123999999,392.6326362,397.6864452,,387.8684393999999,,404.1986193,,414.8811556999999,,438.9335141999999
"REMIND-MAgPIE 3.5-4.11","Low - SSP2","Other (R10)","Capacity|Electricity|Wind|Offshore","GW",1,0,,0.332045299999999,1.7207414,4.532107799999999,9.411224099999998,16.35925,24.4554189,32.4395616,43.20405270000001,,53.5994811,,58.3863062,,63.9307432,,73.7808169
"REMIND-MAgPIE 3.5-4.11","Low - SSP2","Other (R10)","Capacity|Electricity|Wind|Onshore","GW",1,22.73065,,32.53857880000001,31.7969749,30.1235894,26.7886682,25.0890732,24.6671519,26.1529425,34.831331,,43.21217920000001,,47.0713424,,51.5412962,,59.4824766
"REMIND-MAgPIE 3.5-4.11","Low - SSP2","Pacific OECD (R10)","Capacity|Electricity|Biomass","GW",1,10.879846,,14.284789,15.2747132,14.7699195,12.3433516,9.7752255,7.2879669,4.9647611,2.8622418,,0.3319148,,0.0003517,,0.0002344,,0.0001362
"REMIND-MAgPIE 3.5-4.11","Low - SSP2","Pacific OECD (R10)","Capacity|Electricity|Coal","GW",1,43.6977,,40.28090520000001,34.3615408,16.2696606,2.9532397,0.7024058,0.1972764,0.0054128,0.0028547,,0.0004,,0.0000463,,0.0000421,,0.0000322
"REMIND-MAgPIE 3.5-4.11","Low - SSP2","Pacific OECD (R10)","Capacity|Electricity|Gas","GW",1,80.85904699999999,,84.88573469999999,85.4794255,80.99449800000001,56.9043687,34.50579320000001,26.2246805,24.6862805,21.63695730000001,,10.4233487,,1.5434219,,0.0001773,,0.000078
"REMIND-MAgPIE 3.5-4.11","Low - SSP2","Pacific OECD (R10)","Capacity|Electricity|Geothermal","GW",1,0.6256328,,0.7098,1.1167972,1.9003262,2.9988218,4.1555287,5.065335499999999,5.5651467,6.0435529,,6.0435529,,6.0435529,,6.0435529,,6.0435529
"REMIND-MAgPIE 3.5-4.11","Low - SSP2","Pacific OECD (R10)","Capacity|Electricity|Hydro","GW",1,30.9879676,,32.6869971,35.35023749999999,38.5256,40.5493823,41.4593342,41.6492464,41.6492464,41.71225,,41.71225,,41.71225,,41.71225,,41.71225
"REMIND-MAgPIE 3.5-4.11","Low - SSP2","Pacific OECD (R10)","Capacity|Electricity|Hydrogen","GW",1,0,,0,0.0002,1.6235127,7.841313700000001,16.2311965,21.8343847,25.2523544,31.0709434,,39.1423894,,46.76032030000001,,47.1458296,,45.6190573
"REMIND-MAgPIE 3.5-4.11","Low - SSP2","Pacific OECD (R10)","Capacity|Electricity|Nuclear","GW",1,38.0812121,,33.13501720000001,27.81688590000001,22.3837354,17.6571447,14.1826755,12.5166,12.1475539,13.1724694,,13.7010734,,13.0390881,,10.66454,,7.069906799999999
"REMIND-MAgPIE 3.5-4.11","Low - SSP2","Pacific OECD (R10)","Capacity|Electricity|Oil","GW",1,25.0760445,,14.6116614,4.6886452,0.0001,0.0001491,0.0001952,0.000234,0.0002581,0.000283,,0.0002827,,0.0001805,,0.0000776,,0
"REMIND-MAgPIE 3.5-4.11","Low - SSP2","Pacific OECD (R10)","Capacity|Electricity|Solar|CSP","GW",1,0,,0.00009,0.0005899000000000001,0.0010888,0.0015818,0.0020567,0.0024899,0.0028429,0.003308,,0.0033482,,0.0033377,,0.0033109,,0.0033852
"REMIND-MAgPIE 3.5-4.11","Low - SSP2","Pacific OECD (R10)","Capacity|Electricity|Solar|PV","GW",1,67.01110000000001,,99.04982690000001,169.3161016,271.2158405,367.5014121,426.4597783,433.9039083999999,414.4236213999999,397.8925161,,341.0516987,,340.1161121,,335.9688459,,326.0112503999999
"REMIND-MAgPIE 3.5-4.11","Low - SSP2","Pacific OECD (R10)","Capacity|Electricity|Wind|Offshore","GW",1,0.0882,,1.2011869,6.230161000000001,19.4269746,42.9643078,71.6861273,95.8784996,111.7353725,130.1767011,,132.3728254,,126.4805604,,119.9040627,,111.8002902
"REMIND-MAgPIE 3.5-4.11","Low - SSP2","Pacific OECD (R10)","Capacity|Electricity|Wind|Onshore","GW",1,3.78005,,5.29435,7.4523725,13.72997,25.2430675,40.37428479999999,52.8219357,60.88788359999999,70.93710470000002,,72.13383729999998,,68.9229691,,65.3392425,,60.9232591
"REMIND-MAgPIE 3.5-4.11","Low - SSP2","Reforming Economies (R10)","Capacity|Electricity|Biomass","GW",1,4.3450407,,7.152385799999998,9.0785292,9.538723099999997,8.230501099999998,6.827160199999999,5.355084199999999,3.8715747,2.4592805,,0.4650813,,0.00004990000000000001,,0.0000154,,0
"REMIND-MAgPIE 3.5-4.11","Low - SSP2","Reforming Economies (R10)","Capacity|Electricity|Coal","GW",1,59.5584,,56.0837585,49.7194186,31.6849992,17.0244261,7.937763300000001,1.6714993,0.0034029,0.0011129,,0.0004,,0.0000531,,0.0000258,,0.0000203
"REMIND-MAgPIE 3.5-4.11","Low - SSP2","Reforming Economies (R10)","Capacity|Electricity|Gas","GW",1,157.6400745,,180.7818582,200.9515736,183.9351385,137.6295023,101.8282994,75.5860104,59.73891840000001,51.4427624,,30.1149165,,6.5823167,,0.0378693,,0.000061
"REMIND-MAgPIE 3.5-4.11","Low - SSP2","Reforming Economies (R10)","Capacity|Electricity|Geothermal","GW",1,0.0949546,,0.1134,0.1826468,0.2969196,0.4397375,0.587042699999999,0.707007899999999,0.780326299999999,0.8580353000000001,,0.8580353000000001,,0.8580353000000001,,0.8580353000000001,,0.8580353000000001
"REMIND-MAgPIE 3.5-4.11","Low - SSP2","Reforming Economies (R10)","Capacity|Electricity|Hydro","GW",1,76.89038049999999,,81.58577059999999,87.65075669999999,95.26750000000001,103.488519,111.1338137,117.2142414,121.4053832,127.4839501,,128.1858692,,128.1858692,,128.1858692,,128.1858692
"REMIND-MAgPIE 3.5-4.11","Low - SSP2","Reforming Economies (R10)","Capacity|Electricity|Hydrogen","GW",1,0,,0,0.0002002,0.0002,0.0002,11.5257717,29.2382848,47.3397092,69.7239738,,100.9423618,,142.8044157,,173.0683893,,213.0906436
"REMIND-MAgPIE 3.5-4.11","Low - SSP2","Reforming Economies (R10)","Capacity|Electricity|Nuclear","GW",1,42.4369819,,40.9676178,37.6480416,33.0326767,27.9700533,23.2323833,19.6076179,16.8581085,14.2833039,,8.6584851,,2.4787785,,0.4541301,,0.0347499
"REMIND-MAgPIE 3.5-4.11","Low - SSP2","Reforming Economies (R10)","Capacity|Electricity|Oil","GW",1,0.7419386,,0.4495695,0.152067,0.0001,0.0001491,0.0001952,0.000234,0.0002581,0.000283,,0.0002827,,0.0001805,,0.0000776,,0
"REMIND-MAgPIE 3.5-4.11","Low - SSP2","Reforming Economies (R10)","Capacity|Electricity|Solar|CSP","GW",1,0.341243999999999,,1.3653765,3.6416736,4.062071899999999,4.5966862,5.7794775,8.273498,12.2121463,14.0110961,,15.2810244,,17.0023594,,19.61589870000001,,29.3283483
"REMIND-MAgPIE 3.5-4.11","Low - SSP2","Reforming Economies (R10)","Capacity|Electricity|Solar|PV","GW",1,8.61555,,33.6534567,130.3527539,352.9620555,658.1682185999999,920.4319145999999,1094.8837714,1196.1814987,1325.074961,,1382.2137846,,1564.375706,,1799.5071093,,2206.7337677
"REMIND-MAgPIE 3.5-4.11","Low - SSP2","Reforming Economies (R10)","Capacity|Electricity|Wind|Offshore","GW",1,0,,0.00008,1.4194199,5.5283222,14.3615243,28.3754181,44.4191577,59.3499657,80.48180350000001,,108.5829667,,141.5283888,,178.130863,,227.4300865
"REMIND-MAgPIE 3.5-4.11","Low - SSP2","Reforming Economies (R10)","Capacity|Electricity|Wind|Onshore","GW",1,3.1426,,5.7030364,12.4016786,31.7733765,73.3440278,139.0581178,213.9805221,284.2404255,383.3646156,,465.2732756999999,,514.2338687,,590.4613999999999,,707.4398216
"REMIND-MAgPIE 3.5-4.11","Low - SSP2","Rest of Asia (R10)","Capacity|Electricity|Biomass","GW",1,10.7406,,9.567412800000001,8.744899999999998,7.2501521,5.6776215,4.068531299999999,2.5233314,1.1899511,0.3103639,,0.0003,,0.000053,,0.0000258,,0.0000203
"REMIND-MAgPIE 3.5-4.11","Low - SSP2","Rest of Asia (R10)","Capacity|Electricity|Coal","GW",1,124.6203,,129.5722787,121.1111321,61.7786572,8.466522000000001,0.166701,0.0089351,0.0069841,0.0047036,,0.0004,,0.0000531,,0.0000258,,0.0000203
"REMIND-MAgPIE 3.5-4.11","Low - SSP2","Rest of Asia (R10)","Capacity|Electricity|Gas","GW",1,191.5124865,,222.9365698,257.2970448,299.2429917,304.2521139999999,328.5109863,386.1412108,409.6084695,379.7421744,,254.8071855,,82.08871409999999,,3.0325042,,0.00005030000000000002
"REMIND-MAgPIE 3.5-4.11","Low - SSP2","Rest of Asia (R10)","Capacity|Electricity|Geothermal","GW",1,5.442515599999999,,6.4988,8.069605200000002,10.0874957,12.6064463,15.715403,19.1273585,22.4318006,27.6725724,,31.2862014,,32.3125642,,32.3125642,,32.3125642
"REMIND-MAgPIE 3.5-4.11","Low - SSP2","Rest of Asia (R10)","Capacity|Electricity|Hydro","GW",1,76.94664190000002,,105.4722535,123.3659888,131.4616958,134.5062446,135.265765,135.265765,135.265765,135.265765,,135.265765,,135.265765,,135.265765,,135.265765
"REMIND-MAgPIE 3.5-4.11","Low - SSP2","Rest of Asia (R10)","Capacity|Electricity|Hydrogen","GW",1,0,,0,0.0002,0.0002,0.0002,0.0002,0.0002,23.8684998,121.9018866,,342.687705,,659.8176966999998,,902.084261,,1118.8249851
"REMIND-MAgPIE 3.5-4.11","Low - SSP2","Rest of Asia (R10)","Capacity|Electricity|Nuclear","GW",1,26.6284065,,29.2958191,30.7170475,30.65087560000001,29.3097094,27.241584,25.1899159,23.3407189,21.4201706,,16.46539749999999,,8.6725188,,2.9572367,,0.4900390999999991
"REMIND-MAgPIE 3.5-4.11","Low - SSP2","Rest of Asia (R10)","Capacity|Electricity|Oil","GW",1,29.1944716,,19.0714568,7.0464809,0.0001,0.0001491,0.0001952,0.000234,0.0002581,0.000283,,0.0002827,,0.0001805,,0.0000776,,0
"REMIND-MAgPIE 3.5-4.11","Low - SSP2","Rest of Asia (R10)","Capacity|Electricity|Solar|CSP","GW",1,0.004750000000000001,,0.004750000000000001,0.1046077,0.1369416,0.1708593,0.2181191,0.2704202,0.3167824,0.3846264,,0.4647792,,0.558087,,0.6611886999999991,,0.7822384999999991
"REMIND-MAgPIE 3.5-4.11","Low - SSP2","Rest of Asia (R10)","Capacity|Electricity|Solar|PV","GW",1,36.38039999999999,,158.0778479,529.3324542999999,1231.8503232,2110.4818825,2976.0789646,3682.5837936,4196.316524900001,4910.496884,,5844.6138447,,7232.076766,,8800.9933416,,10911.3131435
"REMIND-MAgPIE 3.5-4.11","Low - SSP2","Rest of Asia (R10)","Capacity|Electricity|Wind|Offshore","GW",1,0.597449999999999,,3.3850158,15.6801332,44.4706081,96.86988609999999,170.6106993,258.2340933,351.5190927,491.3614356,,661.8947395000001,,820.6183145000001,,987.9733426000001,,1146.7520725
"REMIND-MAgPIE 3.5-4.11","Low - SSP2","Rest of Asia (R10)","Capacity|Electricity|Wind|Onshore","GW",1,7.26915,,24.81498570000001,51.00234320000001,112.1350578,222.9124568,377.9578119,561.0599315000001,756.1009232,1056.8951809,,1423.7042426,,1765.1111364,,2125.0838772,,2466.6094067
"REMIND-MAgPIE 3.5-4.11","Low - SSP2","World","Capacity|Electricity|Biomass","GW",1,124.1078217,,128.1842263,131.2398567,110.6369055,85.20127910000001,59.96771990000001,38.1460944,21.0501171,9.8259271,,1.0124489,,0.0008338,,0.0004727000000000002,,0.0003032
"REMIND-MAgPIE 3.5-4.11","Low - SSP2","World","Capacity|Electricity|Coal","GW",1,2044.3096208,,2026.9697505,1603.7972569,824.7220054,215.5834195,35.3800026,6.9079499,4.137673400000001,3.1159902,,0.243517,,0.0014074,,0.0009132,,0.0006129999999999999
"REMIND-MAgPIE 3.5-4.11","Low - SSP2","World","Capacity|Electricity|Gas","GW",1,1984.9548159,,2148.3620825,2131.811255300001,2030.0176486,2098.9199097,2196.3045766,2300.1877822,2270.1580815,2125.1661982,,1208.9183068,,362.6712298,,43.66554720000001,,0.0009182000000000001
"REMIND-MAgPIE 3.5-4.11","Low - SSP2","World","Capacity|Electricity|Geothermal","GW",1,17.29866,,20.6150285,25.805587,32.12264070000001,39.06613840000001,46.0891833,52.45425539999999,57.4650658,64.99201040000001,,68.6056394,,69.63200209999998,,69.63200209999998,,69.63200209999998
"REMIND-MAgPIE 3.5-4.11","Low - SSP2","World","Capacity|Electricity|Hydro","GW",1,1267.3466636,,1409.8928042,1537.6356611,1663.0224682,1719.3379133,1748.3179979,1764.7768984,1774.1837075,1790.7049121,,1793.5815243,,1793.5815243,,1793.5815243,,1793.5815243
"REMIND-MAgPIE 3.5-4.11","Low - SSP2","World","Capacity|Electricity|Hydrogen","GW",1,0,,0,0.0024002,1.6257127,140.4086614,324.4812906,506.0825019,781.3499592,1322.2051579,,2660.2583665,,4166.998870599999,,5200.738632,,6123.4917256
"REMIND-MAgPIE 3.5-4.11","Low - SSP2","World","Capacity|Electricity|Nuclear","GW",1,412.9798725,,400.7240476,377.7544863000001,345.7264123999999,307.0466122,268.5665911,239.6781319,219.0131417,203.1830757,,164.171959,,117.472672,,89.33720300000002,,82.84469580000001
"REMIND-MAgPIE 3.5-4.11","Low - SSP2","World","Capacity|Electricity|Oil","GW",1,229.5826915,,143.4574664,50.3886506,0.0012,0.001789,0.0023423,0.0028078,0.0030973,0.0033969,,0.0033922,,0.0021661,,0.0009310999999999998,,0
"REMIND-MAgPIE 3.5-4.11","Low - SSP2","World","Capacity|Electricity|Solar|CSP","GW",1,6.534543999999999,,12.8164525,27.0476867,31.4748747,36.96330890000001,48.5895786,74.16994199999999,115.4057955,140.0269001,,163.9305371,,198.0975419,,237.3804196,,341.3924944
"REMIND-MAgPIE 3.5-4.11","Low - SSP2","World","Capacity|Electricity|Solar|PV","GW",1,759.3656499999998,,2444.0880196,5795.375574400001,11002.9331862,16593.9402403,21201.0496624,24515.7178753,26835.5112452,30211.7683986,,34283.26352099999,,41972.22075669999,,50254.1020281,,60601.3937122
"REMIND-MAgPIE 3.5-4.11","Low - SSP2","World","Capacity|Electricity|Wind|Offshore","GW",1,42.63795,,105.4577064,223.4521506,413.59473,677.1703272000001,976.6606505999999,1280.5524147,1576.913505,2038.0874221,,2615.4245832,,3166.872342600001,,3653.4828269,,4082.2325272
"REMIND-MAgPIE 3.5-4.11","Low - SSP2","World","Capacity|Electricity|Wind|Onshore","GW",1,683.3241907999999,,1155.1462166,1813.9133636,2854.9597292,4183.49624,5631.535237,6977.5318594,8180.1528506,10064.4381602,,11756.1069052,,13300.5918401,,15280.073908,,16958.1191192
"REMIND-MAgPIE 3.5-4.11","Low-to-Negative - SSP2","Africa (R10)","Capacity|Electricity|Biomass","GW",1,1.377,,1.2718661,1.2386893,1.099123,0.8762386999999999,0.642506199999999,0.4188068,0.2214775,0.07748490000000001,,0.0003,,0.00005690000000000001,,0.0000258,,0.0000203
"REMIND-MAgPIE 3.5-4.11","Low-to-Negative - SSP2","Africa (R10)","Capacity|Electricity|Coal","GW",1,39.1032,,34.4884556,29.5712422,23.5915147,9.733249999999998,0.8780726000000001,0.0250809,0.0116388,0.0047453,,0.0004,,0.00005159999999999999,,0.0000203,,0.000007
"REMIND-MAgPIE 3.5-4.11","Low-to-Negative - SSP2","Africa (R10)","Capacity|Electricity|Gas","GW",1,27.799935,,46.0014724,65.7509369,86.2324543,112.4398819,151.2571473,177.0341254,218.157302,295.257934,,257.748417,,123.6104723,,25.6198918,,0.000009499999999999997
"REMIND-MAgPIE 3.5-4.11","Low-to-Negative - SSP2","Africa (R10)","Capacity|Electricity|Geothermal","GW",1,0.6725647999999991,,0.8971676999999991,1.1112974,1.280724,1.4005595,1.4650065,1.4797673,1.4797673,1.5457554,,1.5457554,,1.5457554,,1.5457554,,1.5457554
"REMIND-MAgPIE 3.5-4.11","Low-to-Negative - SSP2","Africa (R10)","Capacity|Electricity|Hydro","GW",1,25.7518871,,30.3566355,34.88422609999999,38.8422191,42.1882819,44.8337085,46.7708218,48.0370555,49.69594980000001,,49.69594980000001,,49.69594980000001,,49.69594980000001,,49.69594980000001
"REMIND-MAgPIE 3.5-4.11","Low-to-Negative - SSP2","Africa (R10)","Capacity|Electricity|Hydrogen","GW",1,0,,0,0.0002,0.0002,0.0002,0.0002,0.0002,0.0002,0.0002,,224.1374938,,671.0359252,,1135.9175314,,1556.9330561
"REMIND-MAgPIE 3.5-4.11","Low-to-Negative - SSP2","Africa (R10)","Capacity|Electricity|Nuclear","GW",1,1.7442,,1.7484116,1.86,1.8759943,1.8624104,1.86,1.86,1.86,1.8685365,,1.86,,1.86,,1.86,,1.86
"REMIND-MAgPIE 3.5-4.11","Low-to-Negative - SSP2","Africa (R10)","Capacity|Electricity|Oil","GW",1,2.8002376,,1.7513314,0.6158468,0.0001,0.0001491,0.0001952,0.000234,0.0002581,0.0002831000000000002,,0.0002827,,0.0001805,,0.0000776,,0
"REMIND-MAgPIE 3.5-4.11","Low-to-Negative - SSP2","Africa (R10)","Capacity|Electricity|Solar|CSP","GW",1,0.456,,0.699409899999999,1.0707467,1.5561764,2.2734311,3.8640266,7.2325663,12.7947539,18.8735882,,31.001042,,49.8414958,,70.76768690000002,,106.221624
"REMIND-MAgPIE 3.5-4.11","Low-to-Negative - SSP2","Africa (R10)","Capacity|Electricity|Solar|PV","GW",1,5.48205,,25.5131674,85.85162300000002,229.0676022,476.6338751,841.5511452999999,1292.2006897,1791.9932917,2544.5916093,,4375.251944000001,,8477.980878800001,,13208.9064343,,18466.7625636
"REMIND-MAgPIE 3.5-4.11","Low-to-Negative - SSP2","Africa (R10)","Capacity|Electricity|Wind|Offshore","GW",1,0,,0.3310086,1.7165242,4.7694393,10.6538802,20.8762648,38.3919633,66.5649318,127.0004119,,283.6315779999999,,495.890805,,681.9712365,,806.977086
"REMIND-MAgPIE 3.5-4.11","Low-to-Negative - SSP2","Africa (R10)","Capacity|Electricity|Wind|Onshore","GW",1,3.58155,,9.493482600000002,20.6503523,45.1426927,92.21781980000002,172.1658481,291.0156099,454.2169311,755.2429784,,1407.3026153,,2353.2820153,,3453.152489699999,,4181.2543666
"REMIND-MAgPIE 3.5-4.11","Low-to-Negative - SSP2","China+ (R10)","Capacity|Electricity|Biomass","GW",1,12.2796,,11.8764386,10.3477735,8.721749399999998,6.9898132,5.1869261,3.4294038,1.8837432,0.708146899999999,,0.0003,,0.0000738,,0.0000648,,0.0000483
"REMIND-MAgPIE 3.5-4.11","Low-to-Negative - SSP2","China+ (R10)","Capacity|Electricity|Coal","GW",1,1078.8081404,,1164.0203239,962.5808984,604.1504085,167.5302388,23.1438402,0.5597902,0.4992699,0.407074,,0.1090831,,0,,0,,0
"REMIND-MAgPIE 3.5-4.11","Low-to-Negative - SSP2","China+ (R10)","Capacity|Electricity|Gas","GW",1,131.371,,182.2588688,210.095132,318.4082782999999,514.6432142,630.6594451,607.6940505000001,554.8114169999999,480.3687346,,176.9142374,,9.917940999999999,,0.0001005,,0.0000531
"REMIND-MAgPIE 3.5-4.11","Low-to-Negative - SSP2","China+ (R10)","Capacity|Electricity|Geothermal","GW",1,0.0385698,,0.0462,0.171851,0.3064264,0.3730588,0.3730588,0.3730588,0.3730588,0.3730588,,0.3730588,,0.3730588,,0.3730588,,0.3730588
"REMIND-MAgPIE 3.5-4.11","Low-to-Negative - SSP2","China+ (R10)","Capacity|Electricity|Hydro","GW",1,352.4729753,,413.5979123999999,447.2113361999999,463.2362304999999,469.6560767,471.3245121,471.3245121,471.3245121,471.3245121,,471.3245121,,471.3245121,,471.3245121,,471.3245121
"REMIND-MAgPIE 3.5-4.11","Low-to-Negative - SSP2","China+ (R10)","Capacity|Electricity|Hydrogen","GW",1,0,,0,0.0002,0.0002,0.0002,0.0002,64.38388619999999,121.6050972,206.4802875,,483.4843832,,636.9879797,,616.8986160999999,,601.5731188
"REMIND-MAgPIE 3.5-4.11","Low-to-Negative - SSP2","China+ (R10)","Capacity|Electricity|Nuclear","GW",1,48.9869612,,68.98396960000002,88.14129070000001,104.5339308,116.7532798,123.9909103,126.8552154,125.9764733,123.3942314,,103.9847842,,77.2298674,,60,,60
"REMIND-MAgPIE 3.5-4.11","Low-to-Negative - SSP2","China+ (R10)","Capacity|Electricity|Oil","GW",1,15.8180276,,10.7677317,4.1528277,0.0001,0.0001491,0.0001952,0.000234,0.0002581,0.0002831000000000002,,0.0002827,,0.0001805,,0.0000776,,0
"REMIND-MAgPIE 3.5-4.11","Low-to-Negative - SSP2","China+ (R10)","Capacity|Electricity|Solar|CSP","GW",1,0.4237,,0.931,0.9268542999999999,0.910430699999999,0.8652090000000001,0.7680499000000001,0.596204,0.6116254999999999,0.6346282000000001,,0.6180975,,0.591913199999999,,0.5647257,,0.5568653
"REMIND-MAgPIE 3.5-4.11","Low-to-Negative - SSP2","China+ (R10)","Capacity|Electricity|Solar|PV","GW",1,286.1166,,1056.2523786,1981.4602088,3155.4336313,4294.6350485,4941.012790899999,5170.346109700001,5144.3174025,5080.2639342,,4876.7064399,,4866.7451736,,4685.7922403,,4649.2031714
"REMIND-MAgPIE 3.5-4.11","Low-to-Negative - SSP2","China+ (R10)","Capacity|Electricity|Wind|Offshore","GW",1,16.30335,,42.02135000000001,69.50279129999998,109.9800725,160.105249,206.3544266,237.394438,258.9505568999999,295.7580891,,325.7322066999999,,329.5685226,,333.0913778999999,,359.4460807
"REMIND-MAgPIE 3.5-4.11","Low-to-Negative - SSP2","China+ (R10)","Capacity|Electricity|Wind|Onshore","GW",1,251.6439817,,473.499831,721.5344665,1079.8020184,1512.1013678,1931.5036977,2240.4329791,2444.186640099999,2745.7858367,,2684.851802900001,,2432.0244855,,2250.403018800001,,2128.9077212
"REMIND-MAgPIE 3.5-4.11","Low-to-Negative - SSP2","Europe (R10)","Capacity|Electricity|Biomass","GW",1,33.4926,,34.91887250000001,35.31060920000001,26.8877192,18.3791207,10.6075071,4.708648500000001,1.0327043,0.1637582,,0.0185692,,0.0001046,,0,,0
"REMIND-MAgPIE 3.5-4.11","Low-to-Negative - SSP2","Europe (R10)","Capacity|Electricity|Coal","GW",1,137.7351,,49.2386388,13.9539249,4.410843599999999,0.187531,0.120991,0.0986372,0.0781341,0.0560747,,0.0011227,,0.0005257,,0.0003951,,0.0002307
"REMIND-MAgPIE 3.5-4.11","Low-to-Negative - SSP2","Europe (R10)","Capacity|Electricity|Gas","GW",1,293.0262269,,289.1104527,161.3949273,179.2773261,222.7085121,239.0104893,234.5225,219.2901682,189.2116209,,86.83522160000001,,9.545657,,0.708435699999999,,0.0000715
"REMIND-MAgPIE 3.5-4.11","Low-to-Negative - SSP2","Europe (R10)","Capacity|Electricity|Geothermal","GW",1,2.9686756,,3.9568328,5.5390711,7.1626823,8.6059352,9.772671200000001,10.5810719,11.0800102,11.8548034,,11.8548034,,11.8548034,,11.8548034,,11.8548034
"REMIND-MAgPIE 3.5-4.11","Low-to-Negative - SSP2","Europe (R10)","Capacity|Electricity|Hydro","GW",1,220.1095889,,232.7643075,241.6191,242.9635572,242.9635572,242.9635572,242.9635572,242.9635572,243.0349118,,243.0349118,,243.0349118,,243.0349118,,243.0349118
"REMIND-MAgPIE 3.5-4.11","Low-to-Negative - SSP2","Europe (R10)","Capacity|Electricity|Hydrogen","GW",1,0,,0,0.0004,0.0004,0.0004029,19.0613786,45.8012082,72.84421420000002,126.3719157,,252.3779152,,365.2648905,,376.4770869,,376.6223458
"REMIND-MAgPIE 3.5-4.11","Low-to-Negative - SSP2","Europe (R10)","Capacity|Electricity|Nuclear","GW",1,124.8468993,,108.3841297,88.9266655,66.84379440000001,44.9140777,26.0265543,13.3868275,6.170789200000001,1.8819098,,0.2678119,,0.045925999999999,,0,,0
"REMIND-MAgPIE 3.5-4.11","Low-to-Negative - SSP2","Europe (R10)","Capacity|Electricity|Oil","GW",1,28.3264211,,16.7362377,5.474174600000001,0.0002,0.0002982,0.0003904,0.000468,0.0005162,0.0005662000000000002,,0.0005654,,0.000361,,0.0001552,,0
"REMIND-MAgPIE 3.5-4.11","Low-to-Negative - SSP2","Europe (R10)","Capacity|Electricity|Solar|CSP","GW",1,2.1964,,2.1964,2.3422971,2.3474868,2.352454,2.3570793,2.3605834,2.3632253,2.3682271,,2.372980199999999,,2.3801537,,2.3847732,,2.3851797
"REMIND-MAgPIE 3.5-4.11","Low-to-Negative - SSP2","Europe (R10)","Capacity|Electricity|Solar|PV","GW",1,171.0487,,368.388957,886.6380466999999,1281.9024054,1638.4247704,1871.8601262,1990.5192088,2032.852408,2125.108338,,2225.0924406,,2504.0118446,,2513.9148356,,2551.6580014
"REMIND-MAgPIE 3.5-4.11","Low-to-Negative - SSP2","Europe (R10)","Capacity|Electricity|Wind|Offshore","GW",1,25.61665,,54.5004604,99.1714756,152.829911,210.6972768,269.4227444,325.4175915,365.1438148,424.1594682999999,,469.3194062,,512.1744274000001,,533.8801926,,546.6157284999999
"REMIND-MAgPIE 3.5-4.11","Low-to-Negative - SSP2","Europe (R10)","Capacity|Electricity|Wind|Onshore","GW",1,190.3723591,,276.1596521,413.2031807999999,545.2669667,667.5909737999999,780.5934861,871.6953053,942.1158844,1079.8839657,,1198.0541692,,1283.2026653,,1309.4784197,,1272.884139
"REMIND-MAgPIE 3.5-4.11","Low-to-Negative - SSP2","India+ (R10)","Capacity|Electricity|Biomass","GW",1,9.2106,,8.118648899999998,6.978224300000001,5.773968500000001,4.5070941,3.2157971,1.994432,0.9622942,0.2575205,,0.0003,,0.0000531,,0.0000258,,0.0000203
"REMIND-MAgPIE 3.5-4.11","Low-to-Negative - SSP2","India+ (R10)","Capacity|Electricity|Coal","GW",1,247.6141594,,303.1344567,319.2873428999999,303.4604421,167.9324156,34.20053590000001,0.640153299999999,0.2167485,0.0011899,,0.0004,,0.00005159999999999999,,0.0000203,,0.000007
"REMIND-MAgPIE 3.5-4.11","Low-to-Negative - SSP2","India+ (R10)","Capacity|Electricity|Gas","GW",1,35.3031077,,43.9134526,58.365037,86.6135117,168.1818398,277.8596588,342.7446224,342.0291093999999,316.7646997,,154.3096273,,25.9377601,,0.2381405,,0.0000272
"REMIND-MAgPIE 3.5-4.11","Low-to-Negative - SSP2","India+ (R10)","Capacity|Electricity|Geothermal","GW",1,0.0238568,,0.051452,0.08647360000000001,0.1241623,0.1719384,0.2213905,0.2614627,0.2899129,0.335062999999999,,0.3615938,,0.3730588,,0.3730588,,0.3730588
"REMIND-MAgPIE 3.5-4.11","Low-to-Negative - SSP2","India+ (R10)","Capacity|Electricity|Hydro","GW",1,52.4028656,,55.56130090000001,57.52095630000001,58.4237631,58.7847865,58.82819000000001,58.82819000000001,58.82819000000001,59.07191330000001,,59.07191330000001,,59.07191330000001,,59.07191330000001,,59.07191330000001
"REMIND-MAgPIE 3.5-4.11","Low-to-Negative - SSP2","India+ (R10)","Capacity|Electricity|Hydrogen","GW",1,0,,0,0.0002002,0.0002,0.0002,0.0002,19.61286550000001,86.39213779999999,216.0396627,,504.9490939,,777.5720885000001,,960.3684196999999,,1042.9142398
"REMIND-MAgPIE 3.5-4.11","Low-to-Negative - SSP2","India+ (R10)","Capacity|Electricity|Nuclear","GW",1,8.0428961,,10.1861452,11.5039797,11.9970563,11.9553418,11.5546765,10.9924431,10.3107727,9.398398699999998,,6.5102824,,2.9467322,,0.712286699999999,,0.0648724
"REMIND-MAgPIE 3.5-4.11","Low-to-Negative - SSP2","India+ (R10)","Capacity|Electricity|Oil","GW",1,4.6963619,,3.0842381,1.1461457,0.0001,0.0001491,0.0001952,0.000234,0.0002581,0.0002831000000000002,,0.0002827,,0.0001805,,0.0000776,,0
"REMIND-MAgPIE 3.5-4.11","Low-to-Negative - SSP2","India+ (R10)","Capacity|Electricity|Solar|CSP","GW",1,0.357,,1.4933903,5.082084199999999,6.5469319,8.238157899999997,11.6722405,18.7130456,30.0273889,37.6102854,,45.9796748,,55.495465,,66.2872025,,86.65640699999999
"REMIND-MAgPIE 3.5-4.11","Low-to-Negative - SSP2","India+ (R10)","Capacity|Electricity|Solar|PV","GW",1,44.982,,206.2840995,572.5489537,1151.9245389,1912.1831084,2744.9453488,3479.090342200001,4131.256084500001,5144.276783199999,,6422.506266400002,,8017.9702594,,9738.350734199998,,10809.1709799
"REMIND-MAgPIE 3.5-4.11","Low-to-Negative - SSP2","India+ (R10)","Capacity|Electricity|Wind|Offshore","GW",1,0,,0.9975640999999991,5.840830899999999,15.5341304,31.9559423,53.9206283,77.6312988,99.96129220000002,131.9325109,,170.0763002,,223.6256127,,273.0092043,,317.4882418
"REMIND-MAgPIE 3.5-4.11","Low-to-Negative - SSP2","India+ (R10)","Capacity|Electricity|Wind|Onshore","GW",1,40.6035,,76.9286452,130.1739895,236.4052562,415.3657595,655.9406369999999,916.303501,1163.7572191,1535.9686588,,1905.9178539,,2264.6525174,,2767.2895067,,2950.9045917
"REMIND-MAgPIE 3.5-4.11","Low-to-Negative - SSP2","Latin America (R10)","Capacity|Electricity|Biomass","GW",1,19.48859999999999,,19.2712504,18.7459,16.3185383,13.14021,9.713999,6.264987299999999,3.2027197,0.9788519999999991,,0.0015017,,0.0001172,,0.0000421,,0.0000322
"REMIND-MAgPIE 3.5-4.11","Low-to-Negative - SSP2","Latin America (R10)","Capacity|Electricity|Coal","GW",1,16.3071,,15.3040012,8.236610699999998,2.2094086,1.0551204,0.9466538000000001,0.8466515000000001,0.705231499999999,0.5188351999999999,,0.0185311,,0,,0,,0
"REMIND-MAgPIE 3.5-4.11","Low-to-Negative - SSP2","Latin America (R10)","Capacity|Electricity|Gas","GW",1,102.3606,,99.66531769999999,87.62549739999999,92.53556560000001,106.3838261,138.659469,166.2356163,158.6797782,146.0127069,,66.7835203,,9.552483400000002,,0.0001192,,0.0000827
"REMIND-MAgPIE 3.5-4.11","Low-to-Negative - SSP2","Latin America (R10)","Capacity|Electricity|Geothermal","GW",1,2.375946299999999,,2.5508,2.72648,2.7937563,2.8306445,2.9838852,3.1771178,3.2881582,3.5102887,,3.5102887,,3.5102887,,3.5102887,,3.5102887
"REMIND-MAgPIE 3.5-4.11","Low-to-Negative - SSP2","Latin America (R10)","Capacity|Electricity|Hydro","GW",1,211.7261091,,226.5998085,239.8058,249.8813524,257.2939473,262.0995856,264.6231663,265.3490119,269.0059723,,269.0059723,,269.0059723,,269.0059723,,269.0059723
"REMIND-MAgPIE 3.5-4.11","Low-to-Negative - SSP2","Latin America (R10)","Capacity|Electricity|Hydrogen","GW",1,0,,0,0.0002,0.0002,0.0002,0.0002,2.1186356,33.0341877,78.71318160000001,,195.0979022,,284.9285372999999,,303.8792828000001,,310.0749876
"REMIND-MAgPIE 3.5-4.11","Low-to-Negative - SSP2","Latin America (R10)","Capacity|Electricity|Nuclear","GW",1,5.528611199999999,,5.335185299999999,4.8288691,4.2125333,3.5793822,2.996257,2.5361103,2.1610409,1.7857328,,0.900916899999999,,0.143852,,0.0016825,,0
"REMIND-MAgPIE 3.5-4.11","Low-to-Negative - SSP2","Latin America (R10)","Capacity|Electricity|Oil","GW",1,38.8822747,,24.4229518,8.6316148,0.0001,0.0001491,0.0001952,0.000234,0.0002581,0.0002831000000000002,,0.0002827,,0.0001805,,0.0000776,,0
"REMIND-MAgPIE 3.5-4.11","Low-to-Negative - SSP2","Latin America (R10)","Capacity|Electricity|Solar|CSP","GW",1,0.063,,0.8725514999999999,2.885675399999999,3.6245671,4.522295,6.301548100000001,9.8548207,15.1101442,18.0808582,,20.5075455,,22.4280245,,22.9180082,,28.0162927
"REMIND-MAgPIE 3.5-4.11","Low-to-Negative - SSP2","Latin America (R10)","Capacity|Electricity|Solar|PV","GW",1,25.2415,,108.0735138,295.693163,622.4210460999999,1014.6406491,1389.5582628,1658.5369107,1861.7984695,2125.9778559,,2412.070865,,2681.0065774,,2760.9237517,,2823.3737631
"REMIND-MAgPIE 3.5-4.11","Low-to-Negative - SSP2","Latin America (R10)","Capacity|Electricity|Wind|Offshore","GW",1,0,,0.7928972,4.908763000000001,12.8777983,26.7357085,47.01229230000001,71.889114,97.78616070000001,134.4135704,,172.9505687,,193.5651836,,197.6620249,,194.2786876
"REMIND-MAgPIE 3.5-4.11","Low-to-Negative - SSP2","Latin America (R10)","Capacity|Electricity|Wind|Onshore","GW",1,32.30759999999999,,51.7503,65.53277279999998,91.23967540000001,134.556387,199.2738531999999,279.762799,369.3708635,507.7247763999999,,653.2918407000001,,731.1600997999999,,746.6352323,,733.8552417999998
"REMIND-MAgPIE 3.5-4.11","Low-to-Negative - SSP2","Middle East (R10)","Capacity|Electricity|Biomass","GW",1,0.3384,,0.3299261,0.3512,0.3339506,0.2773625,0.2151542,0.1487004,0.0812476,0.0284096,,0.003214,,0.0000463,,0.0000421,,0.0000322
"REMIND-MAgPIE 3.5-4.11","Low-to-Negative - SSP2","Middle East (R10)","Capacity|Electricity|Coal","GW",1,8.4618,,4.289051700000001,0.7497727,0.07627350000000001,0.07199280000000001,0.0658343,0.05729459999999999,0.0465085,0.0327977,,0.0004,,0.00009970000000000001,,0.0000966,,0.0000842
"REMIND-MAgPIE 3.5-4.11","Low-to-Negative - SSP2","Middle East (R10)","Capacity|Electricity|Gas","GW",1,372.1565868,,426.9382853999999,470.4916628999999,478.5128263,481.3084764,425.8768264,381.945806,391.755796,378.7893164999999,,300.692694,,96.952297,,3.7891722,,0.000009499999999999997
"REMIND-MAgPIE 3.5-4.11","Low-to-Negative - SSP2","Middle East (R10)","Capacity|Electricity|Geothermal","GW",1,0.1202432,,0.189176,0.2569577,0.316338,0.3571897,0.3730588,0.3730588,0.3730588,0.3730588,,0.3730588,,0.3730588,,0.3730588,,0.3730588
"REMIND-MAgPIE 3.5-4.11","Low-to-Negative - SSP2","Middle East (R10)","Capacity|Electricity|Hydro","GW",1,21.8577953,,25.1112142,27.5495,27.8995555,27.8995555,27.8995555,27.8995555,27.8995555,27.8995555,,27.8995555,,27.8995555,,27.8995555,,27.8995555
"REMIND-MAgPIE 3.5-4.11","Low-to-Negative - SSP2","Middle East (R10)","Capacity|Electricity|Hydrogen","GW",1,0,,0,0.0002,0.0002,0.0002,0.0002,0.0002,0.0002,73.79400410000001,,190.5885839,,480.8975983999999,,726.2923843000001,,893.4418162999999
"REMIND-MAgPIE 3.5-4.11","Low-to-Negative - SSP2","Middle East (R10)","Capacity|Electricity|Nuclear","GW",1,2.1392891,,2.481127,2.5459721,2.5311014,2.4993739,2.4406546,2.342298399999999,2.1891502,1.9635445,,1.2117488,,0.228247,,0.004403900000000001,,0
"REMIND-MAgPIE 3.5-4.11","Low-to-Negative - SSP2","Middle East (R10)","Capacity|Electricity|Oil","GW",1,56.18229220000001,,36.2767942,13.233033,0.0001,0.0001491,0.0001952,0.000234,0.0002581,0.0002831000000000002,,0.0002827,,0.0001805,,0.0000776,,0
"REMIND-MAgPIE 3.5-4.11","Low-to-Negative - SSP2","Middle East (R10)","Capacity|Electricity|Solar|CSP","GW",1,0.962349999999999,,1.8215182,3.1901684,3.9808364,5.185718799999999,7.503640400000001,11.8706105,18.11496060000001,22.8856668,,27.316776,,33.2445004,,41.626764,,61.1360091
"REMIND-MAgPIE 3.5-4.11","Low-to-Negative - SSP2","Middle East (R10)","Capacity|Electricity|Solar|PV","GW",1,10.8381,,61.10817990000001,217.2999963,588.8153904,1225.5333518,2065.9836959,2903.847176200001,3493.4793971,4127.0809358,,4544.8580147,,5368.650589700001,,6783.3178895,,8305.5375433
"REMIND-MAgPIE 3.5-4.11","Low-to-Negative - SSP2","Middle East (R10)","Capacity|Electricity|Wind|Offshore","GW",1,0,,0.00009,0.2609808,1.3468491,4.749868700000001,12.768918,27.3725095,49.13023920000001,87.48987179999999,,151.5363554,,220.2520294,,278.653831,,305.8004771
"REMIND-MAgPIE 3.5-4.11","Low-to-Negative - SSP2","Middle East (R10)","Capacity|Electricity|Wind|Onshore","GW",1,3.814249999999999,,6.431500000000001,10.5463489,25.4832982,65.19493390000001,148.4868657,282.2923092999999,451.6113190999999,711.8562813999998,,1047.6155617,,1368.668038,,1773.997688,,2126.3620961
"REMIND-MAgPIE 3.5-4.11","Low-to-Negative - SSP2","North America (R10)","Capacity|Electricity|Biomass","GW",1,18.3942339,,17.670141,16.4745317,14.6009934,10.4878825,6.392705299999999,3.399746899999999,1.6782236,0.685724,,2.0121999,,8.925087900000001,,9.033877899999998,,8.5680042
"REMIND-MAgPIE 3.5-4.11","Low-to-Negative - SSP2","North America (R10)","Capacity|Electricity|Coal","GW",1,259.588421,,217.8087998,126.2904421,81.1570826,15.9396951,2.7156861,2.4699176,2.105058399999999,1.5710418,,0.079053,,0.000335,,0.0002344,,0.0001362
"REMIND-MAgPIE 3.5-4.11","Low-to-Negative - SSP2","North America (R10)","Capacity|Electricity|Gas","GW",1,550.9803515000001,,532.933284,504.566068,443.6599558,327.6362429,257.9184881,253.3012979,239.6348606,183.7568902,,64.90568160000001,,2.5108203,,0.000137,,0.0000894
"REMIND-MAgPIE 3.5-4.11","Low-to-Negative - SSP2","North America (R10)","Capacity|Electricity|Geothermal","GW",1,3.5882,,3.815,4.3202498,4.962458,5.7444456,6.5607196,7.2065775,7.4752558,7.7420597,,7.7420597,,7.7420597,,7.7420597,,7.7420597
"REMIND-MAgPIE 3.5-4.11","Low-to-Negative - SSP2","North America (R10)","Capacity|Electricity|Hydro","GW",1,109.7390259,,112.9739282,114.2626,114.2626,114.2626,114.2626,114.2626,114.2626,114.2626,,114.2626,,114.2626,,114.2626,,114.2626
"REMIND-MAgPIE 3.5-4.11","Low-to-Negative - SSP2","North America (R10)","Capacity|Electricity|Hydrogen","GW",1,0,,0,0.0002002,0.0002,0.0002,23.5414482,53.03831990000001,68.10930609999998,128.949917,,237.7077337,,300.4626492,,315.2505313,,314.7795125
"REMIND-MAgPIE 3.5-4.11","Low-to-Negative - SSP2","North America (R10)","Capacity|Electricity|Nuclear","GW",1,101.9425666,,88.9524509,73.2695601,55.4663744,37.7777688,22.5260742,12.2871639,6.3877707,2.8052373,,1.0750993,,0.19739,,0,,0
"REMIND-MAgPIE 3.5-4.11","Low-to-Negative - SSP2","North America (R10)","Capacity|Electricity|Oil","GW",1,24.7957899,,14.4866867,4.665786499999999,0.0001,0.0001491,0.0001952,0.000234,0.0002581,0.000283,,0.0002827,,0.0001805,,0.0000776,,0
"REMIND-MAgPIE 3.5-4.11","Low-to-Negative - SSP2","North America (R10)","Capacity|Electricity|Solar|CSP","GW",1,1.72725,,3.4291162,7.6109201,8.275286900000001,8.653453500000001,10.0413291,14.229902,21.0682061,22.3406188,,21.711126,,21.9015549,,22.4886676,,27.3558031
"REMIND-MAgPIE 3.5-4.11","Low-to-Negative - SSP2","North America (R10)","Capacity|Electricity|Solar|PV","GW",1,81.39495000000001,,264.9772316999999,603.0797832000002,1190.5119386,1871.9804547,2322.2880132,2464.1504545,2438.4341273,2415.0771481,,2361.153992200001,,2437.3653704,,2540.255153600001,,2567.1562493
"REMIND-MAgPIE 3.5-4.11","Low-to-Negative - SSP2","North America (R10)","Capacity|Electricity|Wind|Offshore","GW",1,0.0323,,1.896008,11.020109,28.5600356,56.12864980000001,86.2368031,111.3169081,130.7149922,155.5941638,,176.7952235,,186.26459,,186.26459,,177.3209034
"REMIND-MAgPIE 3.5-4.11","Low-to-Negative - SSP2","North America (R10)","Capacity|Electricity|Wind|Onshore","GW",1,124.0785,,192.5318548,251.1830211,363.0107353,533.9966089999999,725.7906822000001,858.1391897999999,925.3786463,1023.4839373,,999.8908173,,952.9780555000001,,970.9229316999999,,925.1435617
"REMIND-MAgPIE 3.5-4.11","Low-to-Negative - SSP2","Other (R10)","Capacity|Electricity|Biomass","GW",1,3.5613012,,3.7224951,3.529,2.852508899999999,2.1129396,1.3777944,0.8038668,0.4197495,0.1746239,,0.0070816,,0.0000459,,0.0000423,,0.0000325
"REMIND-MAgPIE 3.5-4.11","Low-to-Negative - SSP2","Other (R10)","Capacity|Electricity|Coal","GW",1,28.8153,,12.7490804,1.1926268,0.9583079999999999,0.9312193999999999,0.8847210999999999,0.8091684,0.693366399999999,0.5214394,,0.0336498,,0.0005192,,0.0002578,,0.0001362
"REMIND-MAgPIE 3.5-4.11","Low-to-Negative - SSP2","Other (R10)","Capacity|Electricity|Gas","GW",1,41.9454,,38.9367862,35.10184449999999,25.3253377,22.4957537,26.4576187,24.4664818,21.2105395,19.2399625,,8.934885099999999,,0.8347188000000001,,0.0001549,,0.0000962
"REMIND-MAgPIE 3.5-4.11","Low-to-Negative - SSP2","Other (R10)","Capacity|Electricity|Geothermal","GW",1,1.3475007,,1.7864,2.218181200000001,2.5366307,2.742194200000001,2.8411535,2.855041599999999,2.855041599999999,2.9244387,,2.9244387,,2.9244387,,2.9244387,,2.9244387
"REMIND-MAgPIE 3.5-4.11","Low-to-Negative - SSP2","Other (R10)","Capacity|Electricity|Hydro","GW",1,88.46142630000001,,93.18267589999999,96.99190000000002,98.49730470000002,98.91173690000001,98.91173690000001,98.91173690000001,98.91173690000001,99.91069260000002,,99.91069260000002,,99.91069260000002,,99.91069260000002,,99.91069260000002
"REMIND-MAgPIE 3.5-4.11","Low-to-Negative - SSP2","Other (R10)","Capacity|Electricity|Hydrogen","GW",1,0,,0,0.0002,0.0002,2.7123512,3.0334215,7.391814699999999,10.3725846,12.6661827,,23.4689634,,31.4553869,,31.7949641,,30.6435014
"REMIND-MAgPIE 3.5-4.11","Low-to-Negative - SSP2","Other (R10)","Capacity|Electricity|Nuclear","GW",1,12.6018486,,11.2541743,9.6571907,7.824770599999999,5.969839100000002,4.3118018,3.0932154,2.2282052,1.4931529,,0.1669244,,0,,0,,0
"REMIND-MAgPIE 3.5-4.11","Low-to-Negative - SSP2","Other (R10)","Capacity|Electricity|Oil","GW",1,3.0688317,,1.7988071,0.5820284,0.0001,0.0001491,0.0001952,0.000234,0.0002581,0.0002831000000000002,,0.0002827,,0.0001805,,0.0000776,,0
"REMIND-MAgPIE 3.5-4.11","Low-to-Negative - SSP2","Other (R10)","Capacity|Electricity|Solar|CSP","GW",1,0.00285,,0.00285,0.0253432,0.0283446,0.0312632,0.0341409,0.0363755,0.037705899999999,0.0403285,,0.0419148,,0.041623,,0.0406363,,0.0397195
"REMIND-MAgPIE 3.5-4.11","Low-to-Negative - SSP2","Other (R10)","Capacity|Electricity|Solar|PV","GW",1,22.2547,,62.70936,140.5925274,247.2367442,341.5873359999999,400.9959783999999,429.2206657,430.2152009,434.6856741,,434.1289778,,433.1443249,,429.8320004,,418.4812855
"REMIND-MAgPIE 3.5-4.11","Low-to-Negative - SSP2","Other (R10)","Capacity|Electricity|Wind|Offshore","GW",1,0,,0.332045299999999,1.7693593,5.282428,11.8949351,21.2985489,31.8482954,41.6025266,54.4652071,,64.3594689,,63.24211180000001,,58.8644463,,56.3360111
"REMIND-MAgPIE 3.5-4.11","Low-to-Negative - SSP2","Other (R10)","Capacity|Electricity|Wind|Onshore","GW",1,22.73065,,32.53857880000001,31.8361708,30.7285015,28.7910488,29.0711615,30.6273272,33.5401724,43.910132,,51.8869371,,50.986118,,47.45682139999999,,45.4183839
"REMIND-MAgPIE 3.5-4.11","Low-to-Negative - SSP2","Pacific OECD (R10)","Capacity|Electricity|Biomass","GW",1,10.879846,,14.284789,16.03405800000001,16.009501,15.1456684,12.2854552,9.461936900000001,6.7511147,4.1934736,,0.7488465999999999,,0.0124792,,0.0002344,,0.0001362
"REMIND-MAgPIE 3.5-4.11","Low-to-Negative - SSP2","Pacific OECD (R10)","Capacity|Electricity|Coal","GW",1,43.6977,,40.28090520000001,36.3384259,28.88624949999999,13.2722545,2.3302908,0.9189458,0.2452131,0.0024821,,0.0004,,0.0000451,,0.0000375,,0.000021
"REMIND-MAgPIE 3.5-4.11","Low-to-Negative - SSP2","Pacific OECD (R10)","Capacity|Electricity|Gas","GW",1,80.85904699999999,,84.88573469999999,88.62115279999999,85.74672400000001,75.7219479,56.53531070000001,36.5604081,26.6724168,23.4888665,,8.691383199999999,,1.3645409,,0.0093942,,0.0000428
"REMIND-MAgPIE 3.5-4.11","Low-to-Negative - SSP2","Pacific OECD (R10)","Capacity|Electricity|Geothermal","GW",1,0.6256328,,0.7098,1.0516253,1.7178264,2.6973538,3.8283241,4.817846599999999,5.431331100000001,6.0435529,,6.0435529,,6.0435529,,6.0435529,,6.0435529
"REMIND-MAgPIE 3.5-4.11","Low-to-Negative - SSP2","Pacific OECD (R10)","Capacity|Electricity|Hydro","GW",1,30.9879676,,32.6869971,33.97502,34.955553,35.6808673,36.1049428,36.2464407,36.2464407,36.64549210000001,,36.64549210000001,,36.64549210000001,,36.64549210000001,,36.64549210000001
"REMIND-MAgPIE 3.5-4.11","Low-to-Negative - SSP2","Pacific OECD (R10)","Capacity|Electricity|Hydrogen","GW",1,0,,0,0.0002,0.0002016,0.0002,6.4273418,13.8700334,21.0803194,30.8664657,,47.00213820000001,,54.3829227,,53.26112670000001,,50.24528890000001
"REMIND-MAgPIE 3.5-4.11","Low-to-Negative - SSP2","Pacific OECD (R10)","Capacity|Electricity|Nuclear","GW",1,38.0812121,,33.13501720000001,27.4844461,21.4589147,15.9319163,11.6467656,9.314518699999999,8.435998,8.7947898,,8.91039,,8.3009951,,6.8415646,,4.543769300000001
"REMIND-MAgPIE 3.5-4.11","Low-to-Negative - SSP2","Pacific OECD (R10)","Capacity|Electricity|Oil","GW",1,25.0760445,,14.6116614,4.6886451,0.0001,0.0001491,0.0001952,0.000234,0.0002581,0.0002831000000000002,,0.0002827,,0.0001805,,0.0000776,,0
"REMIND-MAgPIE 3.5-4.11","Low-to-Negative - SSP2","Pacific OECD (R10)","Capacity|Electricity|Solar|CSP","GW",1,0,,0.00009,0.0001399,0.0006391999999999999,0.0011357,0.0016235,0.0020885,0.0025051,0.003082,,0.0033482,,0.0033377,,0.0033109,,0.0033852
"REMIND-MAgPIE 3.5-4.11","Low-to-Negative - SSP2","Pacific OECD (R10)","Capacity|Electricity|Solar|PV","GW",1,67.01110000000001,,99.04982690000001,143.9194711,217.2324011,301.787658,371.9445591,401.3690787,399.8296516,406.834489,,374.5107674,,379.7099808,,370.82402,,354.2142016
"REMIND-MAgPIE 3.5-4.11","Low-to-Negative - SSP2","Pacific OECD (R10)","Capacity|Electricity|Wind|Offshore","GW",1,0.0882,,1.2011869,4.525458,12.8474581,29.326077,53.6171235,79.49016820000001,100.6249694,127.0620971,,138.7934703,,135.7775685,,126.3646704,,115.7243579
"REMIND-MAgPIE 3.5-4.11","Low-to-Negative - SSP2","Pacific OECD (R10)","Capacity|Electricity|Wind|Onshore","GW",1,3.78005,,5.29435,6.5234297,10.1445984,17.8111953,30.5279543,43.891453,54.8334988,69.23986550000001,,75.63263509999999,,73.9891817,,68.85981729999999,,63.0615987
"REMIND-MAgPIE 3.5-4.11","Low-to-Negative - SSP2","Reforming Economies (R10)","Capacity|Electricity|Biomass","GW",1,4.3450407,,7.152385799999998,9.790870999999997,10.4896416,10.2229414,8.654291699999998,6.980502,5.2509573,3.542697,,0.888483199999999,,0.0211251,,0.0000233,,0.0000138
"REMIND-MAgPIE 3.5-4.11","Low-to-Negative - SSP2","Reforming Economies (R10)","Capacity|Electricity|Coal","GW",1,59.5584,,56.0837585,51.449762,39.5041596,23.41105510000001,11.8534269,4.375367600000001,0.003807,0.0008767,,0.0004,,0.0000531,,0.0000258,,0.0000203
"REMIND-MAgPIE 3.5-4.11","Low-to-Negative - SSP2","Reforming Economies (R10)","Capacity|Electricity|Gas","GW",1,157.6400745,,180.7818582,210.3018421,214.023735,195.7457813,148.2594137,112.2703541,88.784734,71.7359732,,36.8654633,,9.321500499999999,,0.170856,,0.0000273
"REMIND-MAgPIE 3.5-4.11","Low-to-Negative - SSP2","Reforming Economies (R10)","Capacity|Electricity|Geothermal","GW",1,0.0949546,,0.1134,0.1451047,0.2179112,0.3266884,0.4600906,0.5906410000000001,0.692473399999999,0.81569,,0.81569,,0.81569,,0.81569,,0.81569
"REMIND-MAgPIE 3.5-4.11","Low-to-Negative - SSP2","Reforming Economies (R10)","Capacity|Electricity|Hydro","GW",1,76.89038049999999,,81.58577059999999,85.90140430000001,90.9104188,96.7802412,102.9766618,108.8071748,113.7255434,121.4728596,,124.9114193,,126.2444584,,126.3980987,,126.3980987
"REMIND-MAgPIE 3.5-4.11","Low-to-Negative - SSP2","Reforming Economies (R10)","Capacity|Electricity|Hydrogen","GW",1,0,,0,0.0002,0.0002,0.0002,0.0002,8.174982,24.4158797,54.73825320000001,,105.3410408,,152.3510089,,177.8588552,,182.5978048
"REMIND-MAgPIE 3.5-4.11","Low-to-Negative - SSP2","Reforming Economies (R10)","Capacity|Electricity|Nuclear","GW",1,42.4369819,,40.9676178,37.38968669999999,32.57815660000001,27.3958135,22.6072999,18.985755,16.243271,13.6816708,,8.114375199999998,,2.0607988,,0.2720567,,0.009973399999999001
"REMIND-MAgPIE 3.5-4.11","Low-to-Negative - SSP2","Reforming Economies (R10)","Capacity|Electricity|Oil","GW",1,0.7419386,,0.4495695,0.1520669,0.0001,0.0001491,0.0001952,0.000234,0.0002581,0.0002831000000000002,,0.0002827,,0.0001805,,0.0000776,,0
"REMIND-MAgPIE 3.5-4.11","Low-to-Negative - SSP2","Reforming Economies (R10)","Capacity|Electricity|Solar|CSP","GW",1,0.341243999999999,,1.3653765,3.6226019,3.9794412,4.4244933,5.490510799999999,7.8492958,11.70125,14.0071228,,15.8084737,,17.3751293,,18.61990540000001,,22.5173477
"REMIND-MAgPIE 3.5-4.11","Low-to-Negative - SSP2","Reforming Economies (R10)","Capacity|Electricity|Solar|PV","GW",1,8.61555,,33.6534567,102.4558512,270.6780083,527.6485135,806.7664717,1021.5781151,1170.5804244,1366.6369886,,1488.8508168,,1674.1520651,,1842.1659871,,1910.3079461
"REMIND-MAgPIE 3.5-4.11","Low-to-Negative - SSP2","Reforming Economies (R10)","Capacity|Electricity|Wind|Offshore","GW",1,0,,0.00008,0.4623837,2.4489752,7.758667400000001,18.44230079999999,34.2208711,52.03898290000001,77.866504,,105.0230841,,124.4798843,,133.1492996,,141.0294845
"REMIND-MAgPIE 3.5-4.11","Low-to-Negative - SSP2","Reforming Economies (R10)","Capacity|Electricity|Wind|Onshore","GW",1,3.1426,,5.7030364,7.818215499999999,17.0256861,41.721451,91.48616990000002,165.1386182,249.2264731,372.9203203999999,,481.7671875,,530.3989905000001,,555.8915862,,542.6153380000001
"REMIND-MAgPIE 3.5-4.11","Low-to-Negative - SSP2","Rest of Asia (R10)","Capacity|Electricity|Biomass","GW",1,10.7406,,9.567412800000001,8.4846,7.0449131,5.524147899999999,3.9633417,2.4589978,1.1579748,0.3030475,,0.0003,,0.0000531,,0.0000258,,0.0000203
"REMIND-MAgPIE 3.5-4.11","Low-to-Negative - SSP2","Rest of Asia (R10)","Capacity|Electricity|Coal","GW",1,124.6203,,129.5722787,125.773528,114.006889,56.14993580000001,6.461993400000001,0.3104236,0.0100923,0.006812100000000001,,0.0004,,0.00005290000000000001,,0.0000254,,0.0000197
"REMIND-MAgPIE 3.5-4.11","Low-to-Negative - SSP2","Rest of Asia (R10)","Capacity|Electricity|Gas","GW",1,191.5124865,,222.9365698,258.6338932,292.4606523,334.9586981,357.4865729999999,384.9859281,438.6448086000001,439.2248618,,324.8378552,,141.306097,,15.74393,,0.00005040000000000001
"REMIND-MAgPIE 3.5-4.11","Low-to-Negative - SSP2","Rest of Asia (R10)","Capacity|Electricity|Geothermal","GW",1,5.442515599999999,,6.4988,8.008279399999997,9.972515800000002,12.5267713,15.8205516,19.4664,22.86375,28.1043877,,31.471242,,32.2679085,,32.2679085,,32.2679085
"REMIND-MAgPIE 3.5-4.11","Low-to-Negative - SSP2","Rest of Asia (R10)","Capacity|Electricity|Hydro","GW",1,76.94664190000002,,105.4722535,134.198,146.7008757,151.4529666,152.8469588,152.9499935,152.9499935,152.9499935,,152.9499935,,152.9499935,,152.9499935,,152.9499935
"REMIND-MAgPIE 3.5-4.11","Low-to-Negative - SSP2","Rest of Asia (R10)","Capacity|Electricity|Hydrogen","GW",1,0,,0,0.0002,0.0002,0.0002,0.0002,0.0002,0.0002,72.55698579999999,,323.5924316,,785.0606740999999,,1148.0909774,,1293.9293408
"REMIND-MAgPIE 3.5-4.11","Low-to-Negative - SSP2","Rest of Asia (R10)","Capacity|Electricity|Nuclear","GW",1,26.6284065,,29.2958191,30.43254949999999,29.9125857,28.1944282,25.9237149,23.7872331,21.9490185,20.0502456,,15.1963609,,7.636273300000001,,2.3716245,,0.3504049
"REMIND-MAgPIE 3.5-4.11","Low-to-Negative - SSP2","Rest of Asia (R10)","Capacity|Electricity|Oil","GW",1,29.1944716,,19.0714568,7.046480799999999,0.0001,0.0001491,0.0001952,0.000234,0.0002581,0.0002831000000000002,,0.0002827,,0.0001805,,0.0000776,,0
"REMIND-MAgPIE 3.5-4.11","Low-to-Negative - SSP2","Rest of Asia (R10)","Capacity|Electricity|Solar|CSP","GW",1,0.004750000000000001,,0.004750000000000001,0.10302,0.1352088,0.1702654,0.2092134,0.2575075,0.3079473,0.3836304,,0.5008769,,0.678588499999999,,0.8163722,,0.8798086
"REMIND-MAgPIE 3.5-4.11","Low-to-Negative - SSP2","Rest of Asia (R10)","Capacity|Electricity|Solar|PV","GW",1,36.38039999999999,,158.0778479,471.7745817,1059.9411055,1851.7963836,2762.099146900001,3571.539004,4170.7247748,4972.3904676,,6353.3869437,,9036.292718200002,,11392.2879785,,12662.4897815
"REMIND-MAgPIE 3.5-4.11","Low-to-Negative - SSP2","Rest of Asia (R10)","Capacity|Electricity|Wind|Offshore","GW",1,0.597449999999999,,3.3850158,12.8241116,33.9066531,73.98155970000002,136.9338797,218.2973903,314.3649804,470.9253540999999,,721.5455616999999,,1010.7655232,,1209.3496582,,1270.5650726
"REMIND-MAgPIE 3.5-4.11","Low-to-Negative - SSP2","Rest of Asia (R10)","Capacity|Electricity|Wind|Onshore","GW",1,7.26915,,24.81498570000001,44.8591761,89.4124907,173.6807506,305.5205677,475.1579745,676.1841870000001,1012.9381373,,1552.0103365,,2174.1087784,,2601.2538494,,2732.9253071
"REMIND-MAgPIE 3.5-4.11","Low-to-Negative - SSP2","World","Capacity|Electricity|Biomass","GW",1,124.1078217,,128.1842263,127.2854569,110.1326069,87.663419,62.2554781,40.0700291,22.6422065,11.113738,,3.6810962,,8.959243,,9.0344043,,8.568360099999998
"REMIND-MAgPIE 3.5-4.11","Low-to-Negative - SSP2","World","Capacity|Electricity|Coal","GW",1,2044.3096208,,2026.9697505,1675.4245767,1202.4115798,456.2147086,83.60204629999998,11.1114306,4.6150684,3.1233688,,0.2438397,,0.0017338,,0.0011132,,0.0006623000000000001
"REMIND-MAgPIE 3.5-4.11","Low-to-Negative - SSP2","World","Capacity|Electricity|Gas","GW",1,1984.9548159,,2148.3620825,2150.9479941,2302.7963672,2562.2241744,2709.9804401,2721.7611907,2699.6709303,2543.851566800001,,1487.518986,,430.8542884,,46.28033200000001,,0.0005598000000000001
"REMIND-MAgPIE 3.5-4.11","Low-to-Negative - SSP2","World","Capacity|Electricity|Geothermal","GW",1,17.29866,,20.6150285,25.6355712,31.3914313,37.77677930000001,44.69991040000001,51.1820442,56.2018181,63.62215720000001,,67.01554229999999,,67.8236738,,67.8236738,,67.8236738
"REMIND-MAgPIE 3.5-4.11","Low-to-Negative - SSP2","World","Capacity|Electricity|Hydro","GW",1,1267.3466636,,1409.8928042,1513.919843,1566.5734299,1595.8746171,1613.0520091,1623.5877488,1630.4981966,1645.2744526,,1648.7130122,,1650.0460513,,1650.1996916,,1650.1996916
"REMIND-MAgPIE 3.5-4.11","Low-to-Negative - SSP2","World","Capacity|Electricity|Hydrogen","GW",1,0,,0,0.0024004,0.0024016,2.7145541,52.0649901,214.3923454,437.8543267,1001.1770559,,2587.7476798,,4540.399661400002,,5846.089775899999,,6653.7550126
"REMIND-MAgPIE 3.5-4.11","Low-to-Negative - SSP2","World","Capacity|Electricity|Nuclear","GW",1,412.9798725,,400.7240476,376.0402099,339.2352123999999,296.8336318,255.8847091,225.4407809,203.9124897,187.1174502,,148.198694,,100.6500818,,72.06361890000001,,66.8290201
"REMIND-MAgPIE 3.5-4.11","Low-to-Negative - SSP2","World","Capacity|Electricity|Oil","GW",1,229.5826915,,143.4574664,50.3886502,0.0012,0.001789,0.0023423,0.0028078,0.0030974,0.003397,,0.0033922,,0.0021661,,0.0009310999999999998,,0
"REMIND-MAgPIE 3.5-4.11","Low-to-Negative - SSP2","World","Capacity|Electricity|Solar|CSP","GW",1,6.534543999999999,,12.8164525,26.85985130000001,31.38535,36.7178771,48.2434026,73.0029998,112.1397128,137.2280364,,165.8618555,,203.981786,,246.5180528,,335.7684419
"REMIND-MAgPIE 3.5-4.11","Low-to-Negative - SSP2","World","Capacity|Electricity|Solar|PV","GW",1,759.3656499999998,,2444.0880196,5501.314206200001,10015.1648118,15456.8511492,20519.0055391,24382.3977553,27065.4812323,30742.9242238,,35868.51746849999,,45877.02978289999,,56266.5710251,,65518.3554867
"REMIND-MAgPIE 3.5-4.11","Low-to-Negative - SSP2","World","Capacity|Electricity|Wind|Offshore","GW",1,42.63795,,105.4577064,212.0027873,380.3837508,623.9878147,926.8839305000001,1253.2705481,1576.883447,2086.6672486,,2779.7632236,,3495.6062586,,4012.2605317,,4291.582131100001
"REMIND-MAgPIE 3.5-4.11","Low-to-Negative - SSP2","World","Capacity|Electricity|Wind|Onshore","GW",1,683.3241907999999,,1155.1462166,1703.861124,2533.6619195,3683.0282963,5070.360923500001,6454.4570662,7764.4218349,9858.954889999999,,12058.2217573,,14215.4509456,,16545.3413611,,17703.3323457
"REMIND-MAgPIE 3.5-4.11","Medium-to-Low - SSP2","Africa (R10)","Capacity|Electricity|Biomass","GW",1,1.377,,1.2718661,1.2386893,1.1775637,1.0048935,0.8054289,0.6329258000000001,0.3932516,0.1577632,,0.00048,,0.0002035,,0.00007560000000000002,,0.0000203
"REMIND-MAgPIE 3.5-4.11","Medium-to-Low - SSP2","Africa (R10)","Capacity|Electricity|Coal","GW",1,39.1032,,34.4884556,29.5712422,24.3495875,18.7598405,11.5982102,3.1996109,1.4486491,0.0075239,,0.0004373000000000001,,0.0000525,,0.0000233,,0.0000138
"REMIND-MAgPIE 3.5-4.11","Medium-to-Low - SSP2","Africa (R10)","Capacity|Electricity|Gas","GW",1,27.799935,,46.0014724,65.7509369,85.8467002,109.2509628,142.5755651999999,186.4755782,224.9030831,278.7082711,,410.3513571999999,,570.109022,,764.6931178,,617.5974808
"REMIND-MAgPIE 3.5-4.11","Medium-to-Low - SSP2","Africa (R10)","Capacity|Electricity|Geothermal","GW",1,0.6725647999999991,,0.8971676999999991,1.1112974,1.2955347,1.4404343,1.5249978,1.5515156,1.5515156,1.6082176,,1.6082176,,1.6082176,,1.6082176,,1.6082176
"REMIND-MAgPIE 3.5-4.11","Medium-to-Low - SSP2","Africa (R10)","Capacity|Electricity|Hydro","GW",1,25.7518871,,30.3566355,34.88422609999999,39.108892,42.9496889,45.9853731,48.19375220000001,49.6174752,51.39815780000001,,51.39815780000001,,51.39815780000001,,51.39815780000001,,51.39815780000001
"REMIND-MAgPIE 3.5-4.11","Medium-to-Low - SSP2","Africa (R10)","Capacity|Electricity|Hydrogen","GW",1,0,,0,0.0002,0.0002,0.0002,0.0002,0.0002,0.0002,0.0002,,0.0002,,0.0002,,0.0002,,406.3455253
"REMIND-MAgPIE 3.5-4.11","Medium-to-Low - SSP2","Africa (R10)","Capacity|Electricity|Nuclear","GW",1,1.7442,,1.7484116,1.86,1.8766266,1.8625211,1.86,1.86,1.86,1.86,,1.86,,1.86,,1.86,,1.86
"REMIND-MAgPIE 3.5-4.11","Medium-to-Low - SSP2","Africa (R10)","Capacity|Electricity|Oil","GW",1,2.8002376,,1.7513314,0.6158468,0.0001,0.0001491,0.0001952,0.000234,0.0002581,0.0002831000000000002,,0.0002827,,0.0001805,,0.0000776,,0
"REMIND-MAgPIE 3.5-4.11","Medium-to-Low - SSP2","Africa (R10)","Capacity|Electricity|Solar|CSP","GW",1,0.456,,0.699409899999999,1.0707467,1.5278565,2.1783445,3.5577681,6.5820495,11.6852387,16.2555574,,24.7345098,,35.45911570000001,,47.9968178,,74.44200370000001
"REMIND-MAgPIE 3.5-4.11","Medium-to-Low - SSP2","Africa (R10)","Capacity|Electricity|Solar|PV","GW",1,5.48205,,25.5131674,85.85162300000002,216.2384869,428.3386692,753.0564676999999,1172.3206798,1637.1870582,2308.1491936,,3581.9050955,,5582.223563500001,,8132.012106200001,,11649.4954548
"REMIND-MAgPIE 3.5-4.11","Medium-to-Low - SSP2","Africa (R10)","Capacity|Electricity|Wind|Offshore","GW",1,0,,0.3310086,1.7165242,4.457151199999999,9.344551399999999,17.4849826,29.8094571,47.9778302,83.5211389,,166.3276582,,307.2609815,,480.6585539,,681.9712365
"REMIND-MAgPIE 3.5-4.11","Medium-to-Low - SSP2","Africa (R10)","Capacity|Electricity|Wind|Onshore","GW",1,3.58155,,9.493482600000002,20.6503523,42.5912577,81.52043129999998,146.4443546,241.8908966,366.4149402,581.2058760000001,,981.9115189999999,,1549.6678432,,2214.6534923,,2926.4799743
"REMIND-MAgPIE 3.5-4.11","Medium-to-Low - SSP2","China+ (R10)","Capacity|Electricity|Biomass","GW",1,12.2796,,11.8764386,10.3477735,8.721749399999998,6.9898132,5.1869261,3.4294038,1.8837432,0.7081272,,0.0003,,0.0000738,,0.0000648,,0.0000483
"REMIND-MAgPIE 3.5-4.11","Medium-to-Low - SSP2","China+ (R10)","Capacity|Electricity|Coal","GW",1,1078.8081404,,1164.0203239,962.5808984,665.3835286,383.9617095999999,138.4308837,9.954629800000001,0.4992241,0.4070402,,0.1090831,,0,,0,,0
"REMIND-MAgPIE 3.5-4.11","Medium-to-Low - SSP2","China+ (R10)","Capacity|Electricity|Gas","GW",1,131.371,,182.2588688,210.095132,284.5813851999999,417.0210681,547.9121432999999,624.533595,640.3791479,650.7454769000001,,496.4019953,,270.8737649,,121.7404709,,52.5876756
"REMIND-MAgPIE 3.5-4.11","Medium-to-Low - SSP2","China+ (R10)","Capacity|Electricity|Geothermal","GW",1,0.0385698,,0.0462,0.171851,0.3074298,0.3730588,0.3730588,0.3730588,0.3730588,0.3730588,,0.3730588,,0.3730588,,0.3730588,,0.3730588
"REMIND-MAgPIE 3.5-4.11","Medium-to-Low - SSP2","China+ (R10)","Capacity|Electricity|Hydro","GW",1,352.4729753,,413.5979123999999,447.2113361999999,463.2362304999999,469.6622861000001,471.3908135,471.3908135,471.3908135,471.3908135,,471.3908135,,471.3908135,,471.3908135,,471.3908135
"REMIND-MAgPIE 3.5-4.11","Medium-to-Low - SSP2","China+ (R10)","Capacity|Electricity|Hydrogen","GW",1,0,,0,0.0002,0.0002,0.0002,0.0002,0.0002,0.0002,0.0002,,120.017585,,345.2199268,,458.0945487,,480.9626072
"REMIND-MAgPIE 3.5-4.11","Medium-to-Low - SSP2","China+ (R10)","Capacity|Electricity|Nuclear","GW",1,48.9869612,,68.98396960000002,88.14129070000001,104.5611468,116.9865971,124.6745805,127.9870742,127.3123489,124.8465699,,105.2532719,,78.1109035,,60,,60
"REMIND-MAgPIE 3.5-4.11","Medium-to-Low - SSP2","China+ (R10)","Capacity|Electricity|Oil","GW",1,15.8180276,,10.7677317,4.1528277,0.0001,0.0001491,0.0001952,0.000234,0.0002581,0.0002831000000000002,,0.0002827,,0.0001805,,0.0000776,,0
"REMIND-MAgPIE 3.5-4.11","Medium-to-Low - SSP2","China+ (R10)","Capacity|Electricity|Solar|CSP","GW",1,0.4237,,0.931,0.9268542999999999,0.9099807,0.8643094000000001,0.7671542,0.5878618,0.5749997,0.5998996999999999,,0.5881949,,0.576487,,0.551277,,0.5299614
"REMIND-MAgPIE 3.5-4.11","Medium-to-Low - SSP2","China+ (R10)","Capacity|Electricity|Solar|PV","GW",1,286.1166,,1056.2523786,1981.4602088,2959.0572989,3842.0772373,4560.293424,4933.2686086,4992.213843099999,4943.5340885,,4622.5875656,,4683.972786099999,,4461.8858525,,4208.5571012
"REMIND-MAgPIE 3.5-4.11","Medium-to-Low - SSP2","China+ (R10)","Capacity|Electricity|Wind|Offshore","GW",1,16.30335,,42.02135000000001,69.50279129999998,103.303224,139.5486872,176.2364872,203.9819863,223.7946735,261.5389415,,310.640588,,342.6197515,,375.3033502,,421.1553923
"REMIND-MAgPIE 3.5-4.11","Medium-to-Low - SSP2","China+ (R10)","Capacity|Electricity|Wind|Onshore","GW",1,251.6439817,,473.499831,721.5344665,1016.5570114,1317.383772,1646.2180151,1923.9407396,2119.8467559,2431.167680099999,,2482.2810324,,2327.7528029,,2158.311516600001,,1976.2767067
"REMIND-MAgPIE 3.5-4.11","Medium-to-Low - SSP2","Europe (R10)","Capacity|Electricity|Biomass","GW",1,33.4926,,34.91887250000001,35.31060920000001,26.8877192,18.4449283,10.6664186,4.758683300000001,1.072123,0.1910509,,0.0186066,,0.0001509,,0.0000421,,0.0000322
"REMIND-MAgPIE 3.5-4.11","Medium-to-Low - SSP2","Europe (R10)","Capacity|Electricity|Coal","GW",1,137.7351,,49.2386388,13.9539249,4.4472947,0.2771712,0.1618811,0.1039069,0.08043230000000001,0.0572632,,0.0011227,,0.0005300000000000001,,0.0004137000000000001,,0.0002792
"REMIND-MAgPIE 3.5-4.11","Medium-to-Low - SSP2","Europe (R10)","Capacity|Electricity|Gas","GW",1,293.0262269,,289.1104527,161.3949273,171.1671624,214.1125429000001,246.1905122,268.269204,282.5967776,307.3132279999999,,314.7033223,,320.6138779999999,,258.9867572,,180.2350453
"REMIND-MAgPIE 3.5-4.11","Medium-to-Low - SSP2","Europe (R10)","Capacity|Electricity|Geothermal","GW",1,2.9686756,,3.9568328,5.5390711,7.2269825,8.7878589,10.0579667,10.9378724,11.4842687,12.2985532,,12.2985532,,12.2985532,,12.2985532,,12.2985532
"REMIND-MAgPIE 3.5-4.11","Medium-to-Low - SSP2","Europe (R10)","Capacity|Electricity|Hydro","GW",1,220.1095889,,232.7643075,241.6191,242.9899055,242.9899055,242.9899055,242.9899055,242.9899055,243.0332725,,243.0332725,,243.0332725,,243.0332725,,243.0332725
"REMIND-MAgPIE 3.5-4.11","Medium-to-Low - SSP2","Europe (R10)","Capacity|Electricity|Hydrogen","GW",1,0,,0,0.0004,0.0004,0.0004029,0.0004214000000000001,0.0004144,0.0004,0.0004,,0.0004,,0.0004,,59.1794513,,138.3141953
"REMIND-MAgPIE 3.5-4.11","Medium-to-Low - SSP2","Europe (R10)","Capacity|Electricity|Nuclear","GW",1,124.8468993,,108.3841297,88.9266655,66.84379440000001,44.9140777,26.0265543,13.3868275,6.170789200000001,1.8819098,,0.2678119,,0.045925999999999,,0,,0
"REMIND-MAgPIE 3.5-4.11","Medium-to-Low - SSP2","Europe (R10)","Capacity|Electricity|Oil","GW",1,28.3264211,,16.7362377,5.474174600000001,0.0002,0.0002982,0.0003904,0.000468,0.0005162,0.0005662000000000002,,0.0005654,,0.000361,,0.0001552,,0
"REMIND-MAgPIE 3.5-4.11","Medium-to-Low - SSP2","Europe (R10)","Capacity|Electricity|Solar|CSP","GW",1,2.1964,,2.1964,2.3422971,2.3468935,2.3511256,2.3551155,2.3584518,2.3611245,2.3655386,,2.3661439,,2.3665457,,2.3672458,,2.3668981
"REMIND-MAgPIE 3.5-4.11","Medium-to-Low - SSP2","Europe (R10)","Capacity|Electricity|Solar|PV","GW",1,171.0487,,368.388957,886.6380466999999,1236.9206487,1531.2449895,1758.992975,1902.6741064,1981.3149805,2100.5550181,,2071.6808056,,2084.7539634,,2060.4681027,,2120.0733224
"REMIND-MAgPIE 3.5-4.11","Medium-to-Low - SSP2","Europe (R10)","Capacity|Electricity|Wind|Offshore","GW",1,25.61665,,54.5004604,99.1714756,150.989007,207.237738,265.7422384,322.6245869,359.81886,413.1185345999999,,434.9503693,,436.279144,,436.5184758,,444.2324711999999
"REMIND-MAgPIE 3.5-4.11","Medium-to-Low - SSP2","Europe (R10)","Capacity|Electricity|Wind|Onshore","GW",1,190.3723591,,276.1596521,413.2031807999999,537.6361552000001,638.5369721999999,735.4692362000001,817.2895007000001,883.4219498999998,1016.2014386,,1106.3578696,,1143.1361725,,1144.2705977,,1100.7630547
"REMIND-MAgPIE 3.5-4.11","Medium-to-Low - SSP2","India+ (R10)","Capacity|Electricity|Biomass","GW",1,9.2106,,8.118648899999998,6.978224300000001,5.773968500000001,4.5070941,3.2157971,1.994432,0.9670211,0.2575205,,0.0003,,0.00005690000000000001,,0.0000258,,0.0000203
"REMIND-MAgPIE 3.5-4.11","Medium-to-Low - SSP2","India+ (R10)","Capacity|Electricity|Coal","GW",1,247.6141594,,303.1344567,319.2873428999999,309.0738366,288.8684633,212.4680964,82.1483586,1.6732484,0.6832321999999991,,0.06606189999999999,,0.0000531,,0.0000258,,0.0000203
"REMIND-MAgPIE 3.5-4.11","Medium-to-Low - SSP2","India+ (R10)","Capacity|Electricity|Gas","GW",1,35.3031077,,43.9134526,58.365037,77.95495900000002,124.7064843,204.5424571,307.8229861,395.3131094999999,490.7378318,,508.852213,,371.1078109,,187.8902719,,75.49691840000001
"REMIND-MAgPIE 3.5-4.11","Medium-to-Low - SSP2","India+ (R10)","Capacity|Electricity|Geothermal","GW",1,0.0238568,,0.051452,0.08647360000000001,0.1187416,0.1508809,0.1808267,0.2089881,0.227429,0.2526048,,0.2862541,,0.3730588,,0.3730588,,0.3730588
"REMIND-MAgPIE 3.5-4.11","Medium-to-Low - SSP2","India+ (R10)","Capacity|Electricity|Hydro","GW",1,52.4028656,,55.56130090000001,57.52095630000001,58.390905,58.66544280000001,58.66544280000001,58.66544280000001,58.66544280000001,58.85985099999999,,58.85985099999999,,58.85985099999999,,58.85985099999999,,58.85985099999999
"REMIND-MAgPIE 3.5-4.11","Medium-to-Low - SSP2","India+ (R10)","Capacity|Electricity|Hydrogen","GW",1,0,,0,0.0002002,0.0002,0.0002,0.0002,0.0002142,0.0002,0.0002,,65.59749440000002,,301.6086393,,547.8824493,,706.4465403999999
"REMIND-MAgPIE 3.5-4.11","Medium-to-Low - SSP2","India+ (R10)","Capacity|Electricity|Nuclear","GW",1,8.0428961,,10.1861452,11.5039797,11.9661899,11.8525732,11.400176,10.8381372,10.1570692,9.246110299999998,,6.3656414,,2.821645199999999,,0.627368599999999,,0.0431832
"REMIND-MAgPIE 3.5-4.11","Medium-to-Low - SSP2","India+ (R10)","Capacity|Electricity|Oil","GW",1,4.6963619,,3.0842381,1.1461457,0.0001,0.0001491,0.0001952,0.000234,0.0002581,0.0002831000000000002,,0.0002827,,0.0001805,,0.0000776,,0
"REMIND-MAgPIE 3.5-4.11","Medium-to-Low - SSP2","India+ (R10)","Capacity|Electricity|Solar|CSP","GW",1,0.357,,1.4933903,5.082084199999999,6.3555496,7.8964714,10.7666001,16.8664463,27.0178845,33.9015977,,39.46151390000001,,45.3990396,,50.2856548,,64.3185756
"REMIND-MAgPIE 3.5-4.11","Medium-to-Low - SSP2","India+ (R10)","Capacity|Electricity|Solar|PV","GW",1,44.982,,206.2840995,572.5489537,1071.0464079,1639.234251,2344.9581733,3120.6017181,3826.2950609,4760.4120054,,5592.560233600001,,6629.279358699999,,7349.026926000001,,7895.855603200001
"REMIND-MAgPIE 3.5-4.11","Medium-to-Low - SSP2","India+ (R10)","Capacity|Electricity|Wind|Offshore","GW",1,0,,0.9975640999999991,5.840830899999999,13.9417746,25.7154076,42.17851570000001,62.62095870000001,83.05002360000002,110.9068753,,137.4074758,,178.3782724,,230.1809087,,266.3275176999999
"REMIND-MAgPIE 3.5-4.11","Medium-to-Low - SSP2","India+ (R10)","Capacity|Electricity|Wind|Onshore","GW",1,40.6035,,76.9286452,130.1739895,217.8669251,342.7129646,519.2380393000001,741.5519426999999,966.8749014,1291.1865579,,1525.7542464,,1672.2671252,,1885.3981426,,2069.6689245
"REMIND-MAgPIE 3.5-4.11","Medium-to-Low - SSP2","Latin America (R10)","Capacity|Electricity|Biomass","GW",1,19.48859999999999,,19.2712504,18.7459,17.7786612,16.1514941,13.6970541,9.4160686,5.2734338,1.8581138,,0.0046763,,0.000264,,0.0000919,,0.0000322
"REMIND-MAgPIE 3.5-4.11","Medium-to-Low - SSP2","Latin America (R10)","Capacity|Electricity|Coal","GW",1,16.3071,,15.3040012,8.236610699999998,2.2097278,1.070089,0.9751198,0.8712829999999999,0.724962399999999,0.524214099999999,,0.0185311,,0,,0,,0
"REMIND-MAgPIE 3.5-4.11","Medium-to-Low - SSP2","Latin America (R10)","Capacity|Electricity|Gas","GW",1,102.3606,,99.66531769999999,87.62549739999999,90.74835900000001,103.3312327,125.0626683,158.4394472,182.9850852,215.9820865,,247.8272959,,275.3237896,,265.6402317,,196.4858066
"REMIND-MAgPIE 3.5-4.11","Medium-to-Low - SSP2","Latin America (R10)","Capacity|Electricity|Geothermal","GW",1,2.375946299999999,,2.5508,2.72648,2.811955799999999,2.879472299999999,3.0446815,3.2347693,3.3379042,3.5508257,,3.5508257,,3.5508257,,3.5508257,,3.5508257
"REMIND-MAgPIE 3.5-4.11","Medium-to-Low - SSP2","Latin America (R10)","Capacity|Electricity|Hydro","GW",1,211.7261091,,226.5998085,239.8058,250.0176647,257.6787812,262.366847,264.5337668,264.8652124,268.0326438,,268.0326438,,268.0326438,,268.0326438,,268.0326438
"REMIND-MAgPIE 3.5-4.11","Medium-to-Low - SSP2","Latin America (R10)","Capacity|Electricity|Hydrogen","GW",1,0,,0,0.0002,0.0002,0.0002,0.0002,0.0002,0.0002,0.0002,,0.0002,,0.0002,,21.46003919999999,,95.2653916
"REMIND-MAgPIE 3.5-4.11","Medium-to-Low - SSP2","Latin America (R10)","Capacity|Electricity|Nuclear","GW",1,5.528611199999999,,5.335185299999999,4.8288691,4.2125333,3.5793822,2.996257,2.5361103,2.1610409,1.7857328,,0.900916899999999,,0.143852,,0.0016825,,0
"REMIND-MAgPIE 3.5-4.11","Medium-to-Low - SSP2","Latin America (R10)","Capacity|Electricity|Oil","GW",1,38.8822747,,24.4229518,8.6316148,0.0001,0.0001491,0.0001952,0.000234,0.0002581,0.0002831000000000002,,0.0002827,,0.0001805,,0.0000776,,0
"REMIND-MAgPIE 3.5-4.11","Medium-to-Low - SSP2","Latin America (R10)","Capacity|Electricity|Solar|CSP","GW",1,0.063,,0.8725514999999999,2.885675399999999,3.5576457,4.3437361,5.848508,9.0940383,14.2146802,16.8310285,,19.6161723,,21.8536256,,22.8951861,,27.3577626
"REMIND-MAgPIE 3.5-4.11","Medium-to-Low - SSP2","Latin America (R10)","Capacity|Electricity|Solar|PV","GW",1,25.2415,,108.0735138,295.693163,586.5887295000001,918.7376565,1270.3756392,1567.3065403,1785.7594017,2062.0223529,,2295.4655479,,2496.1538417,,2573.451402800001,,2636.7598389
"REMIND-MAgPIE 3.5-4.11","Medium-to-Low - SSP2","Latin America (R10)","Capacity|Electricity|Wind|Offshore","GW",1,0,,0.7928972,4.908763000000001,12.252824,23.9210573,40.7477233,61.36752439999999,83.613773,118.0715649,,162.958101,,199.3175022,,217.3411209,,233.5735682
"REMIND-MAgPIE 3.5-4.11","Medium-to-Low - SSP2","Latin America (R10)","Capacity|Electricity|Wind|Onshore","GW",1,32.30759999999999,,51.7503,65.53277279999998,88.8789394,123.924513,175.6104918,240.0192543,315.8370398,445.9955844999999,,615.5469653999999,,747.2484365000001,,815.4330489,,809.5739335000002
"REMIND-MAgPIE 3.5-4.11","Medium-to-Low - SSP2","Middle East (R10)","Capacity|Electricity|Biomass","GW",1,0.3384,,0.3299261,0.3512,0.3339506,0.2773625,0.2424021,0.1707333,0.09564160000000001,0.0346552,,0.0048103,,0.00007970000000000001,,0.0000421,,0.0000322
"REMIND-MAgPIE 3.5-4.11","Medium-to-Low - SSP2","Middle East (R10)","Capacity|Electricity|Coal","GW",1,8.4618,,4.289051700000001,0.7497727,0.1024515,0.0937073,0.0741188,0.0627177,0.0494996,0.0341346,,0.0010454,,0.0007697,,0.0005654000000000001,,0.0003567000000000001
"REMIND-MAgPIE 3.5-4.11","Medium-to-Low - SSP2","Middle East (R10)","Capacity|Electricity|Gas","GW",1,372.1565868,,426.9382853999999,470.4916628999999,498.5335754999999,512.1104686,523.1423202,512.9747292000001,448.8290948,450.539745,,468.9920096,,389.4035160999999,,214.9293359,,105.8372889
"REMIND-MAgPIE 3.5-4.11","Medium-to-Low - SSP2","Middle East (R10)","Capacity|Electricity|Geothermal","GW",1,0.1202432,,0.189176,0.2569577,0.3159762,0.3571846,0.3730588,0.3730588,0.3730588,0.3730588,,0.3730588,,0.3730588,,0.3730588,,0.3730588
"REMIND-MAgPIE 3.5-4.11","Medium-to-Low - SSP2","Middle East (R10)","Capacity|Electricity|Hydro","GW",1,21.8577953,,25.1112142,27.5495,27.8841747,27.8841747,27.8841747,27.8841747,27.8841747,27.8841747,,27.8841747,,27.8841747,,27.8841747,,27.8841747
"REMIND-MAgPIE 3.5-4.11","Medium-to-Low - SSP2","Middle East (R10)","Capacity|Electricity|Hydrogen","GW",1,0,,0,0.0002,0.0002016,0.0002,0.0002,0.0002,0.0002,0.0002,,0.0002,,112.243018,,369.2359701,,580.1162717999999
"REMIND-MAgPIE 3.5-4.11","Medium-to-Low - SSP2","Middle East (R10)","Capacity|Electricity|Nuclear","GW",1,2.1392891,,2.481127,2.5459721,2.5311014,2.4993739,2.4406546,2.342298399999999,2.1891502,1.9635445,,1.2117488,,0.228247,,0.004403900000000001,,0
"REMIND-MAgPIE 3.5-4.11","Medium-to-Low - SSP2","Middle East (R10)","Capacity|Electricity|Oil","GW",1,56.18229220000001,,36.2767942,13.233033,0.0001,0.0001491,0.0001952,0.000234,0.0002581,0.0002831000000000002,,0.0002827,,0.0001805,,0.0000776,,0
"REMIND-MAgPIE 3.5-4.11","Medium-to-Low - SSP2","Middle East (R10)","Capacity|Electricity|Solar|CSP","GW",1,0.962349999999999,,1.8215182,3.1901684,3.9622704,4.933979300000001,6.7955616,10.6867385,16.9272796,21.3095501,,24.9691104,,29.0862403,,33.8123377,,45.8785171
"REMIND-MAgPIE 3.5-4.11","Medium-to-Low - SSP2","Middle East (R10)","Capacity|Electricity|Solar|PV","GW",1,10.8381,,61.10817990000001,217.2999963,529.6705803000001,1001.6435534,1655.3889561,2439.3796002,3160.7205099,4026.7429314,,4314.304684700001,,4641.7231253,,5415.726904800001,,6380.434378599999
"REMIND-MAgPIE 3.5-4.11","Medium-to-Low - SSP2","Middle East (R10)","Capacity|Electricity|Wind|Offshore","GW",1,0,,0.00009,0.2609808,0.8639982,2.200237200000001,5.6502196,13.3563943,27.4067414,56.37915270000001,,117.7550257,,187.5140145,,225.2742798,,242.8335526
"REMIND-MAgPIE 3.5-4.11","Medium-to-Low - SSP2","Middle East (R10)","Capacity|Electricity|Wind|Onshore","GW",1,3.814249999999999,,6.431500000000001,10.5463489,20.1453696,41.6738539,90.6374126,178.9800591,310.8798018000001,542.9811857999999,,882.5870001,,1212.6212444,,1431.3284499,,1551.7898189
"REMIND-MAgPIE 3.5-4.11","Medium-to-Low - SSP2","North America (R10)","Capacity|Electricity|Biomass","GW",1,18.3942339,,17.670141,16.4745317,12.9817817,9.1715666,6.3927076,3.3998318,1.678264,0.685756399999999,,0.0003,,0.00004760000000000001,,0.0000329,,0.0000113
"REMIND-MAgPIE 3.5-4.11","Medium-to-Low - SSP2","North America (R10)","Capacity|Electricity|Coal","GW",1,259.588421,,217.8087998,126.2904421,97.1049045,68.8836445,28.536056,2.8546079,2.1191113,1.5725985,,0.079053,,0.000335,,0.0002344,,0.0001362
"REMIND-MAgPIE 3.5-4.11","Medium-to-Low - SSP2","North America (R10)","Capacity|Electricity|Gas","GW",1,550.9803515000001,,532.933284,504.566068,448.3878808000001,392.5108142,341.9493777,294.3078867,282.9920404,260.8097018,,177.1609285,,59.6189412,,2.391962399999999,,0.0001233
"REMIND-MAgPIE 3.5-4.11","Medium-to-Low - SSP2","North America (R10)","Capacity|Electricity|Geothermal","GW",1,3.5882,,3.815,4.3202498,4.8990861,5.5990988,6.530311,7.432956799999999,7.9504712,8.517793099999999,,8.517793099999999,,8.517793099999999,,8.517793099999999,,8.517793099999999
"REMIND-MAgPIE 3.5-4.11","Medium-to-Low - SSP2","North America (R10)","Capacity|Electricity|Hydro","GW",1,109.7390259,,112.9739282,114.2626,114.2626,114.2626,114.2626,114.2626,114.2626,114.2626,,114.2626,,114.2626,,114.2626,,114.2626
"REMIND-MAgPIE 3.5-4.11","Medium-to-Low - SSP2","North America (R10)","Capacity|Electricity|Hydrogen","GW",1,0,,0,0.0002002,0.0002,0.0002,0.0002,0.0002,3.9522512,39.84946339999999,,110.9890574,,231.3382379000001,,297.0668619,,306.6461583999999
"REMIND-MAgPIE 3.5-4.11","Medium-to-Low - SSP2","North America (R10)","Capacity|Electricity|Nuclear","GW",1,101.9425666,,88.9524509,73.2695601,55.4663744,37.7777688,22.5260742,12.2871639,6.3877707,2.8052373,,1.0750993,,0.19739,,0,,0
"REMIND-MAgPIE 3.5-4.11","Medium-to-Low - SSP2","North America (R10)","Capacity|Electricity|Oil","GW",1,24.7957899,,14.4866867,4.665786499999999,0.0001,0.0001491,0.0001952,0.000234,0.0002581,0.000283,,0.0002827,,0.0001805,,0.0000776,,0
"REMIND-MAgPIE 3.5-4.11","Medium-to-Low - SSP2","North America (R10)","Capacity|Electricity|Solar|CSP","GW",1,1.72725,,3.4291162,7.6109201,8.128257799999998,8.5687728,9.5594113,13.1681555,19.3968146,20.9364552,,20.9648978,,21.1869966,,21.7205227,,27.0117597
"REMIND-MAgPIE 3.5-4.11","Medium-to-Low - SSP2","North America (R10)","Capacity|Electricity|Solar|PV","GW",1,81.39495000000001,,264.9772316999999,603.0797832000002,1072.2184283,1536.0841307,1980.540621,2258.2285683,2312.3825334,2356.5558137,,2236.787875,,2322.451181500001,,2409.1261874,,2502.4595292
"REMIND-MAgPIE 3.5-4.11","Medium-to-Low - SSP2","North America (R10)","Capacity|Electricity|Wind|Offshore","GW",1,0.0323,,1.896008,11.020109,24.1780198,41.8517056,65.5026767,89.89964540000001,111.6098043,142.1533226,,177.2002415,,193.4992573,,203.5869417,,229.7537203
"REMIND-MAgPIE 3.5-4.11","Medium-to-Low - SSP2","North America (R10)","Capacity|Electricity|Wind|Onshore","GW",1,124.0785,,192.5318548,251.1830211,329.6341148,425.2530156,567.8644927999999,713.0634315000001,809.8791610999999,947.9582339,,976.0212677999998,,935.1882789000001,,941.9219870999999,,946.2003754000001
"REMIND-MAgPIE 3.5-4.11","Medium-to-Low - SSP2","Other (R10)","Capacity|Electricity|Biomass","GW",1,3.5613012,,3.7224951,3.529,3.2125844,2.7246554,1.8451847,1.1326807,0.635567199999999,0.2954483,,0.0225807,,0.00007840000000000001,,0.00003840000000000001,,0.0000223
"REMIND-MAgPIE 3.5-4.11","Medium-to-Low - SSP2","Other (R10)","Capacity|Electricity|Coal","GW",1,28.8153,,12.7490804,1.1926268,0.9742698,0.9420345,0.8907440000000001,0.811357,0.6937524999999991,0.5214394,,0.0336498,,0.0005192,,0.0002578,,0.0001362
"REMIND-MAgPIE 3.5-4.11","Medium-to-Low - SSP2","Other (R10)","Capacity|Electricity|Gas","GW",1,41.9454,,38.9367862,35.10184449999999,26.5933354,25.7594586,27.1136533,30.780151,30.7413778,30.5065519,,28.7032605,,24.7559348,,24.9375752,,25.7336562
"REMIND-MAgPIE 3.5-4.11","Medium-to-Low - SSP2","Other (R10)","Capacity|Electricity|Geothermal","GW",1,1.3475007,,1.7864,2.218181200000001,2.5511555,2.7799171,2.901645499999999,2.9301532,2.9301532,2.9984258,,2.9984258,,2.9984258,,2.9984258,,2.9984258
"REMIND-MAgPIE 3.5-4.11","Medium-to-Low - SSP2","Other (R10)","Capacity|Electricity|Hydro","GW",1,88.46142630000001,,93.18267589999999,96.99190000000002,98.5497729,99.01118460000002,99.01118460000002,99.01118460000002,99.01118460000002,99.96195560000002,,99.96195560000002,,99.96195560000002,,99.96195560000002,,99.96195560000002
"REMIND-MAgPIE 3.5-4.11","Medium-to-Low - SSP2","Other (R10)","Capacity|Electricity|Hydrogen","GW",1,0,,0,0.0002,0.0002,0.0002029,0.0002,0.0002,0.0002,0.0002,,0.0002,,4.2281688,,4.190757899999999,,3.771278399999999
"REMIND-MAgPIE 3.5-4.11","Medium-to-Low - SSP2","Other (R10)","Capacity|Electricity|Nuclear","GW",1,12.6018486,,11.2541743,9.6571907,7.824770599999999,5.969839100000002,4.3118018,3.0932154,2.2282052,1.4931529,,0.1669244,,0,,0,,0
"REMIND-MAgPIE 3.5-4.11","Medium-to-Low - SSP2","Other (R10)","Capacity|Electricity|Oil","GW",1,3.0688317,,1.7988071,0.5820284,0.0001,0.0001491,0.0001952,0.000234,0.0002581,0.0002831000000000002,,0.0002827,,0.0001805,,0.0000776,,0
"REMIND-MAgPIE 3.5-4.11","Medium-to-Low - SSP2","Other (R10)","Capacity|Electricity|Solar|CSP","GW",1,0.00285,,0.00285,0.0253432,0.0278919,0.0302188,0.0325072,0.0348351,0.0361112,0.03839330000000001,,0.0393457,,0.04001270000000001,,0.0403552,,0.04106000000000001
"REMIND-MAgPIE 3.5-4.11","Medium-to-Low - SSP2","Other (R10)","Capacity|Electricity|Solar|PV","GW",1,22.2547,,62.70936,140.5925274,231.6306639,308.8574322,374.5868424,414.597677,420.0291955,421.3038644,,397.085166,,397.7173706999999,,398.16364,,399.8581675
"REMIND-MAgPIE 3.5-4.11","Medium-to-Low - SSP2","Other (R10)","Capacity|Electricity|Wind|Offshore","GW",1,0,,0.332045299999999,1.7693593,4.7928297,10.0183044,17.61120140000001,26.6508794,35.3806353,47.0030482,,58.13973500000001,,61.6000492,,63.2582195,,66.5274329
"REMIND-MAgPIE 3.5-4.11","Medium-to-Low - SSP2","Other (R10)","Capacity|Electricity|Wind|Onshore","GW",1,22.73065,,32.53857880000001,31.8361708,30.3337847,27.2780994,26.0984029,26.4371435,28.5240514,37.8941008,,46.8725554,,49.66227860000001,,50.9991041,,53.6347609
"REMIND-MAgPIE 3.5-4.11","Medium-to-Low - SSP2","Pacific OECD (R10)","Capacity|Electricity|Biomass","GW",1,10.879846,,14.284789,16.03405800000001,16.3562403,15.5215773,14.2179196,11.1655769,8.1795957,5.281606600000001,,1.1273644,,0.047988199999999,,0.0002599,,0.0001362
"REMIND-MAgPIE 3.5-4.11","Medium-to-Low - SSP2","Pacific OECD (R10)","Capacity|Electricity|Coal","GW",1,43.6977,,40.28090520000001,36.3384259,31.5951888,26.3109002,16.6670696,6.040073,0.9626034,0.2417885,,0.0004,,0.0000463,,0.0000421,,0.0000322
"REMIND-MAgPIE 3.5-4.11","Medium-to-Low - SSP2","Pacific OECD (R10)","Capacity|Electricity|Gas","GW",1,80.85904699999999,,84.88573469999999,88.62115279999999,87.4931323,76.114379,64.9299978,49.7013335,42.0666349,46.9919222,,35.58317270000001,,23.6870733,,12.9706199,,16.193631
"REMIND-MAgPIE 3.5-4.11","Medium-to-Low - SSP2","Pacific OECD (R10)","Capacity|Electricity|Geothermal","GW",1,0.6256328,,0.7098,1.0516253,1.6675537,2.5491555,3.6400868,4.6596663,5.3494343,6.0435529,,6.0435529,,6.0435529,,6.0435529,,6.0435529
"REMIND-MAgPIE 3.5-4.11","Medium-to-Low - SSP2","Pacific OECD (R10)","Capacity|Electricity|Hydro","GW",1,30.9879676,,32.6869971,33.97502,34.7054079,35.0672506,35.2769473,35.3515566,35.3515566,35.79293820000002,,35.79293820000002,,35.79293820000002,,35.79293820000002,,35.79293820000002
"REMIND-MAgPIE 3.5-4.11","Medium-to-Low - SSP2","Pacific OECD (R10)","Capacity|Electricity|Hydrogen","GW",1,0,,0,0.0002,0.000239,0.0002374,0.0002313,0.3290792,0.3287671,0.3261265,,12.6322385,,23.1083713,,32.59631050000001,,29.1212006
"REMIND-MAgPIE 3.5-4.11","Medium-to-Low - SSP2","Pacific OECD (R10)","Capacity|Electricity|Nuclear","GW",1,38.0812121,,33.13501720000001,27.4844461,21.2428575,15.2474376,10.5196441,7.8961587,6.8734196,7.0934932,,7.289042500000001,,6.9974538,,5.882734399999999,,4.162463199999999
"REMIND-MAgPIE 3.5-4.11","Medium-to-Low - SSP2","Pacific OECD (R10)","Capacity|Electricity|Oil","GW",1,25.0760445,,14.6116614,4.6886451,0.0001,0.0001491,0.0001952,0.000234,0.0002581,0.0002831000000000002,,0.0002827,,0.0001805,,0.0000776,,0
"REMIND-MAgPIE 3.5-4.11","Medium-to-Low - SSP2","Pacific OECD (R10)","Capacity|Electricity|Solar|CSP","GW",1,0,,0.00009,0.0001399,0.0001892,0.0002361,0.0007279000000000001,0.0012094,0.0016706,0.0023428,,0.0030761,,0.0033377,,0.0033109,,0.0033852
"REMIND-MAgPIE 3.5-4.11","Medium-to-Low - SSP2","Pacific OECD (R10)","Capacity|Electricity|Solar|PV","GW",1,67.01110000000001,,99.04982690000001,143.9194711,191.9253971,237.3873363000001,298.5230816,344.6096012,357.3087317,373.968841,,335.3218924,,313.0568839,,307.0464974,,310.4696563
"REMIND-MAgPIE 3.5-4.11","Medium-to-Low - SSP2","Pacific OECD (R10)","Capacity|Electricity|Wind|Offshore","GW",1,0.0882,,1.2011869,4.525458,10.7397482,20.4162925,36.2818056,58.0202514,79.12003379999999,106.1525012,,118.4425106,,117.8682557,,113.2084011,,108.6835158
"REMIND-MAgPIE 3.5-4.11","Medium-to-Low - SSP2","Pacific OECD (R10)","Capacity|Electricity|Wind|Onshore","GW",1,3.78005,,5.29435,6.5234297,8.996045500000001,12.9559922,21.0814308,32.1918652,43.1148283,57.8456131,,64.5427999,,64.2298716,,61.69058,,59.2248373
"REMIND-MAgPIE 3.5-4.11","Medium-to-Low - SSP2","Reforming Economies (R10)","Capacity|Electricity|Biomass","GW",1,4.3450407,,7.152385799999998,9.790870999999997,11.3369674,11.5308214,11.0570633,10.304124,8.1649466,5.941968100000001,,2.050869,,0.2166882,,0.0000492,,0.0000203
"REMIND-MAgPIE 3.5-4.11","Medium-to-Low - SSP2","Reforming Economies (R10)","Capacity|Electricity|Coal","GW",1,59.5584,,56.0837585,51.449762,44.9051635,35.3358678,23.1180464,12.6834071,5.499543200000001,1.4002175,,0.0007490000000000001,,0.0003879999999999999,,0.0002602,,0.0001565
"REMIND-MAgPIE 3.5-4.11","Medium-to-Low - SSP2","Reforming Economies (R10)","Capacity|Electricity|Gas","GW",1,157.6400745,,180.7818582,210.3018421,229.9365239,234.5051243,218.1840475,176.8951504,143.0039171,124.8576699,,135.0565367,,150.2003754,,155.6054713,,137.0602889
"REMIND-MAgPIE 3.5-4.11","Medium-to-Low - SSP2","Reforming Economies (R10)","Capacity|Electricity|Geothermal","GW",1,0.0949546,,0.1134,0.1451047,0.1767761,0.2073695,0.2595595,0.320943,0.37446,0.4444869,,0.4444869,,0.4444869,,0.4444869,,0.4444869
"REMIND-MAgPIE 3.5-4.11","Medium-to-Low - SSP2","Reforming Economies (R10)","Capacity|Electricity|Hydro","GW",1,76.89038049999999,,81.58577059999999,85.90140430000001,89.4922883,92.47103179999999,95.3361739,97.9772971,100.1479421,104.2656413,,104.7841344,,104.7841344,,104.7841344,,104.7841344
"REMIND-MAgPIE 3.5-4.11","Medium-to-Low - SSP2","Reforming Economies (R10)","Capacity|Electricity|Hydrogen","GW",1,0,,0,0.0002,0.0002,0.0002,0.0002,0.0002,0.0002,0.0002,,0.0002,,0.0002,,0.0002,,24.7400174
"REMIND-MAgPIE 3.5-4.11","Medium-to-Low - SSP2","Reforming Economies (R10)","Capacity|Electricity|Nuclear","GW",1,42.4369819,,40.9676178,37.38968669999999,32.47794039999999,27.2225658,22.4282902,18.8071932,16.0659028,13.506828,,7.951802000000001,,1.9272542,,0.1953255,,0.0034586
"REMIND-MAgPIE 3.5-4.11","Medium-to-Low - SSP2","Reforming Economies (R10)","Capacity|Electricity|Oil","GW",1,0.7419386,,0.4495695,0.1520669,0.0001,0.0001491,0.0001952,0.000234,0.0002581,0.0002831000000000002,,0.0002827,,0.0001805,,0.0000776,,0
"REMIND-MAgPIE 3.5-4.11","Medium-to-Low - SSP2","Reforming Economies (R10)","Capacity|Electricity|Solar|CSP","GW",1,0.341243999999999,,1.3653765,3.6226019,4.0089073,4.320780099999999,5.108707,7.039825400000001,10.4576309,12.2237869,,14.2607205,,15.8226173,,16.6845638,,20.3415944
"REMIND-MAgPIE 3.5-4.11","Medium-to-Low - SSP2","Reforming Economies (R10)","Capacity|Electricity|Solar|PV","GW",1,8.61555,,33.6534567,102.4558512,224.6782155,382.0957908999999,598.0923385000001,826.2972077999999,1010.360144,1257.5728443,,1413.1956795,,1534.5106434,,1593.5526268,,1686.2995477
"REMIND-MAgPIE 3.5-4.11","Medium-to-Low - SSP2","Reforming Economies (R10)","Capacity|Electricity|Wind|Offshore","GW",1,0,,0.00008,0.4623837,1.3916691,3.2335879,7.8389088,17.1351315,31.5756481,56.234501,,88.5266962,,119.4574304,,143.7959372,,166.3616538
"REMIND-MAgPIE 3.5-4.11","Medium-to-Low - SSP2","Reforming Economies (R10)","Capacity|Electricity|Wind|Onshore","GW",1,3.1426,,5.7030364,7.818215499999999,11.962008,20.0498201,40.7041243,83.3111423,151.2229292,269.3197596,,411.0898856000001,,488.7250478,,511.412664,,504.6737247
"REMIND-MAgPIE 3.5-4.11","Medium-to-Low - SSP2","Rest of Asia (R10)","Capacity|Electricity|Biomass","GW",1,10.7406,,9.567412800000001,8.4846,7.0449131,5.524147899999999,3.9634961,2.459458199999999,1.1579748,0.3030475,,0.0003,,0.0000545,,0.0000258,,0.0000203
"REMIND-MAgPIE 3.5-4.11","Medium-to-Low - SSP2","Rest of Asia (R10)","Capacity|Electricity|Coal","GW",1,124.6203,,129.5722787,125.773528,118.803918,92.6075735,40.7036344,1.4922341,1.0354063,0.5355248,,0.0004373000000000001,,0.0000531,,0.0000258,,0.0000203
"REMIND-MAgPIE 3.5-4.11","Medium-to-Low - SSP2","Rest of Asia (R10)","Capacity|Electricity|Gas","GW",1,191.5124865,,222.9365698,258.6338932,292.182526,332.2363237999999,385.2430682,423.1415828,447.2284523999999,484.4936607,,540.4215147999998,,649.6555297999998,,751.8715622999999,,633.4136199
"REMIND-MAgPIE 3.5-4.11","Medium-to-Low - SSP2","Rest of Asia (R10)","Capacity|Electricity|Geothermal","GW",1,5.442515599999999,,6.4988,8.008279399999997,9.9179869,12.3773054,15.6732694,19.4664,23.0824876,28.6785056,,32.5508587,,33.8303016,,33.8303016,,33.8303016
"REMIND-MAgPIE 3.5-4.11","Medium-to-Low - SSP2","Rest of Asia (R10)","Capacity|Electricity|Hydro","GW",1,76.94664190000002,,105.4722535,134.198,146.9121462,151.8007264,153.232716,153.3606615,153.3606615,153.3606615,,153.3606615,,153.3606615,,153.3606615,,153.3606615
"REMIND-MAgPIE 3.5-4.11","Medium-to-Low - SSP2","Rest of Asia (R10)","Capacity|Electricity|Hydrogen","GW",1,0,,0,0.0002,0.0002,0.0002,0.0002,0.0002,0.0002,0.0002,,0.0002,,0.0002,,0.0002,,237.3426429
"REMIND-MAgPIE 3.5-4.11","Medium-to-Low - SSP2","Rest of Asia (R10)","Capacity|Electricity|Nuclear","GW",1,26.6284065,,29.2958191,30.43254949999999,29.9351074,28.2309422,25.9533106,23.8231405,21.9846744,20.0853799,,15.2290032,,7.663072499999999,,2.3870302,,0.352444
"REMIND-MAgPIE 3.5-4.11","Medium-to-Low - SSP2","Rest of Asia (R10)","Capacity|Electricity|Oil","GW",1,29.1944716,,19.0714568,7.046480799999999,0.0001,0.0001491,0.0001952,0.000234,0.0002581,0.0002831000000000002,,0.0002827,,0.0001805,,0.0000776,,0
"REMIND-MAgPIE 3.5-4.11","Medium-to-Low - SSP2","Rest of Asia (R10)","Capacity|Electricity|Solar|CSP","GW",1,0.004750000000000001,,0.004750000000000001,0.10302,0.1325155,0.1648253,0.2012695,0.2406029,0.2815122,0.338935599999999,,0.4043034,,0.4773877,,0.5487341,,0.6305361999999991
"REMIND-MAgPIE 3.5-4.11","Medium-to-Low - SSP2","Rest of Asia (R10)","Capacity|Electricity|Solar|PV","GW",1,36.38039999999999,,158.0778479,471.7745817,989.2528010999999,1612.3868381,2389.213389,3164.859556100001,3807.9749216,4571.7635622,,5266.2759885,,6341.6508443,,7324.111830700001,,8475.014985599999
"REMIND-MAgPIE 3.5-4.11","Medium-to-Low - SSP2","Rest of Asia (R10)","Capacity|Electricity|Wind|Offshore","GW",1,0.597449999999999,,3.3850158,12.8241116,31.1100236,61.62242010000001,109.3369352,172.70115,244.7667631,358.6085095,,503.5196281,,626.7767630000001,,762.547344,,909.9338169
"REMIND-MAgPIE 3.5-4.11","Medium-to-Low - SSP2","Rest of Asia (R10)","Capacity|Electricity|Wind|Onshore","GW",1,7.26915,,24.81498570000001,44.8591761,83.397073,147.0968264,246.1608468,377.0826206,526.4817171,771.3499230999998,,1083.0468773,,1348.1671379,,1640.2032287,,1957.2245528
"REMIND-MAgPIE 3.5-4.11","Medium-to-Low - SSP2","World","Capacity|Electricity|Biomass","GW",1,124.1078217,,128.1842263,127.2854569,111.6060995,91.8483542,71.29039829999999,48.8639185,29.5015627,15.7150578,,3.2305874,,0.2656856,,0.0007484999999999999,,0.0003958
"REMIND-MAgPIE 3.5-4.11","Medium-to-Low - SSP2","World","Capacity|Electricity|Coal","GW",1,2044.3096208,,2026.9697505,1675.4245767,1298.9498712,917.1110015,473.6238603,120.2221859,14.7864328,5.984976899999999,,0.3105707,,0.0027468,,0.0018486,,0.0011514
"REMIND-MAgPIE 3.5-4.11","Medium-to-Low - SSP2","World","Capacity|Electricity|Gas","GW",1,1984.9548159,,2148.3620825,2150.9479941,2293.4255399,2541.6588592,2826.8458108,3033.341644,3121.0387208,3341.6861458,,3364.0536064,,3105.3496361,,2761.6573764,,2040.6415349
"REMIND-MAgPIE 3.5-4.11","Medium-to-Low - SSP2","World","Capacity|Electricity|Geothermal","GW",1,17.29866,,20.6150285,25.6355712,31.2891788,37.5017361,44.5594625,51.4893822,57.0342413,65.1390832,,69.04508560000001,,70.41133330000001,,70.41133330000001,,70.41133330000001
"REMIND-MAgPIE 3.5-4.11","Medium-to-Low - SSP2","World","Capacity|Electricity|Hydro","GW",1,1267.3466636,,1409.8928042,1513.919843,1565.5499877,1592.4430725,1606.4021784,1613.6211552,1617.5469688,1628.24271,,1628.7612031,,1628.7612031,,1628.7612031,,1628.7612031
"REMIND-MAgPIE 3.5-4.11","Medium-to-Low - SSP2","World","Capacity|Electricity|Hydrogen","GW",1,0,,0,0.0024004,0.0024406,0.0024431,0.0024528,0.3313077,4.2830182,40.17759,,309.2379753,,1017.7475622,,1789.7069888,,3009.0718293
"REMIND-MAgPIE 3.5-4.11","Medium-to-Low - SSP2","World","Capacity|Electricity|Nuclear","GW",1,412.9798725,,400.7240476,376.0402099,338.9384425,296.1430787,255.1373434,224.8573192,203.3903711,186.5679588,,147.5712624,,99.9957442,,70.958545,,66.42154900000001
"REMIND-MAgPIE 3.5-4.11","Medium-to-Low - SSP2","World","Capacity|Electricity|Oil","GW",1,229.5826915,,143.4574664,50.3886502,0.0012,0.001789,0.0023423,0.0028078,0.0030974,0.003397,,0.0033922,,0.0021661,,0.0009310999999999998,,0
"REMIND-MAgPIE 3.5-4.11","Medium-to-Low - SSP2","World","Capacity|Electricity|Solar|CSP","GW",1,6.534543999999999,,12.8164525,26.85985130000001,30.9579582,35.65279930000001,44.99333050000001,66.6602143,102.9549467,124.8030858,,147.4079889,,172.2714061,,196.9060059,,262.9220539999999
"REMIND-MAgPIE 3.5-4.11","Medium-to-Low - SSP2","World","Capacity|Electricity|Solar|PV","GW",1,759.3656499999998,,2444.0880196,5501.314206200001,9309.227658100002,13438.087885,17984.0219079,22144.1438639,25291.5463805,29182.5805156,,32127.1705343,,37027.49356249999,,42024.57207740001,,48265.2775852
"REMIND-MAgPIE 3.5-4.11","Medium-to-Low - SSP2","World","Capacity|Electricity|Wind|Offshore","GW",1,42.63795,,105.4577064,212.0027873,358.0202694,545.1099892000001,784.6116945,1058.1679654,1328.1147862,1753.6880905,,2275.8680292,,2770.5714217,,3251.673532900001,,3771.3538783
"REMIND-MAgPIE 3.5-4.11","Medium-to-Low - SSP2","World","Capacity|Electricity|Wind|Onshore","GW",1,683.3241907999999,,1155.1462166,1703.861124,2387.9986844,3178.3862609,4215.5268472,5375.758596199999,6522.498075899999,8393.105953399998,,10176.0120188,,11538.6662395,,12855.6228121,,13955.5106637
"REMIND-MAgPIE 3.5-4.11","Medium - SSP2","Africa (R10)","Capacity|Electricity|Biomass","GW",1,1.377,,1.2718661,1.2386893,1.1775637,1.0048935,0.8054289,0.6329258000000001,0.3932516,0.1577632,,0.0005750999999999999,,0.0002788000000000001,,0.0001283,,0.0000492
"REMIND-MAgPIE 3.5-4.11","Medium - SSP2","Africa (R10)","Capacity|Electricity|Coal","GW",1,39.1032,,34.4884556,29.5712422,24.3495875,18.7598405,12.7599874,3.8343233,1.7492322,0.1257609,,0.001058,,0.0007230000000000001,,0.0004946,,0.0002927
"REMIND-MAgPIE 3.5-4.11","Medium - SSP2","Africa (R10)","Capacity|Electricity|Gas","GW",1,27.799935,,46.0014724,65.7509369,85.8467002,109.2509628,141.0938091,182.0902791,224.6435943,270.8779382,,383.0058384,,522.8703959000001,,684.7646020999999,,885.1135542000001
"REMIND-MAgPIE 3.5-4.11","Medium - SSP2","Africa (R10)","Capacity|Electricity|Geothermal","GW",1,0.6725647999999991,,0.8971676999999991,1.1112974,1.2955347,1.4404343,1.5352943,1.573969,1.573969,1.6474959,,1.6474959,,1.6474959,,1.6474959,,1.6474959
"REMIND-MAgPIE 3.5-4.11","Medium - SSP2","Africa (R10)","Capacity|Electricity|Hydro","GW",1,25.7518871,,30.3566355,34.88422609999999,39.108892,42.9496889,46.2748536,48.9654651,50.95409699999999,53.5824663,,54.2432024,,54.2432024,,54.2432024,,54.2432024
"REMIND-MAgPIE 3.5-4.11","Medium - SSP2","Africa (R10)","Capacity|Electricity|Hydrogen","GW",1,0,,0,0.0002,0.0002,0.0002,0.0002,0.0002,0.0002,0.0002,,0.0002,,0.0002,,0.0002,,0.0002
"REMIND-MAgPIE 3.5-4.11","Medium - SSP2","Africa (R10)","Capacity|Electricity|Nuclear","GW",1,1.7442,,1.7484116,1.86,1.8766266,1.8625211,1.86,1.86,1.86,1.8629556,,1.86,,1.86,,1.86,,1.86
"REMIND-MAgPIE 3.5-4.11","Medium - SSP2","Africa (R10)","Capacity|Electricity|Oil","GW",1,2.8002376,,1.7513314,0.6158468,0.0001,0.0001491,0.0001952,0.000234,0.0002581,0.0002831000000000002,,0.0002827,,0.0001805,,0.0000776,,0
"REMIND-MAgPIE 3.5-4.11","Medium - SSP2","Africa (R10)","Capacity|Electricity|Solar|CSP","GW",1,0.456,,0.699409899999999,1.0707467,1.5278565,2.1783445,3.529675399999999,6.4734868,11.4035216,15.67483,,23.2732029,,32.49694220000001,,42.25832270000001,,58.5784335
"REMIND-MAgPIE 3.5-4.11","Medium - SSP2","Africa (R10)","Capacity|Electricity|Solar|PV","GW",1,5.48205,,25.5131674,85.85162300000002,216.2384869,428.3386692,739.7684337000001,1135.1263338,1573.5455983,2202.7138793,,3373.40558,,5045.5728327,,7159.1843411,,9845.504288500002
"REMIND-MAgPIE 3.5-4.11","Medium - SSP2","Africa (R10)","Capacity|Electricity|Wind|Offshore","GW",1,0,,0.3310086,1.7165242,4.457151199999999,9.344551399999999,17.2548421,29.1733722,46.60806290000001,81.17535909999998,,163.629885,,286.1445746000001,,398.4590629,,484.6933794999999
"REMIND-MAgPIE 3.5-4.11","Medium - SSP2","Africa (R10)","Capacity|Electricity|Wind|Onshore","GW",1,3.58155,,9.493482600000002,20.6503523,42.5912577,81.52043129999998,144.5640765,234.8503286,348.20267,541.1248758,,883.8097528,,1341.3070861,,1805.2505016,,2233.971072500001
"REMIND-MAgPIE 3.5-4.11","Medium - SSP2","China+ (R10)","Capacity|Electricity|Biomass","GW",1,12.2796,,11.8764386,10.3477735,8.721749399999998,6.9898132,5.1869261,3.4294038,1.8837432,0.7081272,,0.0003,,0.0000738,,0.0000648,,0.0000483
"REMIND-MAgPIE 3.5-4.11","Medium - SSP2","China+ (R10)","Capacity|Electricity|Coal","GW",1,1078.8081404,,1164.0203239,962.5808984,665.3835286,383.9617095999999,155.0467492,24.1964792,12.3165956,2.2148474,,0.1090831,,0.000008599999999999999,,0,,0
"REMIND-MAgPIE 3.5-4.11","Medium - SSP2","China+ (R10)","Capacity|Electricity|Gas","GW",1,131.371,,182.2588688,210.095132,284.5813851999999,417.0210681,533.4240077999999,596.738555,603.7279500999999,602.2823050000001,,544.1458756000001,,523.9326242999998,,501.6152921,,468.8700782
"REMIND-MAgPIE 3.5-4.11","Medium - SSP2","China+ (R10)","Capacity|Electricity|Geothermal","GW",1,0.0385698,,0.0462,0.171851,0.3074298,0.3730588,0.3730588,0.3730588,0.3730588,0.3730588,,0.3730588,,0.3730588,,0.3730588,,0.3730588
"REMIND-MAgPIE 3.5-4.11","Medium - SSP2","China+ (R10)","Capacity|Electricity|Hydro","GW",1,352.4729753,,413.5979123999999,447.2113361999999,463.2362304999999,469.6622861000001,471.4313804999999,471.4313804999999,471.4313804999999,471.4313804999999,,471.4313804999999,,471.4313804999999,,471.4313804999999,,471.4313804999999
"REMIND-MAgPIE 3.5-4.11","Medium - SSP2","China+ (R10)","Capacity|Electricity|Hydrogen","GW",1,0,,0,0.0002,0.0002,0.0002,0.0002,0.0002,0.0002,0.0002,,0.0002,,0.0002,,0.0002362,,0.0002
"REMIND-MAgPIE 3.5-4.11","Medium - SSP2","China+ (R10)","Capacity|Electricity|Nuclear","GW",1,48.9869612,,68.98396960000002,88.14129070000001,104.5611468,116.9865971,124.923192,128.5480625,128.1178185,125.8872295,,106.1696851,,78.68439,,60,,60
"REMIND-MAgPIE 3.5-4.11","Medium - SSP2","China+ (R10)","Capacity|Electricity|Oil","GW",1,15.8180276,,10.7677317,4.1528277,0.0001,0.0001491,0.0001952,0.000234,0.0002581,0.0002831000000000002,,0.0002827,,0.0001805,,0.0000776,,0
"REMIND-MAgPIE 3.5-4.11","Medium - SSP2","China+ (R10)","Capacity|Electricity|Solar|CSP","GW",1,0.4237,,0.931,0.9268542999999999,0.9099807,0.8643094000000001,0.7667042000000001,0.586962199999999,0.5506906,0.5597147,,0.5291423,,0.5026387,,0.480896,,0.4622274
"REMIND-MAgPIE 3.5-4.11","Medium - SSP2","China+ (R10)","Capacity|Electricity|Solar|PV","GW",1,286.1166,,1056.2523786,1981.4602088,2959.0572989,3842.0772373,4481.762344600001,4778.3659905,4793.896232300001,4687.1876981,,4234.309124900001,,4145.3957335,,4013.762428699999,,3827.2283339
"REMIND-MAgPIE 3.5-4.11","Medium - SSP2","China+ (R10)","Capacity|Electricity|Wind|Offshore","GW",1,16.30335,,42.02135000000001,69.50279129999998,103.303224,139.5486872,171.8957105,192.2902636,203.7800446,226.2442134,,258.2453508,,274.5896195,,288.8845499,,301.4970738999999
"REMIND-MAgPIE 3.5-4.11","Medium - SSP2","China+ (R10)","Capacity|Electricity|Wind|Onshore","GW",1,251.6439817,,473.499831,721.5344665,1016.5570114,1317.383772,1605.1009449,1813.1934196,1930.2625018,2125.300002500001,,2050.5096352,,1828.3793212,,1671.2074608,,1527.9389993
"REMIND-MAgPIE 3.5-4.11","Medium - SSP2","Europe (R10)","Capacity|Electricity|Biomass","GW",1,33.4926,,34.91887250000001,35.31060920000001,26.8877192,18.4449283,10.6664186,4.773618900000001,1.0871016,0.2000018,,0.0187017,,0.0002263,,0.0000919,,0.0000322
"REMIND-MAgPIE 3.5-4.11","Medium - SSP2","Europe (R10)","Capacity|Electricity|Coal","GW",1,137.7351,,49.2386388,13.9539249,4.4472947,0.2771712,0.1784394,0.1166667,0.0910686,0.0635192,,0.0011227,,0.0005272000000000001,,0.0004016,,0.0002477
"REMIND-MAgPIE 3.5-4.11","Medium - SSP2","Europe (R10)","Capacity|Electricity|Gas","GW",1,293.0262269,,289.1104527,161.3949273,171.1671624,214.1125429000001,242.9398465,259.275469,267.8008041,283.3551423,,283.6637427,,290.4323034999999,,287.191751,,284.4738109
"REMIND-MAgPIE 3.5-4.11","Medium - SSP2","Europe (R10)","Capacity|Electricity|Geothermal","GW",1,2.9686756,,3.9568328,5.5390711,7.2269825,8.7878589,10.0963313,11.0341649,11.6404066,12.518138,,12.518138,,12.518138,,12.518138,,12.518138
"REMIND-MAgPIE 3.5-4.11","Medium - SSP2","Europe (R10)","Capacity|Electricity|Hydro","GW",1,220.1095889,,232.7643075,241.6191,242.9899055,242.9899055,242.9899055,242.9899055,242.9899055,243.0183214,,243.0183214,,243.0183214,,243.0183214,,243.0183214
"REMIND-MAgPIE 3.5-4.11","Medium - SSP2","Europe (R10)","Capacity|Electricity|Hydrogen","GW",1,0,,0,0.0004,0.0004,0.0004029,0.0004214000000000001,0.0004144,0.0004,0.0004,,0.0004,,0.0004,,0.0004,,0.0004
"REMIND-MAgPIE 3.5-4.11","Medium - SSP2","Europe (R10)","Capacity|Electricity|Nuclear","GW",1,124.8468993,,108.3841297,88.9266655,66.84379440000001,44.9140777,26.0265543,13.3868275,6.170789200000001,1.8819098,,0.2678119,,0.045925999999999,,0,,0
"REMIND-MAgPIE 3.5-4.11","Medium - SSP2","Europe (R10)","Capacity|Electricity|Oil","GW",1,28.3264211,,16.7362377,5.474174600000001,0.0002,0.0002982,0.0003904,0.000468,0.0005162,0.0005662000000000002,,0.0005654,,0.000361,,0.0001552,,0
"REMIND-MAgPIE 3.5-4.11","Medium - SSP2","Europe (R10)","Capacity|Electricity|Solar|CSP","GW",1,2.1964,,2.1964,2.3422971,2.3468935,2.3511256,2.3546614,2.3568566,2.358379,2.3610584,,2.3599369,,2.3589536,,2.3588733,,2.3581664
"REMIND-MAgPIE 3.5-4.11","Medium - SSP2","Europe (R10)","Capacity|Electricity|Solar|PV","GW",1,171.0487,,368.388957,886.6380466999999,1236.9206487,1531.2449895,1718.4261888,1817.6654356,1858.4146316,1923.1674101,,1880.4874192,,1923.0872702,,1897.9164813,,1930.9125561
"REMIND-MAgPIE 3.5-4.11","Medium - SSP2","Europe (R10)","Capacity|Electricity|Wind|Offshore","GW",1,25.61665,,54.5004604,99.1714756,150.989007,207.237738,265.6133279,320.8385678,353.4840288,398.3340523,,413.7086044999999,,406.0942022,,395.8608614,,389.5781264
"REMIND-MAgPIE 3.5-4.11","Medium - SSP2","Europe (R10)","Capacity|Electricity|Wind|Onshore","GW",1,190.3723591,,276.1596521,413.2031807999999,537.6361552000001,638.5369721999999,721.7161774999998,781.2888972,821.3398985000001,913.4640794000001,,971.7382722999998,,1005.9669901,,1002.1355532,,949.5213630999999
"REMIND-MAgPIE 3.5-4.11","Medium - SSP2","India+ (R10)","Capacity|Electricity|Biomass","GW",1,9.2106,,8.118648899999998,6.978224300000001,5.773968500000001,4.5070941,3.2157971,1.994432,0.961272199999999,0.2575205,,0.0003,,0.0000531,,0.0000258,,0.0000203
"REMIND-MAgPIE 3.5-4.11","Medium - SSP2","India+ (R10)","Capacity|Electricity|Coal","GW",1,247.6141594,,303.1344567,319.2873428999999,309.0738366,288.8684633,217.8178194,155.3744455,83.496346,1.6361625,,0.5431469,,0.0006475999999999999,,0.0001254,,0.0000203
"REMIND-MAgPIE 3.5-4.11","Medium - SSP2","India+ (R10)","Capacity|Electricity|Gas","GW",1,35.3031077,,43.9134526,58.365037,77.95495900000002,124.7064843,196.6065575,275.9381772999999,352.5143796999999,459.3389306,,537.7956156,,626.4739801000001,,687.3176225999998,,708.8582539999999
"REMIND-MAgPIE 3.5-4.11","Medium - SSP2","India+ (R10)","Capacity|Electricity|Geothermal","GW",1,0.0238568,,0.051452,0.08647360000000001,0.1187416,0.1508809,0.184978,0.2190913,0.2500387,0.301218,,0.3303302,,0.3730588,,0.3730588,,0.3730588
"REMIND-MAgPIE 3.5-4.11","Medium - SSP2","India+ (R10)","Capacity|Electricity|Hydro","GW",1,52.4028656,,55.56130090000001,57.52095630000001,58.390905,58.66544280000001,58.66544280000001,58.66544280000001,58.66544280000001,58.93491230000001,,58.93491230000001,,58.93491230000001,,58.93491230000001,,58.93491230000001
"REMIND-MAgPIE 3.5-4.11","Medium - SSP2","India+ (R10)","Capacity|Electricity|Hydrogen","GW",1,0,,0,0.0002002,0.0002,0.0002,0.0002,0.0002,0.0002,0.0002,,0.0002,,0.0002,,0.0002,,0.0002
"REMIND-MAgPIE 3.5-4.11","Medium - SSP2","India+ (R10)","Capacity|Electricity|Nuclear","GW",1,8.0428961,,10.1861452,11.5039797,11.9661899,11.8525732,11.4068277,10.8447882,10.1637133,9.2527297,,6.3720781,,2.8275232,,0.631982199999999,,0.04539260000000001
"REMIND-MAgPIE 3.5-4.11","Medium - SSP2","India+ (R10)","Capacity|Electricity|Oil","GW",1,4.6963619,,3.0842381,1.1461457,0.0001,0.0001491,0.0001952,0.000234,0.0002581,0.0002831000000000002,,0.0002827,,0.0001805,,0.0000776,,0
"REMIND-MAgPIE 3.5-4.11","Medium - SSP2","India+ (R10)","Capacity|Electricity|Solar|CSP","GW",1,0.357,,1.4933903,5.082084199999999,6.3555496,7.8964714,10.7408834,16.74644649999999,26.7133699,32.1264243,,37.24525130000001,,41.612427,,44.76563730000001,,54.4059892
"REMIND-MAgPIE 3.5-4.11","Medium - SSP2","India+ (R10)","Capacity|Electricity|Solar|PV","GW",1,44.982,,206.2840995,572.5489537,1071.0464079,1639.234251,2274.730376,2944.5521752,3564.5844427,4445.706200500001,,5206.3011168,,6138.892444900001,,6772.628763500001,,7058.674067299999
"REMIND-MAgPIE 3.5-4.11","Medium - SSP2","India+ (R10)","Capacity|Electricity|Wind|Offshore","GW",1,0,,0.9975640999999991,5.840830899999999,13.9417746,25.7154076,41.1439291,59.133857,77.73134460000001,105.1699548,,125.8090154,,141.222038,,159.7653057,,185.9845796
"REMIND-MAgPIE 3.5-4.11","Medium - SSP2","India+ (R10)","Capacity|Electricity|Wind|Onshore","GW",1,40.6035,,76.9286452,130.1739895,217.8669251,342.7129646,507.1933008,700.9548308,904.9544222999999,1224.3968777,,1464.6784433,,1489.4772248,,1514.0242994,,1531.995661
"REMIND-MAgPIE 3.5-4.11","Medium - SSP2","Latin America (R10)","Capacity|Electricity|Biomass","GW",1,19.48859999999999,,19.2712504,18.7459,17.7786612,16.1514941,13.6970541,10.5171992,5.988153400000001,2.1736188,,0.005781400000000001,,0.0003016,,0.0001153,,0.0000322
"REMIND-MAgPIE 3.5-4.11","Medium - SSP2","Latin America (R10)","Capacity|Electricity|Coal","GW",1,16.3071,,15.3040012,8.236610699999998,2.2097278,1.070089,1.0145563,0.9227013000000001,0.7817042,0.5633928,,0.0185684,,0.0001088,,0,,0
"REMIND-MAgPIE 3.5-4.11","Medium - SSP2","Latin America (R10)","Capacity|Electricity|Gas","GW",1,102.3606,,99.66531769999999,87.62549739999999,90.74835900000001,103.3312327,122.5634887,151.6682073,173.0080855,198.9400682,,221.8165693,,250.9673352,,269.2332536999999,,281.2267366999999
"REMIND-MAgPIE 3.5-4.11","Medium - SSP2","Latin America (R10)","Capacity|Electricity|Geothermal","GW",1,2.375946299999999,,2.5508,2.72648,2.811955799999999,2.879472299999999,3.0679368,3.2930071,3.4328816,3.6909968,,3.6909968,,3.6909968,,3.6909968,,3.6909968
"REMIND-MAgPIE 3.5-4.11","Medium - SSP2","Latin America (R10)","Capacity|Electricity|Hydro","GW",1,211.7261091,,226.5998085,239.8058,250.0176647,257.6787812,262.6584405,265.2032148999999,265.8854597,269.4537046999999,,269.4537046999999,,269.4537046999999,,269.4537046999999,,269.4537046999999
"REMIND-MAgPIE 3.5-4.11","Medium - SSP2","Latin America (R10)","Capacity|Electricity|Hydrogen","GW",1,0,,0,0.0002,0.0002,0.0002,0.0002,0.0002,0.0002,0.0002,,0.0002,,0.0002,,0.0002,,0.0002
"REMIND-MAgPIE 3.5-4.11","Medium - SSP2","Latin America (R10)","Capacity|Electricity|Nuclear","GW",1,5.528611199999999,,5.335185299999999,4.8288691,4.2125333,3.5793822,2.996257,2.5361103,2.1610409,1.7857328,,0.900916899999999,,0.143852,,0.0016817,,0
"REMIND-MAgPIE 3.5-4.11","Medium - SSP2","Latin America (R10)","Capacity|Electricity|Oil","GW",1,38.8822747,,24.4229518,8.6316148,0.0001,0.0001491,0.0001952,0.000234,0.0002581,0.0002831000000000002,,0.0002827,,0.0001805,,0.0000776,,0
"REMIND-MAgPIE 3.5-4.11","Medium - SSP2","Latin America (R10)","Capacity|Electricity|Solar|CSP","GW",1,0.063,,0.8725514999999999,2.885675399999999,3.5576457,4.3437361,5.771649000000002,8.8230256,13.6160511,15.7655896,,17.9035927,,19.8197308,,20.9462823,,24.8363481
"REMIND-MAgPIE 3.5-4.11","Medium - SSP2","Latin America (R10)","Capacity|Electricity|Solar|PV","GW",1,25.2415,,108.0735138,295.693163,586.5887295000001,918.7376565,1247.4209668,1509.9928063,1694.6869002,1917.180132,,2087.4165613,,2321.5619776,,2471.6125053,,2581.9248815
"REMIND-MAgPIE 3.5-4.11","Medium - SSP2","Latin America (R10)","Capacity|Electricity|Wind|Offshore","GW",1,0,,0.7928972,4.908763000000001,12.252824,23.9210573,39.8282013,58.2506568,77.1105953,105.6447998,,141.2574675,,165.2671695,,177.9886672,,187.9153905
"REMIND-MAgPIE 3.5-4.11","Medium - SSP2","Latin America (R10)","Capacity|Electricity|Wind|Onshore","GW",1,32.30759999999999,,51.7503,65.53277279999998,88.8789394,123.924513,172.1371512,228.2458086,291.2723741999999,399.0555583,,533.5764527,,624.2690855000001,,672.3224148999999,,689.2308367
"REMIND-MAgPIE 3.5-4.11","Medium - SSP2","Middle East (R10)","Capacity|Electricity|Biomass","GW",1,0.3384,,0.3299261,0.3512,0.3339506,0.2773625,0.2424021,0.1927663,0.1244296,0.0533922,,0.0127922,,0.0003435,,0.0001974,,0.00009180000000000002
"REMIND-MAgPIE 3.5-4.11","Medium - SSP2","Middle East (R10)","Capacity|Electricity|Coal","GW",1,8.4618,,4.289051700000001,0.7497727,0.1024515,0.0937073,0.0821896,0.0677878,0.0520452,0.0349015,,0.0010454,,0.0007697,,0.0005654000000000001,,3.3078755
"REMIND-MAgPIE 3.5-4.11","Medium - SSP2","Middle East (R10)","Capacity|Electricity|Gas","GW",1,372.1565868,,426.9382853999999,470.4916628999999,498.5335754999999,512.1104686,525.8431827999999,534.2982350000001,534.6774626,490.5259103999999,,454.9321639999999,,482.3074249,,535.029902,,606.4527324
"REMIND-MAgPIE 3.5-4.11","Medium - SSP2","Middle East (R10)","Capacity|Electricity|Geothermal","GW",1,0.1202432,,0.189176,0.2569577,0.3159762,0.3571846,0.3730588,0.3730588,0.3730588,0.3730588,,0.3730588,,0.3730588,,0.3730588,,0.3730588
"REMIND-MAgPIE 3.5-4.11","Medium - SSP2","Middle East (R10)","Capacity|Electricity|Hydro","GW",1,21.8577953,,25.1112142,27.5495,27.8841747,27.8841747,27.8841747,27.8841747,27.8841747,27.8841747,,27.8841747,,27.8841747,,27.8841747,,27.8841747
"REMIND-MAgPIE 3.5-4.11","Medium - SSP2","Middle East (R10)","Capacity|Electricity|Hydrogen","GW",1,0,,0,0.0002,0.0002016,0.0002,0.0002,0.0002,0.0002,0.0002,,0.0002,,0.0002,,0.0002,,0.0002
"REMIND-MAgPIE 3.5-4.11","Medium - SSP2","Middle East (R10)","Capacity|Electricity|Nuclear","GW",1,2.1392891,,2.481127,2.5459721,2.5311014,2.4993739,2.4406546,2.342298399999999,2.1891502,1.9635445,,1.2117488,,0.228247,,0.004403900000000001,,0
"REMIND-MAgPIE 3.5-4.11","Medium - SSP2","Middle East (R10)","Capacity|Electricity|Oil","GW",1,56.18229220000001,,36.2767942,13.233033,0.0001,0.0001491,0.0001952,0.000234,0.0002581,0.0002831000000000002,,0.0002827,,0.0001805,,0.0000776,,0
"REMIND-MAgPIE 3.5-4.11","Medium - SSP2","Middle East (R10)","Capacity|Electricity|Solar|CSP","GW",1,0.962349999999999,,1.8215182,3.1901684,3.9622704,4.933979300000001,6.8148997,10.7350664,16.9570779,20.6738295,,23.1064273,,26.7874572,,30.5219127,,39.79635580000001
"REMIND-MAgPIE 3.5-4.11","Medium - SSP2","Middle East (R10)","Capacity|Electricity|Solar|PV","GW",1,10.8381,,61.10817990000001,217.2999963,529.6705803000001,1001.6435534,1591.1663671,2236.3462179,2840.0529618,3618.961097500001,,4146.0671259,,4451.959497299998,,4939.3633561,,5639.979953699999
"REMIND-MAgPIE 3.5-4.11","Medium - SSP2","Middle East (R10)","Capacity|Electricity|Wind|Offshore","GW",1,0,,0.00009,0.2609808,0.8639982,2.200237200000001,4.842484099999999,10.041725,19.24229,39.8745704,,87.48987179999999,,145.7717514,,183.2582766,,200.4485277
"REMIND-MAgPIE 3.5-4.11","Medium - SSP2","Middle East (R10)","Capacity|Electricity|Wind|Onshore","GW",1,3.814249999999999,,6.431500000000001,10.5463489,20.1453696,41.6738539,84.75523679999999,155.4610675,256.6884368999999,441.7920635,,749.8820060999999,,1035.2835114,,1258.0646351,,1307.3180493
"REMIND-MAgPIE 3.5-4.11","Medium - SSP2","North America (R10)","Capacity|Electricity|Biomass","GW",1,18.3942339,,17.670141,16.4745317,12.9817817,9.1715666,6.392705299999999,3.4001956,1.6782236,0.6857238,,0.0003849,,0.0001174,,0.0000421,,0.0000322
"REMIND-MAgPIE 3.5-4.11","Medium - SSP2","North America (R10)","Capacity|Electricity|Coal","GW",1,259.588421,,217.8087998,126.2904421,97.1049045,68.8836445,42.15140149999999,19.902216,4.1722124,1.5866131,,0.079053,,0.000335,,0.0002344,,0.0001362
"REMIND-MAgPIE 3.5-4.11","Medium - SSP2","North America (R10)","Capacity|Electricity|Gas","GW",1,550.9803515000001,,532.933284,504.566068,448.3878808000001,392.5108142,349.0195075,309.2336168999999,267.9151737999999,280.0316853,,270.8906945,,268.17332,,280.3400921,,288.2318983
"REMIND-MAgPIE 3.5-4.11","Medium - SSP2","North America (R10)","Capacity|Electricity|Geothermal","GW",1,3.5882,,3.815,4.3202498,4.8990861,5.5990988,6.4401083,7.226176799999999,7.6630984,8.138172999999997,,8.138172999999997,,8.138172999999997,,8.138172999999997,,8.138172999999997
"REMIND-MAgPIE 3.5-4.11","Medium - SSP2","North America (R10)","Capacity|Electricity|Hydro","GW",1,109.7390259,,112.9739282,114.2626,114.2626,114.2626,114.2626,114.2626,114.2626,114.2626,,114.2626,,114.2626,,114.2626,,114.2626
"REMIND-MAgPIE 3.5-4.11","Medium - SSP2","North America (R10)","Capacity|Electricity|Hydrogen","GW",1,0,,0,0.0002002,0.0002,0.0002,0.0002,0.0002,0.0002,0.0002,,0.0002,,0.0002,,0.0002,,0.0002
"REMIND-MAgPIE 3.5-4.11","Medium - SSP2","North America (R10)","Capacity|Electricity|Nuclear","GW",1,101.9425666,,88.9524509,73.2695601,55.4663744,37.7777688,22.5260742,12.2871639,6.3877707,2.8052373,,1.0750993,,0.19739,,0,,0
"REMIND-MAgPIE 3.5-4.11","Medium - SSP2","North America (R10)","Capacity|Electricity|Oil","GW",1,24.7957899,,14.4866867,4.665786499999999,0.0001,0.0001491,0.0001952,0.000234,0.0002581,0.000283,,0.0002827,,0.0001805,,0.0000776,,0
"REMIND-MAgPIE 3.5-4.11","Medium - SSP2","North America (R10)","Capacity|Electricity|Solar|CSP","GW",1,1.72725,,3.4291162,7.6109201,8.128257799999998,8.5687728,9.214288999999999,12.2194391,17.8798837,19.1708599,,19.2401533,,19.306427,,19.9631963,,23.48064659999999
"REMIND-MAgPIE 3.5-4.11","Medium - SSP2","North America (R10)","Capacity|Electricity|Solar|PV","GW",1,81.39495000000001,,264.9772316999999,603.0797832000002,1072.2184283,1536.0841307,1897.7869885,2100.8594193,2150.1764399,2218.5562155,,2129.5187399,,2161.1077505,,2282.1148312,,2364.4920181
"REMIND-MAgPIE 3.5-4.11","Medium - SSP2","North America (R10)","Capacity|Electricity|Wind|Offshore","GW",1,0.0323,,1.896008,11.020109,24.1780198,41.8517056,61.99373120000001,80.87217869999998,95.55031360000001,115.3761838,,141.6436217,,162.4234496,,170.4601007,,171.4829568
"REMIND-MAgPIE 3.5-4.11","Medium - SSP2","North America (R10)","Capacity|Electricity|Wind|Onshore","GW",1,124.0785,,192.5318548,251.1830211,329.6341148,425.2530156,541.1378109999999,644.3036784,720.5586681999999,840.8626215999998,,869.8447223,,831.5371489999999,,836.4033108,,830.6442583999999
"REMIND-MAgPIE 3.5-4.11","Medium - SSP2","Other (R10)","Capacity|Electricity|Biomass","GW",1,3.5613012,,3.7224951,3.529,3.2125844,2.7246554,1.8451847,1.1327359,0.635567199999999,0.295416,,0.0225807,,0.0000794,,0.0000423,,0.0000325
"REMIND-MAgPIE 3.5-4.11","Medium - SSP2","Other (R10)","Capacity|Electricity|Coal","GW",1,28.8153,,12.7490804,1.1926268,0.9742698,0.9420345,0.8907440000000001,0.811357,0.6937524999999991,0.5214394,,0.0336498,,0.0005192,,0.0002578,,0.0001362
"REMIND-MAgPIE 3.5-4.11","Medium - SSP2","Other (R10)","Capacity|Electricity|Gas","GW",1,41.9454,,38.9367862,35.10184449999999,26.5933354,25.7594586,26.2803156,29.0514934,28.7094959,28.2589326,,26.9094378,,28.6844211,,27.6128872,,27.1353966
"REMIND-MAgPIE 3.5-4.11","Medium - SSP2","Other (R10)","Capacity|Electricity|Geothermal","GW",1,1.3475007,,1.7864,2.218181200000001,2.5511555,2.7799171,2.9031232,2.932358999999999,2.932358999999999,3.0025876,,3.0025876,,3.0025876,,3.0025876,,3.0025876
"REMIND-MAgPIE 3.5-4.11","Medium - SSP2","Other (R10)","Capacity|Electricity|Hydro","GW",1,88.46142630000001,,93.18267589999999,96.99190000000002,98.5497729,99.01118460000002,99.01118460000002,99.01118460000002,99.01118460000002,99.97277679999998,,99.97277679999998,,99.97277679999998,,99.97277679999998,,99.97277679999998
"REMIND-MAgPIE 3.5-4.11","Medium - SSP2","Other (R10)","Capacity|Electricity|Hydrogen","GW",1,0,,0,0.0002,0.0002,0.0002029,0.0002,0.0002,0.0002,0.0002,,0.0002,,0.0002,,0.0002,,0.0002
"REMIND-MAgPIE 3.5-4.11","Medium - SSP2","Other (R10)","Capacity|Electricity|Nuclear","GW",1,12.6018486,,11.2541743,9.6571907,7.824770599999999,5.969839100000002,4.3118018,3.0932154,2.2282052,1.4931529,,0.1669244,,0,,0,,0
"REMIND-MAgPIE 3.5-4.11","Medium - SSP2","Other (R10)","Capacity|Electricity|Oil","GW",1,3.0688317,,1.7988071,0.5820284,0.0001,0.0001491,0.0001952,0.000234,0.0002581,0.0002831000000000002,,0.0002827,,0.0001805,,0.0000776,,0
"REMIND-MAgPIE 3.5-4.11","Medium - SSP2","Other (R10)","Capacity|Electricity|Solar|CSP","GW",1,0.00285,,0.00285,0.0253432,0.0278919,0.0302188,0.0320708,0.0337414,0.0344893,0.036138,,0.0367298,,0.037885699999999,,0.0375139,,0.0374571
"REMIND-MAgPIE 3.5-4.11","Medium - SSP2","Other (R10)","Capacity|Electricity|Solar|PV","GW",1,22.2547,,62.70936,140.5925274,231.6306639,308.8574322,365.9585221999999,396.110699,397.9223539999999,397.8617168,,381.752667,,399.6295766,,388.1304625,,382.7228827
"REMIND-MAgPIE 3.5-4.11","Medium - SSP2","Other (R10)","Capacity|Electricity|Wind|Offshore","GW",1,0,,0.332045299999999,1.7693593,4.7928297,10.0183044,17.0185489,24.6050982,31.4331451,39.9735622,,47.7496251,,50.46373370000001,,50.71748039999999,,51.4357812
"REMIND-MAgPIE 3.5-4.11","Medium - SSP2","Other (R10)","Capacity|Electricity|Wind|Onshore","GW",1,22.73065,,32.53857880000001,31.8361708,30.3337847,27.2780994,25.6206033,24.7878241,25.3415643,32.22689280000001,,38.49599500000001,,40.6841234,,40.8886953,,41.4677931
"REMIND-MAgPIE 3.5-4.11","Medium - SSP2","Pacific OECD (R10)","Capacity|Electricity|Biomass","GW",1,10.879846,,14.284789,16.03405800000001,16.3562403,15.5215773,14.21797,12.5810376,10.554486,7.0754504,,1.7070019,,0.09842010000000001,,0.0003001,,0.0001362
"REMIND-MAgPIE 3.5-4.11","Medium - SSP2","Pacific OECD (R10)","Capacity|Electricity|Coal","GW",1,43.6977,,40.28090520000001,36.3384259,31.5951888,26.3109002,20.6931356,15.2702299,10.7624233,5.8161083,,2.6287646,,1.2443705,,0.7346501,,0.3301142
"REMIND-MAgPIE 3.5-4.11","Medium - SSP2","Pacific OECD (R10)","Capacity|Electricity|Gas","GW",1,80.85904699999999,,84.88573469999999,88.62115279999999,87.4931323,76.114379,64.13888639999999,54.32819580000001,44.49290560000001,38.82623580000001,,36.3160955,,36.5846587,,35.34468179999999,,33.5256794
"REMIND-MAgPIE 3.5-4.11","Medium - SSP2","Pacific OECD (R10)","Capacity|Electricity|Geothermal","GW",1,0.6256328,,0.7098,1.0516253,1.6675537,2.5491555,3.5896436,4.5655626,5.2634496,6.0435529,,6.0435529,,6.0435529,,6.0435529,,6.0435529
"REMIND-MAgPIE 3.5-4.11","Medium - SSP2","Pacific OECD (R10)","Capacity|Electricity|Hydro","GW",1,30.9879676,,32.6869971,33.97502,34.7054079,35.0672506,35.1709094,35.1709094,35.1709094,35.5970202,,35.5970202,,35.5970202,,35.5970202,,35.5970202
"REMIND-MAgPIE 3.5-4.11","Medium - SSP2","Pacific OECD (R10)","Capacity|Electricity|Hydrogen","GW",1,0,,0,0.0002,0.000239,0.0002374,0.0002313,0.0002161,0.0002,0.0002,,0.0002,,0.0002,,0.0002,,0.0002
"REMIND-MAgPIE 3.5-4.11","Medium - SSP2","Pacific OECD (R10)","Capacity|Electricity|Nuclear","GW",1,38.0812121,,33.13501720000001,27.4844461,21.2428575,15.2474376,10.3034388,7.281342000000001,5.8345891,5.5177969,,5.3591836,,4.8956739,,3.941639,,2.5778616
"REMIND-MAgPIE 3.5-4.11","Medium - SSP2","Pacific OECD (R10)","Capacity|Electricity|Oil","GW",1,25.0760445,,14.6116614,4.6886451,0.0001,0.0001491,0.0001952,0.000234,0.0002581,0.0002831000000000002,,0.0002827,,0.0001805,,0.0000776,,0
"REMIND-MAgPIE 3.5-4.11","Medium - SSP2","Pacific OECD (R10)","Capacity|Electricity|Solar|CSP","GW",1,0,,0.00009,0.0001399,0.0001892,0.0002361,0.0002779,0.0003098,0.000325,0.0003391,,0.0003348,,0.0002338,,0.000132,,0.00009
"REMIND-MAgPIE 3.5-4.11","Medium - SSP2","Pacific OECD (R10)","Capacity|Electricity|Solar|PV","GW",1,67.01110000000001,,99.04982690000001,143.9194711,191.9253971,237.3873363000001,271.6752877,286.9525475,286.2321569999999,297.3356141,,271.7227004,,263.7991266999999,,255.2560171,,241.504433
"REMIND-MAgPIE 3.5-4.11","Medium - SSP2","Pacific OECD (R10)","Capacity|Electricity|Wind|Offshore","GW",1,0.0882,,1.2011869,4.525458,10.7397482,20.4162925,33.03693810000001,47.0888643,60.2812269,79.0716519,,90.27279879999998,,90.15862609999999,,85.8337756,,80.48948320000001
"REMIND-MAgPIE 3.5-4.11","Medium - SSP2","Pacific OECD (R10)","Capacity|Electricity|Wind|Onshore","GW",1,3.78005,,5.29435,6.5234297,8.996045500000001,12.9559922,19.3132073,26.2350316,32.8490096,43.0884636,,49.19229730000001,,49.1300812,,46.77334330000001,,43.86108149999999
"REMIND-MAgPIE 3.5-4.11","Medium - SSP2","Reforming Economies (R10)","Capacity|Electricity|Biomass","GW",1,4.3450407,,7.152385799999998,9.790870999999997,11.3369674,11.5308214,11.0570633,10.8107151,11.075388,12.3548175,,16.2047352,,19.5517301,,18.616011,,15.6451156
"REMIND-MAgPIE 3.5-4.11","Medium - SSP2","Reforming Economies (R10)","Capacity|Electricity|Coal","GW",1,59.5584,,56.0837585,51.449762,44.9051635,35.3358678,26.7376032,19.8137657,13.237285,7.348486799999999,,1.6896576,,0.09773889999999999,,0.0003891,,0.0001701
"REMIND-MAgPIE 3.5-4.11","Medium - SSP2","Reforming Economies (R10)","Capacity|Electricity|Gas","GW",1,157.6400745,,180.7818582,210.3018421,229.9365239,234.5051243,223.310931,210.2025864,197.8042616,189.8883034,,155.3999198,,144.9586406,,146.5733688,,153.2577639
"REMIND-MAgPIE 3.5-4.11","Medium - SSP2","Reforming Economies (R10)","Capacity|Electricity|Geothermal","GW",1,0.0949546,,0.1134,0.1451047,0.1767761,0.2073695,0.2394512,0.265269,0.2782774,0.2947305,,0.2947305,,0.2947305,,0.2947305,,0.2947305
"REMIND-MAgPIE 3.5-4.11","Medium - SSP2","Reforming Economies (R10)","Capacity|Electricity|Hydro","GW",1,76.89038049999999,,81.58577059999999,85.90140430000001,89.4922883,92.47103179999999,94.73887029999999,96.32571639999999,97.31422370000003,99.83912620000001,,99.83912620000001,,99.83912620000001,,99.83912620000001,,99.83912620000001
"REMIND-MAgPIE 3.5-4.11","Medium - SSP2","Reforming Economies (R10)","Capacity|Electricity|Hydrogen","GW",1,0,,0,0.0002,0.0002,0.0002,0.0002,0.0002,0.0002,0.0002,,0.0002,,0.0002,,0.0002,,0.0002
"REMIND-MAgPIE 3.5-4.11","Medium - SSP2","Reforming Economies (R10)","Capacity|Electricity|Nuclear","GW",1,42.4369819,,40.9676178,37.38968669999999,32.47794039999999,27.2225658,22.4282902,18.8071932,16.0659028,13.506828,,7.951802000000001,,1.9272542,,0.1953255,,0.0034586
"REMIND-MAgPIE 3.5-4.11","Medium - SSP2","Reforming Economies (R10)","Capacity|Electricity|Oil","GW",1,0.7419386,,0.4495695,0.1520669,0.0001,0.0001491,0.0001952,0.000234,0.0002581,0.0002831000000000002,,0.0002827,,0.0001805,,0.0000776,,0
"REMIND-MAgPIE 3.5-4.11","Medium - SSP2","Reforming Economies (R10)","Capacity|Electricity|Solar|CSP","GW",1,0.341243999999999,,1.3653765,3.6226019,4.0089073,4.320780099999999,5.097431499999999,7.007190599999999,10.4003524,11.6561127,,12.772031,,14.0937758,,14.9411619,,18.0669333
"REMIND-MAgPIE 3.5-4.11","Medium - SSP2","Reforming Economies (R10)","Capacity|Electricity|Solar|PV","GW",1,8.61555,,33.6534567,102.4558512,224.6782155,382.0957908999999,552.1659318,705.2032694,828.4977025000001,1010.1767042,,1196.2960441,,1426.0046596,,1535.6130439,,1614.0725682
"REMIND-MAgPIE 3.5-4.11","Medium - SSP2","Reforming Economies (R10)","Capacity|Electricity|Wind|Offshore","GW",1,0,,0.00008,0.4623837,1.3916691,3.2335879,6.633814099999999,12.2608397,20.4153317,35.0503325,,58.1296847,,76.9567138,,87.77142950000001,,101.8186972
"REMIND-MAgPIE 3.5-4.11","Medium - SSP2","Reforming Economies (R10)","Capacity|Electricity|Wind|Onshore","GW",1,3.1426,,5.7030364,7.818215499999999,11.962008,20.0498201,34.9326532,59.9670551,97.7736466,167.8639794,,278.3962233,,368.5631291,,419.7204652,,426.7673591999999
"REMIND-MAgPIE 3.5-4.11","Medium - SSP2","Rest of Asia (R10)","Capacity|Electricity|Biomass","GW",1,10.7406,,9.567412800000001,8.4846,7.0449131,5.524147899999999,3.9634961,2.459458199999999,1.1579748,0.3030475,,0.0003,,0.0000545,,0.0000258,,0.0000203
"REMIND-MAgPIE 3.5-4.11","Medium - SSP2","Rest of Asia (R10)","Capacity|Electricity|Coal","GW",1,124.6203,,129.5722787,125.773528,118.803918,92.6075735,44.4640059,36.60852330000001,27.437113,0.6379290999999999,,0.0006276,,0.0001619,,0.0000258,,0.0000203
"REMIND-MAgPIE 3.5-4.11","Medium - SSP2","Rest of Asia (R10)","Capacity|Electricity|Gas","GW",1,191.5124865,,222.9365698,258.6338932,292.182526,332.2363237999999,382.4423741,416.5837878,427.0613519999999,460.5436622,,506.0315711,,591.5759864,,690.2338403000001,,767.5226666999998
"REMIND-MAgPIE 3.5-4.11","Medium - SSP2","Rest of Asia (R10)","Capacity|Electricity|Geothermal","GW",1,5.442515599999999,,6.4988,8.008279399999997,9.9179869,12.3773054,15.6319253,19.4664,23.460288,29.939787,,35.6193196,,38.6417406,,38.6417406,,38.6417406
"REMIND-MAgPIE 3.5-4.11","Medium - SSP2","Rest of Asia (R10)","Capacity|Electricity|Hydro","GW",1,76.94664190000002,,105.4722535,134.198,146.9121462,151.8007264,153.289881,153.4532627,153.4532627,153.4532627,,153.4532627,,153.4532627,,153.4532627,,153.4532627
"REMIND-MAgPIE 3.5-4.11","Medium - SSP2","Rest of Asia (R10)","Capacity|Electricity|Hydrogen","GW",1,0,,0,0.0002,0.0002,0.0002,0.0002,0.0002,0.0002,0.0002,,0.0002,,0.0002,,0.0002,,0.0002
"REMIND-MAgPIE 3.5-4.11","Medium - SSP2","Rest of Asia (R10)","Capacity|Electricity|Nuclear","GW",1,26.6284065,,29.2958191,30.43254949999999,29.9351074,28.2309422,25.9821158,23.87315570000001,22.0346574,20.1352342,,15.2777937,,7.708371700000001,,2.4240991,,0.3734456
"REMIND-MAgPIE 3.5-4.11","Medium - SSP2","Rest of Asia (R10)","Capacity|Electricity|Oil","GW",1,29.1944716,,19.0714568,7.046480799999999,0.0001,0.0001491,0.0001952,0.000234,0.0002581,0.0002831000000000002,,0.0002827,,0.0001805,,0.0000776,,0
"REMIND-MAgPIE 3.5-4.11","Medium - SSP2","Rest of Asia (R10)","Capacity|Electricity|Solar|CSP","GW",1,0.004750000000000001,,0.004750000000000001,0.10302,0.1325155,0.1648253,0.1988426,0.2381802,0.2711682,0.3174087,,0.3728805,,0.4321677,,0.4817518,,0.5212749
"REMIND-MAgPIE 3.5-4.11","Medium - SSP2","Rest of Asia (R10)","Capacity|Electricity|Solar|PV","GW",1,36.38039999999999,,158.0778479,471.7745817,989.2528010999999,1612.3868381,2332.1708003,3032.4208695,3606.073103200001,4299.246697199999,,4888.496713299999,,5774.325339200001,,6699.603105,,7419.528931000001
"REMIND-MAgPIE 3.5-4.11","Medium - SSP2","Rest of Asia (R10)","Capacity|Electricity|Wind|Offshore","GW",1,0.597449999999999,,3.3850158,12.8241116,31.1100236,61.62242010000001,105.88127,160.505875,221.2131658,317.9611868,,439.2606021,,530.8101346,,581.5571981999999,,624.6602938999999
"REMIND-MAgPIE 3.5-4.11","Medium - SSP2","Rest of Asia (R10)","Capacity|Electricity|Wind|Onshore","GW",1,7.26915,,24.81498570000001,44.8591761,83.397073,147.0968264,238.7278745,350.8511616,475.8190446,683.9194567,,944.8287552,,1141.7474645,,1250.9019953,,1343.6147131
"REMIND-MAgPIE 3.5-4.11","Medium - SSP2","World","Capacity|Electricity|Biomass","GW",1,124.1078217,,128.1842263,127.2854569,111.6060995,91.8483542,71.29044640000001,51.9244883,35.5395914,24.2648789,,17.9734532,,19.6516786,,18.6170448,,15.6456107
"REMIND-MAgPIE 3.5-4.11","Medium - SSP2","World","Capacity|Electricity|Coal","GW",1,2044.3096208,,2026.9697505,1675.4245767,1298.9498712,917.1110015,521.8366315,276.9184956999999,154.7897781,20.549161,,5.1057771,,1.3459105,,0.7371443,,3.6390133
"REMIND-MAgPIE 3.5-4.11","Medium - SSP2","World","Capacity|Electricity|Gas","GW",1,1984.9548159,,2148.3620825,2150.9479941,2293.4255399,2541.6588592,2807.662907,3019.4086031,3122.3554653,3302.8691141,,3420.9075243,,3766.9610907,,4145.2572937,,4504.668571300001
"REMIND-MAgPIE 3.5-4.11","Medium - SSP2","World","Capacity|Electricity|Geothermal","GW",1,17.29866,,20.6150285,25.6355712,31.2891788,37.5017361,44.4349096,51.3221174,57.240886,66.32279739999998,,72.0314422,,75.0965918,,75.0965918,,75.0965918
"REMIND-MAgPIE 3.5-4.11","Medium - SSP2","World","Capacity|Electricity|Hydro","GW",1,1267.3466636,,1409.8928042,1513.919843,1565.5499877,1592.4430725,1606.3776428,1613.3632564,1617.0226405,1627.4297459,,1628.090482,,1628.090482,,1628.090482,,1628.090482
"REMIND-MAgPIE 3.5-4.11","Medium - SSP2","World","Capacity|Electricity|Hydrogen","GW",1,0,,0,0.0024004,0.0024406,0.0024431,0.0024528,0.0024305,0.0024,0.0024,,0.0024,,0.0024,,0.0024362,,0.0024
"REMIND-MAgPIE 3.5-4.11","Medium - SSP2","World","Capacity|Electricity|Nuclear","GW",1,412.9798725,,400.7240476,376.0402099,338.9384425,296.1430787,255.2052065,224.860157,203.2136373,186.0923514,,146.6130439,,98.518628,,69.0591314,,64.8601585
"REMIND-MAgPIE 3.5-4.11","Medium - SSP2","World","Capacity|Electricity|Oil","GW",1,229.5826915,,143.4574664,50.3886502,0.0012,0.001789,0.0023423,0.0028078,0.0030974,0.003397,,0.0033922,,0.0021661,,0.0009310999999999998,,0
"REMIND-MAgPIE 3.5-4.11","Medium - SSP2","World","Capacity|Electricity|Solar|CSP","GW",1,6.534543999999999,,12.8164525,26.85985130000001,30.9579582,35.65279930000001,44.5213851,65.22070529999999,100.1853086,118.3423048,,136.8396828,,157.4486395,,176.7556802,,222.5439223
"REMIND-MAgPIE 3.5-4.11","Medium - SSP2","World","Capacity|Electricity|Solar|PV","GW",1,759.3656499999998,,2444.0880196,5501.314206200001,9309.227658100002,13438.087885,17473.0322076,20943.5957641,23594.0825236,27018.0933652,,29795.7737929,,34051.33620870001,,38415.1853359,,42906.54491410001
"REMIND-MAgPIE 3.5-4.11","Medium - SSP2","World","Capacity|Electricity|Wind|Offshore","GW",1,42.63795,,105.4577064,212.0027873,358.0202694,545.1099892000001,765.1427973,995.0612984999999,1206.8495494,1543.875867,,1967.1965274,,2329.902012800001,,2580.556708,,2780.00429
"REMIND-MAgPIE 3.5-4.11","Medium - SSP2","World","Capacity|Electricity|Wind|Onshore","GW",1,683.3241907999999,,1155.1462166,1703.861124,2387.9986844,3178.3862609,4095.1990372,5020.1391031,5905.062237000001,7413.094871400001,,8834.9525553,,9756.345166199999,,10517.6926748,,10926.3311873
"REMIND-MAgPIE 3.5-4.11","Very Low - SSP2","Africa (R10)","Capacity|Electricity|Biomass","GW",1,1.377,,1.2718661,1.8827,1.6034073,1.3061633,0.998192899999999,0.7005626999999991,0.4313957,0.2181919,,0.0184312,,0.000053,,0.0000256,,0.0000203
"REMIND-MAgPIE 3.5-4.11","Very Low - SSP2","Africa (R10)","Capacity|Electricity|Coal","GW",1,39.1032,,34.4884556,27.5090516,11.6933006,0.566363699999999,0.0112166,0.0062641,0.0030201,0.0013694,,0.0004,,0.0000531,,0.0000258,,0.0000203
"REMIND-MAgPIE 3.5-4.11","Very Low - SSP2","Africa (R10)","Capacity|Electricity|Gas","GW",1,27.799935,,46.0014724,64.37665809999999,73.95965260000001,70.2084948,61.1505048,59.55584149999999,56.7342977,50.81098939999999,,25.1484494,,1.1750747,,0.0001018,,0.00003680000000000001
"REMIND-MAgPIE 3.5-4.11","Very Low - SSP2","Africa (R10)","Capacity|Electricity|Geothermal","GW",1,0.6725647999999991,,0.8971676999999991,1.1321749,1.3576267,1.5524267,1.6870999,1.7435426,1.7435426,1.8057156,,1.8057156,,1.8057156,,1.8057156,,1.8057156
"REMIND-MAgPIE 3.5-4.11","Very Low - SSP2","Africa (R10)","Capacity|Electricity|Hydro","GW",1,25.7518871,,30.3566355,39.4192054,53.2764,66.13905209999999,76.929618,85.1144071,90.8812972,97.84962780000001,,100.004199,,100.004199,,100.004199,,100.004199
"REMIND-MAgPIE 3.5-4.11","Very Low - SSP2","Africa (R10)","Capacity|Electricity|Hydrogen","GW",1,0,,0,0.0002,2.2431851,30.8741157,88.84916440000002,164.7833331,245.9980082,373.7772916,,615.4838899000001,,902.9279790999999,,1160.4492737,,1411.2847276
"REMIND-MAgPIE 3.5-4.11","Very Low - SSP2","Africa (R10)","Capacity|Electricity|Nuclear","GW",1,1.7442,,1.7484116,1.6676368,1.4918673,1.3052843,1.1236626,0.964062699999999,0.8132404000000001,0.6447803999999999,,0.2035803,,0.07910879999999901,,0.004260799999999,,0
"REMIND-MAgPIE 3.5-4.11","Very Low - SSP2","Africa (R10)","Capacity|Electricity|Oil","GW",1,2.8002376,,1.7513314,0.6158469,0.0001,0.0001491,0.0001952,0.000234,0.0002581,0.000283,,0.0002827,,0.0001805,,0.0000776,,0
"REMIND-MAgPIE 3.5-4.11","Very Low - SSP2","Africa (R10)","Capacity|Electricity|Solar|CSP","GW",1,0.456,,0.699409899999999,1.1196539,1.8048702,3.1075701,5.896923,11.3727754,19.832009,28.3229731,,41.7282647,,57.33060139999999,,72.0380945,,100.1992396
"REMIND-MAgPIE 3.5-4.11","Very Low - SSP2","Africa (R10)","Capacity|Electricity|Solar|PV","GW",1,5.48205,,25.5131674,105.2166451,328.0746304,751.2605383,1350.3284398,1994.6999241,2670.4438549,3748.1962577,,6600.4276693,,10048.3266398,,13224.0194005,,16559.13966449999
"REMIND-MAgPIE 3.5-4.11","Very Low - SSP2","Africa (R10)","Capacity|Electricity|Wind|Offshore","GW",1,0,,0.3310086,2.4977231,8.3810575,20.8439811,43.83152739999999,79.65304239999999,129.7810452,225.5543029,,414.0606836000001,,580.8182926999999,,681.9712365,,758.8818253999999
"REMIND-MAgPIE 3.5-4.11","Very Low - SSP2","Africa (R10)","Capacity|Electricity|Wind|Onshore","GW",1,3.58155,,9.493482600000002,27.0328499,74.65008709999998,172.8138531,333.1849633,544.9131723,791.6630116,1200.8365926,,1875.0151046,,2683.453017400001,,3578.7236261,,4117.29056
"REMIND-MAgPIE 3.5-4.11","Very Low - SSP2","China+ (R10)","Capacity|Electricity|Biomass","GW",1,12.2796,,11.8764386,10.3477735,8.721749399999998,6.9898132,5.186930599999999,3.4294038,1.8837432,0.7081272,,0.0003,,0.00007340000000000001,,0.0000637,,0.0000485
"REMIND-MAgPIE 3.5-4.11","Very Low - SSP2","China+ (R10)","Capacity|Electricity|Coal","GW",1,1078.8081404,,1164.0203239,881.8841387,405.2622193999999,81.15004269999999,21.3036021,0.5593446000000001,0.4989639,0.4069188,,0.1090831,,0,,0,,0
"REMIND-MAgPIE 3.5-4.11","Very Low - SSP2","China+ (R10)","Capacity|Electricity|Gas","GW",1,131.371,,182.2588688,276.1644007,417.2565513999999,410.4269352999999,383.3904462,296.7120947,234.2806013,144.8844418,,12.2781885,,0.0001244,,0.0000926,,0.0000501
"REMIND-MAgPIE 3.5-4.11","Very Low - SSP2","China+ (R10)","Capacity|Electricity|Geothermal","GW",1,0.0385698,,0.0462,0.173086,0.3221659,0.3730588,0.3730588,0.3730588,0.3730588,0.3730588,,0.3730588,,0.3730588,,0.3730588,,0.3730588
"REMIND-MAgPIE 3.5-4.11","Very Low - SSP2","China+ (R10)","Capacity|Electricity|Hydro","GW",1,352.4729753,,413.5979123999999,446.9375556999999,463.2362304999999,469.7238928,471.3580049,471.3580049,471.3580049,471.3580049,,471.3580049,,471.3580049,,471.3580049,,471.3580049
"REMIND-MAgPIE 3.5-4.11","Very Low - SSP2","China+ (R10)","Capacity|Electricity|Hydrogen","GW",1,0,,0,0.0002,0.0002,238.9292544,392.4308899,551.5998155000001,651.7672717999999,794.6967825000002,,872.3552643999998,,813.4755545,,708.6880430000001,,642.666804
"REMIND-MAgPIE 3.5-4.11","Very Low - SSP2","China+ (R10)","Capacity|Electricity|Nuclear","GW",1,48.9869612,,68.98396960000002,89.03969460000002,107.3159397,120.6757013,128.3205052,131.3202817,130.3475021,127.4063998,,106.3710296,,77.46220290000001,,58,,58
"REMIND-MAgPIE 3.5-4.11","Very Low - SSP2","China+ (R10)","Capacity|Electricity|Oil","GW",1,15.8180276,,10.7677317,4.152827799999999,0.0001,0.0001491,0.0001952,0.000234,0.0002581,0.000283,,0.0002827,,0.0001805,,0.0000776,,0
"REMIND-MAgPIE 3.5-4.11","Very Low - SSP2","China+ (R10)","Capacity|Electricity|Solar|CSP","GW",1,0.4237,,0.931,0.9273043,0.9108803,0.8656550000000001,0.768482999999999,0.7366800000000001,0.772173,0.8210776000000001,,0.794554099999999,,0.7403495999999999,,0.6652188999999991,,0.617256399999999
"REMIND-MAgPIE 3.5-4.11","Very Low - SSP2","China+ (R10)","Capacity|Electricity|Solar|PV","GW",1,286.1166,,1056.2523786,2159.8838502,3671.0245579,5100.221757899999,5840.733712799998,6218.536661000001,6367.3887004,6628.838707299999,,6304.5202109,,5998.8176527,,5323.6507609,,4925.0765002
"REMIND-MAgPIE 3.5-4.11","Very Low - SSP2","China+ (R10)","Capacity|Electricity|Wind|Offshore","GW",1,16.30335,,42.02135000000001,80.39289149999999,143.2005941,220.5246658,289.9389626999999,339.9379397999999,382.2906467,456.5541034,,544.0327791,,596.4539690999999,,581.7666879999999,,545.0489748
"REMIND-MAgPIE 3.5-4.11","Very Low - SSP2","China+ (R10)","Capacity|Electricity|Wind|Onshore","GW",1,251.6439817,,473.499831,824.6885916000001,1394.4762416,2084.411256900001,2723.2401809,3211.7541731,3526.0061321,3939.3283547,,3708.7912388,,3215.3699277,,2770.550716200001,,2461.766895099999
"REMIND-MAgPIE 3.5-4.11","Very Low - SSP2","Europe (R10)","Capacity|Electricity|Biomass","GW",1,33.4926,,34.91887250000001,35.23768150000001,26.7406307,18.1976996,10.4178468,4.553839200000001,0.9092872000000001,0.067286699999999,,0.0006000000000000001,,0.00008740000000000002,,0.00007840000000000001,,0.00006400000000000002
"REMIND-MAgPIE 3.5-4.11","Very Low - SSP2","Europe (R10)","Capacity|Electricity|Coal","GW",1,137.7351,,49.2386388,10.9463648,1.6902263,0.1613082,0.1071473,0.0905195,0.0735653,0.053393699999999,,0.0011227,,0.0005300000000000001,,0.0004137000000000001,,0.0002792
"REMIND-MAgPIE 3.5-4.11","Very Low - SSP2","Europe (R10)","Capacity|Electricity|Gas","GW",1,293.0262269,,289.1104527,144.7415359,127.1649096,114.0139877,96.69152200000002,71.8362549,63.1898288,39.4344927,,8.108934900000001,,0.9761951,,0.0076977,,0.0001326
"REMIND-MAgPIE 3.5-4.11","Very Low - SSP2","Europe (R10)","Capacity|Electricity|Geothermal","GW",1,2.9686756,,3.9568328,5.2892202,6.489200899999999,7.398615200000001,7.978627499999999,8.2152862,8.2414606,8.436234899999999,,8.436234899999999,,8.436234899999999,,8.436234899999999,,8.436234899999999
"REMIND-MAgPIE 3.5-4.11","Very Low - SSP2","Europe (R10)","Capacity|Electricity|Hydro","GW",1,220.1095889,,232.7643075,261.4884019,305.0488,312.2892286,312.4104681,312.4104681,312.4104681,312.4466115,,312.4466115,,312.4466115,,312.4466115,,312.4466115
"REMIND-MAgPIE 3.5-4.11","Very Low - SSP2","Europe (R10)","Capacity|Electricity|Hydrogen","GW",1,0,,0,0.0004,25.3917892,92.84699040000001,148.0072249,192.4006337,209.6155064,240.0529576,,251.2948253,,248.3767055,,237.2800005,,241.3686329
"REMIND-MAgPIE 3.5-4.11","Very Low - SSP2","Europe (R10)","Capacity|Electricity|Nuclear","GW",1,124.8468993,,108.3841297,88.9266655,66.84379440000001,44.9140777,26.0265543,13.3868275,6.170789200000001,1.8819098,,0.2678119,,0.045925999999999,,0,,0
"REMIND-MAgPIE 3.5-4.11","Very Low - SSP2","Europe (R10)","Capacity|Electricity|Oil","GW",1,28.3264211,,16.7362377,5.474174800000001,0.0002,0.0002982,0.0003904,0.000468,0.0005162,0.000566,,0.0005654,,0.000361,,0.0001552,,0
"REMIND-MAgPIE 3.5-4.11","Very Low - SSP2","Europe (R10)","Capacity|Electricity|Solar|CSP","GW",1,2.1964,,2.1964,2.126817599999999,1.9154391,1.515705799999999,0.8367613999999991,0.2672188,0.2765208,0.2910895,,0.2836855,,0.2750146,,0.2624179,,0.2593662
"REMIND-MAgPIE 3.5-4.11","Very Low - SSP2","Europe (R10)","Capacity|Electricity|Solar|PV","GW",1,171.0487,,368.388957,769.8905995,1223.7753995,1618.3250145,1839.6388951,1928.4631651,1948.646036,1940.4309481,,1794.3785174,,1772.2907684,,1714.1272558,,1786.909894
"REMIND-MAgPIE 3.5-4.11","Very Low - SSP2","Europe (R10)","Capacity|Electricity|Wind|Offshore","GW",1,25.61665,,54.5004604,93.5523928,140.7629024,189.4197352,234.5790445,275.7610824,311.4358408,366.8628558,,394.8411995,,377.7043505999999,,340.2683764,,321.0221335
"REMIND-MAgPIE 3.5-4.11","Very Low - SSP2","Europe (R10)","Capacity|Electricity|Wind|Onshore","GW",1,190.3723591,,276.1596521,390.5080343,528.9353085,663.3270811,782.518913,868.0674885999999,919.6104608999999,992.8183195,,939.8636055,,882.8198899,,836.4473195,,800.8705744000001
"REMIND-MAgPIE 3.5-4.11","Very Low - SSP2","India+ (R10)","Capacity|Electricity|Biomass","GW",1,9.2106,,8.118648899999998,11.5,9.8175771,8.0408809,6.1913456,4.355301799999999,2.6536278,1.254784,,0.0003,,0.0000509,,0.0000208,,0.0000181
"REMIND-MAgPIE 3.5-4.11","Very Low - SSP2","India+ (R10)","Capacity|Electricity|Coal","GW",1,247.6141594,,303.1344567,309.13037,164.0766996,28.74273789999999,0.2368251,0.0024267,0.0020412,0.0015168,,0.0004,,0.00005290000000000001,,0.0000254,,0.0000204
"REMIND-MAgPIE 3.5-4.11","Very Low - SSP2","India+ (R10)","Capacity|Electricity|Gas","GW",1,35.3031077,,43.9134526,71.65374889999998,139.8278323,223.5516826,213.9171687,174.353647,135.2279085,92.9261708,,17.9029463,,0.0156847,,0.00003990000000000001,,0.000028
"REMIND-MAgPIE 3.5-4.11","Very Low - SSP2","India+ (R10)","Capacity|Electricity|Geothermal","GW",1,0.0238568,,0.051452,0.1253883,0.2347276,0.340292099999999,0.3730588,0.3730588,0.3730588,0.3730588,,0.3730588,,0.3730588,,0.3730588,,0.3730588
"REMIND-MAgPIE 3.5-4.11","Very Low - SSP2","India+ (R10)","Capacity|Electricity|Hydro","GW",1,52.4028656,,55.56130090000001,59.3027514,63.8364033,68.43879869999999,71.48748020000001,72.66885229999998,72.6778145,72.873649,,72.873649,,72.873649,,72.873649,,72.873649
"REMIND-MAgPIE 3.5-4.11","Very Low - SSP2","India+ (R10)","Capacity|Electricity|Hydrogen","GW",1,0,,0,0.0002,0.0002,104.4485062,215.8771253,355.6632041,470.8814456,617.6078933,,768.6785954000001,,892.3158056,,975.4835295,,1008.7903302
"REMIND-MAgPIE 3.5-4.11","Very Low - SSP2","India+ (R10)","Capacity|Electricity|Nuclear","GW",1,8.0428961,,10.1861452,12.810893,17.25,21.8859419,25.0743,26.4531088,26.5555091,26.1220087,,22.3672457,,18.3294618,,17.25,,17.25
"REMIND-MAgPIE 3.5-4.11","Very Low - SSP2","India+ (R10)","Capacity|Electricity|Oil","GW",1,4.6963619,,3.0842381,1.1461458,0.0001,0.0001491,0.0001952,0.000234,0.0002581,0.000283,,0.0002827,,0.0001805,,0.0000776,,0
"REMIND-MAgPIE 3.5-4.11","Very Low - SSP2","India+ (R10)","Capacity|Electricity|Solar|CSP","GW",1,0.357,,1.4933903,5.3902877,7.2984655,10.0851064,15.6718754,26.7572972,43.9308113,52.7538667,,57.37593230000001,,63.696888,,69.2381989,,87.0523695
"REMIND-MAgPIE 3.5-4.11","Very Low - SSP2","India+ (R10)","Capacity|Electricity|Solar|PV","GW",1,44.982,,206.2840995,650.2993689000001,1498.4150587,2678.182671399999,4080.7897573,5183.0458782,5943.6750518,6973.2304061,,7814.545487599999,,9026.694147200002,,9937.3026127,,10433.273999
"REMIND-MAgPIE 3.5-4.11","Very Low - SSP2","India+ (R10)","Capacity|Electricity|Wind|Offshore","GW",1,0,,0.9975640999999991,8.4805777,26.1340622,56.1247637,93.1741593,127.5171864,156.8303275,197.2754492,,232.029929,,257.7331116999999,,277.7433906,,296.9552041
"REMIND-MAgPIE 3.5-4.11","Very Low - SSP2","India+ (R10)","Capacity|Electricity|Wind|Onshore","GW",1,40.6035,,76.9286452,160.9061299,359.8104947,696.7410773,1112.9333285,1497.0789256,1825.830997,2296.696282,,2568.495132900001,,2743.0896066,,2999.7573585,,2999.2255299
"REMIND-MAgPIE 3.5-4.11","Very Low - SSP2","Latin America (R10)","Capacity|Electricity|Biomass","GW",1,19.48859999999999,,19.2712504,18.7459,15.9223706,12.6487794,9.1858206,5.8661926,2.971603899999999,0.9114362999999991,,0.0011813,,0.0000501,,0.0000421,,0.0000322
"REMIND-MAgPIE 3.5-4.11","Very Low - SSP2","Latin America (R10)","Capacity|Electricity|Coal","GW",1,16.3071,,15.3040012,8.214325699999996,2.1654941,0.960242199999999,0.8956432000000001,0.8130552999999999,0.694238399999999,0.5158465999999999,,0.0185311,,0,,0,,0
"REMIND-MAgPIE 3.5-4.11","Very Low - SSP2","Latin America (R10)","Capacity|Electricity|Gas","GW",1,102.3606,,99.66531769999999,88.32031119999999,83.1318527,71.1446485,68.3317445,55.6843921,42.30747,27.9464959,,3.3536283,,0.0001755,,0.000137,,0.0000894
"REMIND-MAgPIE 3.5-4.11","Very Low - SSP2","Latin America (R10)","Capacity|Electricity|Geothermal","GW",1,2.375946299999999,,2.5508,2.7790968,2.970662099999999,3.1623605,3.465362,3.783831700000001,3.9892552,4.3338831,,4.3338831,,4.3338831,,4.3338831,,4.3338831
"REMIND-MAgPIE 3.5-4.11","Very Low - SSP2","Latin America (R10)","Capacity|Electricity|Hydro","GW",1,211.7261091,,226.5998085,239.6735184,250.586548,258.9346076,264.2743866,266.8972433,267.4759529999999,270.9134371999999,,270.9134371999999,,270.9134371999999,,270.9134371999999,,270.9134371999999
"REMIND-MAgPIE 3.5-4.11","Very Low - SSP2","Latin America (R10)","Capacity|Electricity|Hydrogen","GW",1,0,,0,0.0002,0.0002,53.3425547,112.6166724,165.6623105,205.827751,257.3771123999999,,309.3003672,,342.3299722,,362.1732417,,375.3478155
"REMIND-MAgPIE 3.5-4.11","Very Low - SSP2","Latin America (R10)","Capacity|Electricity|Nuclear","GW",1,5.528611199999999,,5.335185299999999,4.845925499999999,4.229587799999999,3.596419099999999,3.0132306,2.5529279,2.1775461,1.8016887,,0.9146578000000001,,0.1530453,,0.0027482,,0
"REMIND-MAgPIE 3.5-4.11","Very Low - SSP2","Latin America (R10)","Capacity|Electricity|Oil","GW",1,38.8822747,,24.4229518,8.6316148,0.0001,0.0001491,0.0001952,0.000234,0.0002581,0.000283,,0.0002827,,0.0001805,,0.0000776,,0
"REMIND-MAgPIE 3.5-4.11","Very Low - SSP2","Latin America (R10)","Capacity|Electricity|Solar|CSP","GW",1,0.063,,0.8725514999999999,3.0006018,4.060757499999999,5.432825,7.942627100000001,12.5895525,19.1085197,22.834362,,24.4408641,,26.4364214,,27.7267956,,35.0898752
"REMIND-MAgPIE 3.5-4.11","Very Low - SSP2","Latin America (R10)","Capacity|Electricity|Solar|PV","GW",1,25.2415,,108.0735138,338.3548812000001,752.9504186999999,1281.7043101,1770.8314498,2113.9682744,2325.4451586,2612.435032400001,,2795.5854835,,3021.3806241,,3176.451131400001,,3325.6798188
"REMIND-MAgPIE 3.5-4.11","Very Low - SSP2","Latin America (R10)","Capacity|Electricity|Wind|Offshore","GW",1,0,,0.7928972,7.322080499999998,21.7798717,46.364194,78.82984819999999,113.7461504,145.2850878,190.0956023,,230.7665957,,258.4290001,,275.194804,,293.8450657
"REMIND-MAgPIE 3.5-4.11","Very Low - SSP2","Latin America (R10)","Capacity|Electricity|Wind|Onshore","GW",1,32.30759999999999,,51.7503,74.6486759,124.8657683,208.6997075,319.4593478,437.8707518,548.7901147,718.054337,,871.6822105,,976.1723158,,1039.5023352,,1032.0913236
"REMIND-MAgPIE 3.5-4.11","Very Low - SSP2","Middle East (R10)","Capacity|Electricity|Biomass","GW",1,0.3384,,0.3299261,0.3512,0.3006928,0.2456824,0.1865529,0.1252632,0.0657365,0.0218674,,0.00196,,0.0000422,,0.00003260000000000001,,0.0000284
"REMIND-MAgPIE 3.5-4.11","Very Low - SSP2","Middle East (R10)","Capacity|Electricity|Coal","GW",1,8.4618,,4.289051700000001,0.7497727,0.0669328,0.0643121,0.0601003,0.0537144,0.044711,0.0322561,,0.0004,,0.00009970000000000001,,0.0000966,,0.0000842
"REMIND-MAgPIE 3.5-4.11","Very Low - SSP2","Middle East (R10)","Capacity|Electricity|Gas","GW",1,372.1565868,,426.9382853999999,445.0360443999999,277.6156372,297.8273951,198.5553971,195.2316018,186.5923166,145.3409319,,49.6049073,,1.1501002,,0.0001014,,0.0000759
"REMIND-MAgPIE 3.5-4.11","Very Low - SSP2","Middle East (R10)","Capacity|Electricity|Geothermal","GW",1,0.1202432,,0.189176,0.2656788,0.336374,0.3730588,0.3730588,0.3730588,0.3730588,0.3730588,,0.3730588,,0.3730588,,0.3730588,,0.3730588
"REMIND-MAgPIE 3.5-4.11","Very Low - SSP2","Middle East (R10)","Capacity|Electricity|Hydro","GW",1,21.8577953,,25.1112142,27.1886038,28.4073,28.6123209,28.6123209,28.6123209,28.6123209,28.6123209,,28.6123209,,28.6123209,,28.6123209,,28.6123209
"REMIND-MAgPIE 3.5-4.11","Very Low - SSP2","Middle East (R10)","Capacity|Electricity|Hydrogen","GW",1,0,,0,0.0002,0.0002,2.626819,142.4484441,239.8550451,324.4260211,474.8991693999999,,677.7282283999999,,870.0002782,,970.9275208999999,,1048.1338987
"REMIND-MAgPIE 3.5-4.11","Very Low - SSP2","Middle East (R10)","Capacity|Electricity|Nuclear","GW",1,2.1392891,,2.481127,2.587074700000001,2.5900264,2.5582545,2.4993643,2.4005661,2.246502,2.019246099999999,,1.2606151,,0.2627658,,0.0128934,,0
"REMIND-MAgPIE 3.5-4.11","Very Low - SSP2","Middle East (R10)","Capacity|Electricity|Oil","GW",1,56.18229220000001,,36.2767942,13.233033,0.0001,0.0001491,0.0001952,0.000234,0.0002581,0.000283,,0.0002827,,0.0001805,,0.0000776,,0
"REMIND-MAgPIE 3.5-4.11","Very Low - SSP2","Middle East (R10)","Capacity|Electricity|Solar|CSP","GW",1,0.962349999999999,,1.8215182,3.1465023,4.359418499999999,6.403326400000001,10.3310362,17.3828812,27.4003332,35.3462802,,41.14545810000001,,48.858358,,54.29226600000001,,72.16834839999999
"REMIND-MAgPIE 3.5-4.11","Very Low - SSP2","Middle East (R10)","Capacity|Electricity|Solar|PV","GW",1,10.8381,,61.10817990000001,266.2291753,829.5066070999999,1765.4566494,2939.6020609,4029.42742,4771.5854436,5799.349638600001,,6775.3497612,,8058.863978,,8917.0504902,,9637.595233099999
"REMIND-MAgPIE 3.5-4.11","Very Low - SSP2","Middle East (R10)","Capacity|Electricity|Wind|Offshore","GW",1,0,,0.00009,3.8971146,16.3841768,45.5815397,89.9464878,133.6360745,174.240326,230.1704571,,277.3945616,,289.4724752,,289.4724752,,289.4724752
"REMIND-MAgPIE 3.5-4.11","Very Low - SSP2","Middle East (R10)","Capacity|Electricity|Wind|Onshore","GW",1,3.814249999999999,,6.431500000000001,34.05448539999999,96.6680096,216.5327532,401.2303044999999,632.7165157999999,881.532343,1260.4883199,,1689.5652968,,2142.0291676,,2505.9021651,,2648.1779204
"REMIND-MAgPIE 3.5-4.11","Very Low - SSP2","North America (R10)","Capacity|Electricity|Biomass","GW",1,18.3942339,,17.670141,16.4745317,14.6009934,11.8042545,7.316641000000001,3.976889399999999,2.0215659,0.8620806000000001,,0.0003373,,0.0000631,,0,,0
"REMIND-MAgPIE 3.5-4.11","Very Low - SSP2","North America (R10)","Capacity|Electricity|Coal","GW",1,259.588421,,217.8087998,101.8376422,18.822455,2.8297841,2.6894349,2.4585373,2.1016988,1.5707218,,0.0787303,,0,,0,,0
"REMIND-MAgPIE 3.5-4.11","Very Low - SSP2","North America (R10)","Capacity|Electricity|Gas","GW",1,550.9803515000001,,532.933284,468.0022307,282.7120641,104.5184789,98.5608567,93.15824529999999,81.99471910000001,53.73016210000001,,4.279634400000001,,0.0002386,,0.000137,,0.0000894
"REMIND-MAgPIE 3.5-4.11","Very Low - SSP2","North America (R10)","Capacity|Electricity|Geothermal","GW",1,3.5882,,3.815,4.762526299999999,6.6572095,9.011801099999998,10.9245141,12.3692433,13.1749742,14.0773831,,14.0773831,,14.0773831,,14.0773831,,14.0773831
"REMIND-MAgPIE 3.5-4.11","Very Low - SSP2","North America (R10)","Capacity|Electricity|Hydro","GW",1,109.7390259,,112.9739282,114.1856551,114.2626,114.2626,114.2626,114.2626,114.2626,114.2626,,114.2626,,114.2626,,114.2626,,114.2626
"REMIND-MAgPIE 3.5-4.11","Very Low - SSP2","North America (R10)","Capacity|Electricity|Hydrogen","GW",1,0,,0,0.0002,49.4973867,228.1257227,265.4862094999999,301.0546081000001,322.2563628999999,368.0830139999999,,393.5967983999999,,396.6315316,,410.0959351999999,,409.0405933
"REMIND-MAgPIE 3.5-4.11","Very Low - SSP2","North America (R10)","Capacity|Electricity|Nuclear","GW",1,101.9425666,,88.9524509,73.3780216,55.61442109999999,37.92569930000001,22.6735614,12.4335122,6.5317702,2.9450186,,1.197469,,0.2833149,,0.0199295,,0
"REMIND-MAgPIE 3.5-4.11","Very Low - SSP2","North America (R10)","Capacity|Electricity|Oil","GW",1,24.7957899,,14.4866867,4.665786499999999,0.0001,0.0001491,0.0001952,0.000234,0.0002581,0.000283,,0.0002827,,0.0001805,,0.0000776,,0
"REMIND-MAgPIE 3.5-4.11","Very Low - SSP2","North America (R10)","Capacity|Electricity|Solar|CSP","GW",1,1.72725,,3.4291162,7.8185204,9.1531533,10.4413443,12.9247711,18.9770296,28.42034379999999,31.3232192,,29.5310995,,29.4187769,,29.9502903,,37.9668493
"REMIND-MAgPIE 3.5-4.11","Very Low - SSP2","North America (R10)","Capacity|Electricity|Solar|PV","GW",1,81.39495000000001,,264.9772316999999,752.9875233999999,1621.8943042,2413.2717241,2888.6900594,3062.5631707,3109.2524239,3207.879914500001,,3089.6175331,,3158.9920664,,3279.6149045,,3323.513197300001
"REMIND-MAgPIE 3.5-4.11","Very Low - SSP2","North America (R10)","Capacity|Electricity|Wind|Offshore","GW",1,0.0323,,1.896008,19.0187706,53.1446387,102.1240386,146.5274451,187.8868686,223.9920962,273.4905888999999,,325.3057094,,337.912636,,331.4859443999999,,330.1283481999999
"REMIND-MAgPIE 3.5-4.11","Very Low - SSP2","North America (R10)","Capacity|Electricity|Wind|Onshore","GW",1,124.0785,,192.5318548,312.1066462,550.2649564,838.2443805000001,1084.8245684,1248.5410046,1339.0188074,1459.3042207,,1379.2180164,,1310.9977446,,1320.6635486,,1268.0177539
"REMIND-MAgPIE 3.5-4.11","Very Low - SSP2","Other (R10)","Capacity|Electricity|Biomass","GW",1,3.5613012,,3.7224951,3.529,2.8525249,2.112955599999999,1.3778104,0.8038347,0.4197582,0.1746239,,0.0070816,,0.00003930000000000001,,0.0000342,,0.0000298
"REMIND-MAgPIE 3.5-4.11","Very Low - SSP2","Other (R10)","Capacity|Electricity|Coal","GW",1,28.8153,,12.7490804,1.1926259,0.9455085999999999,0.922547,0.8798915,0.8074134,0.693056799999999,0.5214394,,0.0336498,,0.0005192,,0.0002578,,0.0001362
"REMIND-MAgPIE 3.5-4.11","Very Low - SSP2","Other (R10)","Capacity|Electricity|Gas","GW",1,41.9454,,38.9367862,32.52597210000001,20.6479492,11.1129942,6.8021923,3.116543899999999,0.919384699999999,0.3172776,,0.0114986,,0.0001439,,0.0001192,,0.0000827
"REMIND-MAgPIE 3.5-4.11","Very Low - SSP2","Other (R10)","Capacity|Electricity|Geothermal","GW",1,1.3475007,,1.7864,2.1865906,2.4609515,2.6186903,2.6783449,2.6783449,2.6783449,2.730881,,2.730881,,2.730881,,2.730881,,2.730881
"REMIND-MAgPIE 3.5-4.11","Very Low - SSP2","Other (R10)","Capacity|Electricity|Hydro","GW",1,88.46142630000001,,93.18267589999999,105.5797798,126.2584,137.1106846,141.8018471,143.1991631,143.1991631,144.0842152,,144.0842152,,144.0842152,,144.0842152,,144.0842152
"REMIND-MAgPIE 3.5-4.11","Very Low - SSP2","Other (R10)","Capacity|Electricity|Hydrogen","GW",1,0,,0,0.0002,0.7164924999999991,13.7488958,24.7435233,31.1742119,33.4242157,35.47275550000001,,37.5646497,,42.39872980000001,,48.4488958,,48.8746482
"REMIND-MAgPIE 3.5-4.11","Very Low - SSP2","Other (R10)","Capacity|Electricity|Nuclear","GW",1,12.6018486,,11.2541743,9.6571907,7.824770599999999,5.969839100000002,4.3118018,3.0932154,2.2282052,1.4931529,,0.1669244,,0,,0,,0
"REMIND-MAgPIE 3.5-4.11","Very Low - SSP2","Other (R10)","Capacity|Electricity|Oil","GW",1,3.0688317,,1.7988071,0.5820285,0.0001,0.0001491,0.0001952,0.000234,0.0002581,0.000283,,0.0002827,,0.0001805,,0.0000776,,0
"REMIND-MAgPIE 3.5-4.11","Very Low - SSP2","Other (R10)","Capacity|Electricity|Solar|CSP","GW",1,0.00285,,0.00285,0.0259905,0.0317947,0.0370704,0.0416484,0.04469960000000001,0.0466741,0.0506211,,0.0541275,,0.057787,,0.061441,,0.06196589999999901
"REMIND-MAgPIE 3.5-4.11","Very Low - SSP2","Other (R10)","Capacity|Electricity|Solar|PV","GW",1,22.2547,,62.70936,151.692615,264.6586091,381.6038976,459.4685184999999,494.7211541999999,498.5843923,511.8742701,,517.6125351,,565.1910413,,629.8718356,,632.9552778999999
"REMIND-MAgPIE 3.5-4.11","Very Low - SSP2","Other (R10)","Capacity|Electricity|Wind|Offshore","GW",1,0,,0.332045299999999,2.2398773,6.999079400000001,15.4002003,26.8753841,39.7042717,52.2673045,70.33952090000001,,88.98558129999999,,99.5526953,,106.5585229,,108.7813328
"REMIND-MAgPIE 3.5-4.11","Very Low - SSP2","Other (R10)","Capacity|Electricity|Wind|Onshore","GW",1,22.73065,,32.53857880000001,32.21550490000001,32.1124747,31.61701170000001,33.567235,36.960856,42.13817150000001,56.70808590000001,,71.74063640000001,,80.25989849999999,,85.9080329,,87.7000738
"REMIND-MAgPIE 3.5-4.11","Very Low - SSP2","Pacific OECD (R10)","Capacity|Electricity|Biomass","GW",1,10.879846,,14.284789,15.2373932,13.0750121,10.7496811,8.331639000000001,6.0304073,3.9340356,2.1158573,,0.1542421,,0.0001483,,0.00005740000000000001,,0.0000297
"REMIND-MAgPIE 3.5-4.11","Very Low - SSP2","Pacific OECD (R10)","Capacity|Electricity|Coal","GW",1,43.6977,,40.28090520000001,31.4888071,13.8065267,0.9713264999999991,0.4262817,0.008408299999999001,0.0053906,0.0028407,,0.0004,,0.0000463,,0.0000421,,0.0000322
"REMIND-MAgPIE 3.5-4.11","Very Low - SSP2","Pacific OECD (R10)","Capacity|Electricity|Gas","GW",1,80.85904699999999,,84.88573469999999,87.2257839,68.7357141,46.8791426,36.0234142,35.0314651,32.713774,27.5296366,,10.6729204,,0.39366,,0.0001746,,0.000077
"REMIND-MAgPIE 3.5-4.11","Very Low - SSP2","Pacific OECD (R10)","Capacity|Electricity|Geothermal","GW",1,0.6256328,,0.7098,1.1483112,2.064448399999999,3.2957797,4.4550409,5.272324100000001,5.6754425,6.0435529,,6.0435529,,6.0435529,,6.0435529,,6.0435529
"REMIND-MAgPIE 3.5-4.11","Very Low - SSP2","Pacific OECD (R10)","Capacity|Electricity|Hydro","GW",1,30.9879676,,32.6869971,35.36426769999999,38.5256,40.6577791,41.5371614,41.67036530000001,41.67036530000001,41.71225,,41.71225,,41.71225,,41.71225,,41.71225
"REMIND-MAgPIE 3.5-4.11","Very Low - SSP2","Pacific OECD (R10)","Capacity|Electricity|Hydrogen","GW",1,0,,0,0.0002,2.3086263,12.5920727,21.7787805,28.3826681,32.15762649999999,39.4717156,,50.154351,,56.4091615,,52.2448603,,48.3236605
"REMIND-MAgPIE 3.5-4.11","Very Low - SSP2","Pacific OECD (R10)","Capacity|Electricity|Nuclear","GW",1,38.0812121,,33.13501720000001,28.0650023,23.2700079,19.4181262,16.7220233,15.6500325,15.7666811,17.4307144,,18.2734112,,17.3798958,,14.143241,,9.2536676
"REMIND-MAgPIE 3.5-4.11","Very Low - SSP2","Pacific OECD (R10)","Capacity|Electricity|Oil","GW",1,25.0760445,,14.6116614,4.6886452,0.0001,0.0001491,0.0001952,0.000234,0.0002581,0.000283,,0.0002827,,0.0001805,,0.0000776,,0
"REMIND-MAgPIE 3.5-4.11","Very Low - SSP2","Pacific OECD (R10)","Capacity|Electricity|Solar|CSP","GW",1,0,,0.00009,0.0005899000000000001,0.0010888,0.0015818,0.0020567,0.0024899,0.0028429,0.003308,,0.0033482,,0.0033377,,0.0033109,,0.0033852
"REMIND-MAgPIE 3.5-4.11","Very Low - SSP2","Pacific OECD (R10)","Capacity|Electricity|Solar|PV","GW",1,67.01110000000001,,99.04982690000001,190.4249887,348.3355003,493.729564,537.0859599,538.3724867999999,509.3505594,483.0152711,,403.7457663,,394.910813,,370.9840516,,347.1611468
"REMIND-MAgPIE 3.5-4.11","Very Low - SSP2","Pacific OECD (R10)","Capacity|Electricity|Wind|Offshore","GW",1,0.0882,,1.2011869,8.5771597,30.4834351,68.52133709999998,107.1264781,133.7569901,149.9075105,168.070645,,164.4820686,,150.1898961,,134.7334086,,119.3051953
"REMIND-MAgPIE 3.5-4.11","Very Low - SSP2","Pacific OECD (R10)","Capacity|Electricity|Wind|Onshore","GW",1,3.78005,,5.29435,8.731320899999996,19.7549599,39.1698428,59.6867719,73.4630368,81.68900169999999,91.58662670000001,,89.6311061,,81.84288199999999,,73.42018829999999,,65.01290209999999
"REMIND-MAgPIE 3.5-4.11","Very Low - SSP2","Reforming Economies (R10)","Capacity|Electricity|Biomass","GW",1,4.3450407,,7.152385799999998,9.118498899999999,8.0098155,6.789212500000001,5.496573300000001,4.1660682,2.8618068,1.672061,,0.1813587,,0.0000509,,0.0000208,,0.0000181
"REMIND-MAgPIE 3.5-4.11","Very Low - SSP2","Reforming Economies (R10)","Capacity|Electricity|Coal","GW",1,59.5584,,56.0837585,39.6850835,22.8450833,10.4419042,2.5764219,0.0045268,0.0023461,0.0008857,,0.0004,,0.0000531,,0.0000258,,0.0000203
"REMIND-MAgPIE 3.5-4.11","Very Low - SSP2","Reforming Economies (R10)","Capacity|Electricity|Gas","GW",1,157.6400745,,180.7818582,192.5665269,139.4889926,105.3569632,73.75100400000001,47.71393280000001,34.99039510000001,23.4171862,,4.7051914,,0.00005970000000000001,,0.00004110000000000001,,0.0000273
"REMIND-MAgPIE 3.5-4.11","Very Low - SSP2","Reforming Economies (R10)","Capacity|Electricity|Geothermal","GW",1,0.0949546,,0.1134,0.1869991,0.3271419,0.4989388,0.6558083,0.7650391999999999,0.8149054000000001,0.8580353000000001,,0.8580353000000001,,0.8580353000000001,,0.8580353000000001,,0.8580353000000001
"REMIND-MAgPIE 3.5-4.11","Very Low - SSP2","Reforming Economies (R10)","Capacity|Electricity|Hydro","GW",1,76.89038049999999,,81.58577059999999,88.39169030000001,97.60834289999998,107.6984757,116.3815813,122.5756161,126.283502,131.4896802,,131.4896802,,131.4896802,,131.4896802,,131.4896802
"REMIND-MAgPIE 3.5-4.11","Very Low - SSP2","Reforming Economies (R10)","Capacity|Electricity|Hydrogen","GW",1,0,,0,0.0002,0.0002,0.0002,42.99412210000001,78.30505879999998,100.6246033,125.9419235,,154.9080822,,189.4615601,,222.5902813,,252.2583822
"REMIND-MAgPIE 3.5-4.11","Very Low - SSP2","Reforming Economies (R10)","Capacity|Electricity|Nuclear","GW",1,42.4369819,,40.9676178,37.9006177,33.59247300000001,28.7384748,24.0812711,20.4528307,17.6950256,15.1042451,,9.4080169,,3.0685677,,0.741271,,0.07495539999999999
"REMIND-MAgPIE 3.5-4.11","Very Low - SSP2","Reforming Economies (R10)","Capacity|Electricity|Oil","GW",1,0.7419386,,0.4495695,0.152067,0.0001,0.0001491,0.0001952,0.000234,0.0002581,0.000283,,0.0002827,,0.0001805,,0.0000776,,0
"REMIND-MAgPIE 3.5-4.11","Very Low - SSP2","Reforming Economies (R10)","Capacity|Electricity|Solar|CSP","GW",1,0.341243999999999,,1.3653765,3.53791,4.2843492,5.2029678,6.917180399999999,10.2197506,15.1955199,17.2001639,,18.7871462,,21.7092131,,24.9526754,,33.0828728
"REMIND-MAgPIE 3.5-4.11","Very Low - SSP2","Reforming Economies (R10)","Capacity|Electricity|Solar|PV","GW",1,8.61555,,33.6534567,150.1157885,454.7693202,857.2488244,1198.0481689,1394.4242497,1480.621117,1584.6012215,,1650.5291916,,1956.9989075,,2278.1219767,,2592.325022500001
"REMIND-MAgPIE 3.5-4.11","Very Low - SSP2","Reforming Economies (R10)","Capacity|Electricity|Wind|Offshore","GW",1,0,,0.00008,2.2596778,9.7745246,25.9437513,47.79633120000001,69.1475738,87.5568654,114.6613933,,155.4327562,,198.9210473000001,,232.3277431,,258.4968241999999
"REMIND-MAgPIE 3.5-4.11","Very Low - SSP2","Reforming Economies (R10)","Capacity|Electricity|Wind|Onshore","GW",1,3.1426,,5.7030364,16.4258641,52.1094011,128.8139357,232.0692685,332.4105066,412.9936111,516.7718336000001,,595.2842027,,665.2301957999999,,766.2479167999999,,828.7598942000001
"REMIND-MAgPIE 3.5-4.11","Very Low - SSP2","Rest of Asia (R10)","Capacity|Electricity|Biomass","GW",1,10.7406,,9.567412800000001,8.744899999999998,7.2501521,5.6776212,4.068532199999999,2.5233821,1.1899511,0.3103639,,0.0003,,0.000053,,0.0000256,,0.0000203
"REMIND-MAgPIE 3.5-4.11","Very Low - SSP2","Rest of Asia (R10)","Capacity|Electricity|Coal","GW",1,124.6203,,129.5722787,114.3012522,54.36199939999999,0.621769,0.1643312,0.0052069,0.004074299999999,0.0028019,,0.0004,,0.0000531,,0.0000258,,0.0000203
"REMIND-MAgPIE 3.5-4.11","Very Low - SSP2","Rest of Asia (R10)","Capacity|Electricity|Gas","GW",1,191.5124865,,222.9365698,260.9201062999999,290.3335023999999,296.083434,227.8466883,218.1522826,203.4542628,152.9387427,,40.8363786,,0.2329038,,0.0000483,,0.00003
"REMIND-MAgPIE 3.5-4.11","Very Low - SSP2","Rest of Asia (R10)","Capacity|Electricity|Geothermal","GW",1,5.442515599999999,,6.4988,8.1438872,10.33447,13.0345568,16.1867871,19.4080995,22.2558457,26.5952067,,28.336454,,28.336454,,28.336454,,28.336454
"REMIND-MAgPIE 3.5-4.11","Very Low - SSP2","Rest of Asia (R10)","Capacity|Electricity|Hydro","GW",1,76.94664190000002,,105.4722535,123.9645751,132.8551757,136.3862078000001,137.324467,137.324467,137.324467,137.324467,,137.324467,,137.324467,,137.324467,,137.324467
"REMIND-MAgPIE 3.5-4.11","Very Low - SSP2","Rest of Asia (R10)","Capacity|Electricity|Hydrogen","GW",1,0,,0,0.0002,0.0002,44.718204,192.0517606,306.2082892,398.6685368999999,568.6283333000001,,799.3056360999999,,987.4694327999999,,1093.8386135,,1161.7824401
"REMIND-MAgPIE 3.5-4.11","Very Low - SSP2","Rest of Asia (R10)","Capacity|Electricity|Nuclear","GW",1,26.6284065,,29.2958191,30.8862674,31.1969332,30.2029561,28.3274666,26.3415064,24.4842665,22.5473988,,17.515236,,9.540731899999999,,3.470195,,0.6132907
"REMIND-MAgPIE 3.5-4.11","Very Low - SSP2","Rest of Asia (R10)","Capacity|Electricity|Oil","GW",1,29.1944716,,19.0714568,7.0464809,0.0001,0.0001491,0.0001952,0.000234,0.0002581,0.000283,,0.0002827,,0.0001805,,0.0000776,,0
"REMIND-MAgPIE 3.5-4.11","Very Low - SSP2","Rest of Asia (R10)","Capacity|Electricity|Solar|CSP","GW",1,0.004750000000000001,,0.004750000000000001,0.1067681,0.1475235,0.2074211,0.289369,0.3733735,0.4448284,0.5456679999999999,,0.6409359,,0.7233834999999991,,0.7725276,,0.7964421999999991
"REMIND-MAgPIE 3.5-4.11","Very Low - SSP2","Rest of Asia (R10)","Capacity|Electricity|Solar|PV","GW",1,36.38039999999999,,158.0778479,578.2136911,1448.2615006,2699.0098185,4010.5270845,5079.476394199999,5880.1842855,7058.6005837,,8200.093993199998,,9627.6711432,,10666.8769022,,11312.6858564
"REMIND-MAgPIE 3.5-4.11","Very Low - SSP2","Rest of Asia (R10)","Capacity|Electricity|Wind|Offshore","GW",1,0.597449999999999,,3.3850158,19.3684162,62.59576970000001,149.0893681,274.4258421,422.0124665,569.0492826,789.8723887,,998.7709302000002,,1106.8656983,,1148.0023686,,1141.2859823
"REMIND-MAgPIE 3.5-4.11","Very Low - SSP2","Rest of Asia (R10)","Capacity|Electricity|Wind|Onshore","GW",1,7.26915,,24.81498570000001,58.9356654,151.121422,335.23409,601.2592682999999,913.3394569999999,1223.9980611,1698.9781058,,2148.3089769,,2380.815704500001,,2469.2987344,,2454.852105500001
"REMIND-MAgPIE 3.5-4.11","Very Low - SSP2","World","Capacity|Electricity|Biomass","GW",1,124.1078217,,128.1842263,131.1695788,108.8949258,84.56274379999999,58.7578852,36.531145,19.3425119,8.316680100000001,,0.3660922,,0.0007116000000000002,,0.0004012,,0.0003094
"REMIND-MAgPIE 3.5-4.11","Very Low - SSP2","World","Capacity|Electricity|Coal","GW",1,2044.3096208,,2026.9697505,1526.9394343,695.7364459,127.4323376,29.3508959,4.8094172,4.123106499999999,3.1099908,,0.243517,,0.0014073,,0.0009130000000000001,,0.0006131
"REMIND-MAgPIE 3.5-4.11","Very Low - SSP2","World","Capacity|Electricity|Gas","GW",1,1984.9548159,,2148.3620825,2131.533319000001,1920.8746581,1751.1241568,1465.0209389,1250.5463017,1072.4049587,759.2765277999999,,176.9026779,,3.9443606,,0.008690699999999,,0.0007192
"REMIND-MAgPIE 3.5-4.11","Very Low - SSP2","World","Capacity|Electricity|Geothermal","GW",1,17.29866,,20.6150285,26.1929594,33.5549786,41.6595787,49.1507612,55.35488799999999,59.6929476,66.0000691,,67.74131640000002,,67.74131640000002,,67.74131640000002,,67.74131640000002
"REMIND-MAgPIE 3.5-4.11","Very Low - SSP2","World","Capacity|Electricity|Hydro","GW",1,1267.3466636,,1409.8928042,1541.4960045,1673.9018004,1740.253648,1776.3799356,1796.0935081,1806.155956,1822.9268638,,1825.081435,,1825.081435,,1825.081435,,1825.081435
"REMIND-MAgPIE 3.5-4.11","Very Low - SSP2","World","Capacity|Electricity|Hydrogen","GW",1,0,,0,0.0024,80.15867979999999,822.2533356000001,1647.283917,2415.0891781,2995.6473495,3896.0089488,,4930.370688,,5741.796710799999,,6242.2201955,,6647.8719333
"REMIND-MAgPIE 3.5-4.11","Very Low - SSP2","World","Capacity|Electricity|Nuclear","GW",1,412.9798725,,400.7240476,379.7649898,351.2198213,317.1907745,282.1737412,255.0488719,235.0170375,219.3965634,,177.9459978,,126.6050209,,93.6445389,,85.19191370000001
"REMIND-MAgPIE 3.5-4.11","Very Low - SSP2","World","Capacity|Electricity|Oil","GW",1,229.5826915,,143.4574664,50.3886513,0.0012,0.001789,0.0023423,0.0028077,0.0030971,0.0033965,,0.0033922,,0.0021661,,0.0009310999999999998,,0
"REMIND-MAgPIE 3.5-4.11","Very Low - SSP2","World","Capacity|Electricity|Solar|CSP","GW",1,6.534543999999999,,12.8164525,27.2009467,33.9677405,43.3005742,61.62273170000001,98.72374839999999,155.4305761,189.4926292,,214.785416,,249.2501311,,279.9632371999999,,367.2979708
"REMIND-MAgPIE 3.5-4.11","Very Low - SSP2","World","Capacity|Electricity|Solar|PV","GW",1,759.3656499999998,,2444.0880196,6113.309126900001,12441.6659067,20040.0147702,26915.7441068,32037.6987783,35505.1770233,40548.45225100001,,45946.4061493,,53630.13778149999,,59518.0713223,,64876.3156105
"REMIND-MAgPIE 3.5-4.11","Very Low - SSP2","World","Capacity|Electricity|Wind|Offshore","GW",1,42.63795,,105.4577064,247.6066819,519.6401122,939.9375749,1433.0515104,1922.7596466,2382.6363331,3082.9473074,,3826.1027941,,4254.0531724,,4399.5249582,,4463.223361400001
"REMIND-MAgPIE 3.5-4.11","Very Low - SSP2","World","Capacity|Electricity|Wind|Onshore","GW",1,683.3241907999999,,1155.1462166,1940.2537686,3384.7691239,5415.6049897,7683.974149899999,9797.115888100001,11593.2707122,14231.5710784,,15937.5955276,,17162.0803502,,18446.4219416,,18763.7655329
"REMIND-MAgPIE 3.5-4.11","High - SSP3","Africa (R10)","Capacity|Electricity|Biomass","GW",1,1.377,,1.2718661,1.2386893,1.1775637,1.0048935,0.7521186,0.503907099999999,0.3073646,0.1176189,,0.0005174000000000001,,0.0003838,,0.0002573,,0.0001548
"REMIND-MAgPIE 3.5-4.11","High - SSP3","Africa (R10)","Capacity|Electricity|Coal","GW",1,39.1032,,34.4884556,30.026673,26.5242027,24.6881549,25.3862686,29.8607068,40.53291230000001,62.2214826,,103.1745237,,157.7951563,,180.869795,,172.4823756
"REMIND-MAgPIE 3.5-4.11","High - SSP3","Africa (R10)","Capacity|Electricity|Gas","GW",1,27.799935,,46.0014724,71.43759610000001,112.2875839,159.3907772,198.5722534,225.4272683,230.4112337,224.7006746,,198.179459,,179.3043374,,176.8774,,202.8625799
"REMIND-MAgPIE 3.5-4.11","High - SSP3","Africa (R10)","Capacity|Electricity|Geothermal","GW",1,0.6725647999999991,,0.8971676999999991,1.1659975,1.5326868,2.0439531,2.7373828,3.640747,4.756155799999999,6.732624100000001,,9.270496300000001,,10.8560118,,10.8560118,,10.8560118
"REMIND-MAgPIE 3.5-4.11","High - SSP3","Africa (R10)","Capacity|Electricity|Hydro","GW",1,25.7518871,,30.3566355,36.34082939999999,45.0833432,57.4208913,73.7358653,93.9709684,117.2364866,154.1743161,,199.4618666,,238.6035675,,261.4673321999999,,268.5850927
"REMIND-MAgPIE 3.5-4.11","High - SSP3","Africa (R10)","Capacity|Electricity|Hydrogen","GW",1,0,,0,0.0002,0.0002,0.0002,0.0002,0.0002,0.0002,0.0002,,0.0002,,0.0002,,0.0002,,0.0002
"REMIND-MAgPIE 3.5-4.11","High - SSP3","Africa (R10)","Capacity|Electricity|Nuclear","GW",1,1.7442,,1.7484116,1.3391202,1.1667115,1.0180954,0.8627623,0.6709086,0.4243742,0.1874543,,0.0876316,,0,,0,,0
"REMIND-MAgPIE 3.5-4.11","High - SSP3","Africa (R10)","Capacity|Electricity|Oil","GW",1,2.8002376,,1.7513314,0.6158468,0.0001,0.0001491,0.0001952,0.000234,0.0002581,0.0002831000000000002,,0.0002827,,0.0001805,,0.0000776,,0
"REMIND-MAgPIE 3.5-4.11","High - SSP3","Africa (R10)","Capacity|Electricity|Solar|CSP","GW",1,0.456,,0.699409899999999,1.0319807,1.42819,1.9434592,2.8895298,4.797945599999999,7.724845499999999,9.962953800000001,,12.8742504,,17.3930357,,21.1857336,,27.6679527
"REMIND-MAgPIE 3.5-4.11","High - SSP3","Africa (R10)","Capacity|Electricity|Solar|PV","GW",1,5.48205,,25.5131674,56.46825130000001,103.027722,167.3993988,249.0746759,349.4423829,464.5551101,652.4795282,,958.3506417999998,,1465.6759481,,1876.9402533,,2246.282641399999
"REMIND-MAgPIE 3.5-4.11","High - SSP3","Africa (R10)","Capacity|Electricity|Wind|Offshore","GW",1,0,,0.3310086,1.2485895,2.639917,4.724231499999999,7.734487,11.8065185,17.2615397,28.5045967,,56.8849327,,105.4385159,,166.3276582,,216.5843162
"REMIND-MAgPIE 3.5-4.11","High - SSP3","Africa (R10)","Capacity|Electricity|Wind|Onshore","GW",1,3.58155,,9.493482600000002,16.8272644,27.7442154,43.7718116,66.78152530000001,98.0319521,138.6612251,212.7669127,,342.4220538999999,,537.3096243999998,,732.6435302000001,,795.8100694999999
"REMIND-MAgPIE 3.5-4.11","High - SSP3","China+ (R10)","Capacity|Electricity|Biomass","GW",1,12.2796,,11.8764386,11.6426379,9.981331299999999,8.1838663,6.271662100000002,4.3515729,2.5843369,1.1273921,,0.0003,,0.0000776,,0.0000648,,0.0000483
"REMIND-MAgPIE 3.5-4.11","High - SSP3","China+ (R10)","Capacity|Electricity|Coal","GW",1,1078.8081404,,1164.0203239,1094.5771288,1102.7314184,1123.6229908,1153.728023,1178.090884,1186.8232168,1136.4899785,,1121.9886318,,1144.2809621,,1049.2049918,,887.5430496
"REMIND-MAgPIE 3.5-4.11","High - SSP3","China+ (R10)","Capacity|Electricity|Gas","GW",1,131.371,,182.2588688,193.4608843,208.6942869,215.7828628,214.1735496,212.4574512,208.1932956,208.0630469,,183.0380902,,162.5075201,,143.0929796,,128.0398312
"REMIND-MAgPIE 3.5-4.11","High - SSP3","China+ (R10)","Capacity|Electricity|Geothermal","GW",1,0.0385698,,0.0462,0.171982,0.3057647,0.3730588,0.3730588,0.3730588,0.3730588,0.3730588,,0.3730588,,0.3730588,,0.3730588,,0.3730588
"REMIND-MAgPIE 3.5-4.11","High - SSP3","China+ (R10)","Capacity|Electricity|Hydro","GW",1,352.4729753,,413.5979123999999,450.4861326999999,470.2940346,480.2299312,484.5103209,485.8329391999999,485.8329391999999,487.1508811000001,,487.1508811000001,,487.1508811000001,,487.1508811000001,,487.1508811000001
"REMIND-MAgPIE 3.5-4.11","High - SSP3","China+ (R10)","Capacity|Electricity|Hydrogen","GW",1,0,,0,0.0002,0.0002,0.0002057,0.0002,0.0002,0.0002,0.0002,,0.0002,,0.0002,,0.0002,,0.0002
"REMIND-MAgPIE 3.5-4.11","High - SSP3","China+ (R10)","Capacity|Electricity|Nuclear","GW",1,48.9869612,,68.98396960000002,82.36388629999999,91.2556215,93.9410787,92.06502420000001,86.34463070000001,76.79725770000002,63.11843810000001,,30.7873727,,7.568089899999999,,0.7581591999999999,,0
"REMIND-MAgPIE 3.5-4.11","High - SSP3","China+ (R10)","Capacity|Electricity|Oil","GW",1,15.8180276,,10.7677317,4.1528277,0.0001,0.0001491,0.0001952,0.000234,0.0002581,0.0002831000000000002,,0.0002827,,0.0001805,,0.0000776,,0
"REMIND-MAgPIE 3.5-4.11","High - SSP3","China+ (R10)","Capacity|Electricity|Solar|CSP","GW",1,0.4237,,0.931,0.9268542999999999,0.9099807,0.8643094000000001,0.7667042000000001,0.586962199999999,0.5027197999999999,0.5016254,,0.4684319,,0.4401374,,0.408212,,0.3828217
"REMIND-MAgPIE 3.5-4.11","High - SSP3","China+ (R10)","Capacity|Electricity|Solar|PV","GW",1,286.1166,,1056.2523786,1477.0197187,1712.4328236,1866.8644611,1954.1147495,1989.8278423,1925.6350294,1908.4425,,1620.3179926,,1426.2945105,,1342.2219406,,1424.1277055
"REMIND-MAgPIE 3.5-4.11","High - SSP3","China+ (R10)","Capacity|Electricity|Wind|Offshore","GW",1,16.30335,,42.02135000000001,59.42534930000001,72.8104372,81.85222990000001,84.88958109999999,80.66540379999999,73.0210007,73.40273079999999,,60.3630561,,43.79572200000001,,38.70613240000001,,44.009651
"REMIND-MAgPIE 3.5-4.11","High - SSP3","China+ (R10)","Capacity|Electricity|Wind|Onshore","GW",1,251.6439817,,473.499831,626.0780723000001,727.7206682,770.8665295999998,780.9541576999999,755.8510207999998,691.6756731,695.2915287,,571.776024,,414.8455266,,366.6354873,,416.8719227
"REMIND-MAgPIE 3.5-4.11","High - SSP3","Europe (R10)","Capacity|Electricity|Biomass","GW",1,33.4926,,34.91887250000001,33.3456978,29.0595498,24.0849103,18.5574276,13.3155245,8.8261727,4.1612324,,0.4540735,,0.0004399999999999999,,0.0001868,,0.000124
"REMIND-MAgPIE 3.5-4.11","High - SSP3","Europe (R10)","Capacity|Electricity|Coal","GW",1,137.7351,,49.2386388,32.7758601,42.1644861,67.2865701,105.8976809,151.0566265,193.8975031,250.4350541,,308.2774102,,341.1952545,,320.5613073,,268.2656467
"REMIND-MAgPIE 3.5-4.11","High - SSP3","Europe (R10)","Capacity|Electricity|Gas","GW",1,293.0262269,,289.1104527,183.8650314,194.9949367,197.0690084,186.3319818,165.8033306,141.9287868,123.0809667,,115.3255547,,105.3418054,,100.2121471,,102.2897128
"REMIND-MAgPIE 3.5-4.11","High - SSP3","Europe (R10)","Capacity|Electricity|Geothermal","GW",1,2.9686756,,3.9568328,5.9339434,9.116829300000001,13.4123919,18.4374076,23.6956186,28.7100286,36.2669785,,42.3746459,,45.7370118,,45.7370118,,45.7370118
"REMIND-MAgPIE 3.5-4.11","High - SSP3","Europe (R10)","Capacity|Electricity|Hydro","GW",1,220.1095889,,232.7643075,238.6775353,240.0232724,240.0232724,240.0232724,240.0232724,240.0232724,241.9880987,,241.9880987,,241.9880987,,241.9880987,,241.9880987
"REMIND-MAgPIE 3.5-4.11","High - SSP3","Europe (R10)","Capacity|Electricity|Hydrogen","GW",1,0,,0,0.0004,0.0004,0.0004,0.0004,0.0004,0.0004,0.0004,,0.0004,,0.0004,,0.0004,,0.0004
"REMIND-MAgPIE 3.5-4.11","High - SSP3","Europe (R10)","Capacity|Electricity|Nuclear","GW",1,124.8468993,,108.3841297,43.3278922,25.5881739,14.3657679,7.910521500000002,4.3169324,3.541557799999999,3.1994752,,1.9989938,,0.2596506,,0,,0
"REMIND-MAgPIE 3.5-4.11","High - SSP3","Europe (R10)","Capacity|Electricity|Oil","GW",1,28.3264211,,16.7362377,5.474174700000001,0.0002,0.0002982,0.0003904,0.000468,0.0005162,0.0005661000000000003,,0.0005654,,0.000361,,0.0001552,,0
"REMIND-MAgPIE 3.5-4.11","High - SSP3","Europe (R10)","Capacity|Electricity|Solar|CSP","GW",1,2.1964,,2.1964,2.124911999999999,1.9085253,1.5023811,0.8183933,0.2079482,0.1995093,0.2063767,,0.2025098,,0.2035188,,0.207792199999999,,0.210585
"REMIND-MAgPIE 3.5-4.11","High - SSP3","Europe (R10)","Capacity|Electricity|Solar|PV","GW",1,171.0487,,368.388957,640.1125427,788.6845142000001,854.1828144,868.5155512000001,845.1709802999998,787.8511665000001,729.191398,,621.8408566,,631.6952594,,684.9814983999999,,755.5212501999999
"REMIND-MAgPIE 3.5-4.11","High - SSP3","Europe (R10)","Capacity|Electricity|Wind|Offshore","GW",1,25.61665,,54.5004604,89.8381656,120.4583679,140.6195801,148.065105,148.4762599,140.810098,138.2799737,,118.0606834,,108.7161227,,122.4647757,,141.1481379
"REMIND-MAgPIE 3.5-4.11","High - SSP3","Europe (R10)","Capacity|Electricity|Wind|Onshore","GW",1,190.3723591,,276.1596521,382.8667275999999,464.8116775,501.9061566,513.9064681999998,511.2708578,486.1737545999999,475.0724012999999,,401.9016459,,366.9547529999999,,412.6246030999999,,477.3421771
"REMIND-MAgPIE 3.5-4.11","High - SSP3","India+ (R10)","Capacity|Electricity|Biomass","GW",1,9.2106,,8.118648899999998,6.978224300000001,5.773968500000001,4.5070941,3.2157971,1.994432,0.9670211,0.2575205,,0.0003172,,0.000237,,0.00009080000000000003,,0.000058
"REMIND-MAgPIE 3.5-4.11","High - SSP3","India+ (R10)","Capacity|Electricity|Coal","GW",1,247.6141594,,303.1344567,349.3022105,389.3770232,411.4802369999999,421.8471136,428.8662609,437.4079894,473.4816086,,501.0128036,,550.9039974,,573.7239183,,559.2692012
"REMIND-MAgPIE 3.5-4.11","High - SSP3","India+ (R10)","Capacity|Electricity|Gas","GW",1,35.3031077,,43.9134526,56.5450431,70.34156510000001,78.5183269,80.8943013,88.77899749999999,97.3171311,113.1889798,,123.7694348,,136.7360756,,143.9005945,,147.3716364
"REMIND-MAgPIE 3.5-4.11","High - SSP3","India+ (R10)","Capacity|Electricity|Geothermal","GW",1,0.0238568,,0.051452,0.1037886,0.175086,0.2518857,0.3185461,0.3616166,0.3730588,0.3730588,,0.3730588,,0.3730588,,0.3730588,,0.3730588
"REMIND-MAgPIE 3.5-4.11","High - SSP3","India+ (R10)","Capacity|Electricity|Hydro","GW",1,52.4028656,,55.56130090000001,58.8591985,62.5434509,66.68723360000001,71.1510572,75.79008340000001,80.39020340000002,87.72947129999999,,92.73998040000001,,94.40522000000001,,94.40522000000001,,94.40522000000001
"REMIND-MAgPIE 3.5-4.11","High - SSP3","India+ (R10)","Capacity|Electricity|Hydrogen","GW",1,0,,0,0.0002002,0.0002,0.0002,0.0002,0.0002,0.0002,0.0002,,0.0002,,0.0002,,0.0002,,0.0002
"REMIND-MAgPIE 3.5-4.11","High - SSP3","India+ (R10)","Capacity|Electricity|Nuclear","GW",1,8.0428961,,10.1861452,10.9673436,11.6402215,11.663841,11.1686014,10.2246967,8.8141482,6.915642900000001,,2.951705399999999,,0.6314212,,0.0334947,,0
"REMIND-MAgPIE 3.5-4.11","High - SSP3","India+ (R10)","Capacity|Electricity|Oil","GW",1,4.6963619,,3.0842381,1.1461457,0.0001,0.0001491,0.0001952,0.000234,0.0002581,0.0002831000000000002,,0.0002827,,0.0001805,,0.0000776,,0
"REMIND-MAgPIE 3.5-4.11","High - SSP3","India+ (R10)","Capacity|Electricity|Solar|CSP","GW",1,0.357,,1.4933903,4.963711,6.0114509,6.95607,8.818111099999998,12.6988996,18.7379478,21.83766140000001,,23.08371379999999,,25.1062879,,26.2752155,,31.1849933
"REMIND-MAgPIE 3.5-4.11","High - SSP3","India+ (R10)","Capacity|Electricity|Solar|PV","GW",1,44.982,,206.2840995,438.9877968999999,688.9640597999999,889.1082547999999,1049.563067,1183.8845778,1300.2004284,1506.129397,,1594.9609804,,1740.0507641,,1850.7598809,,2016.480108
"REMIND-MAgPIE 3.5-4.11","High - SSP3","India+ (R10)","Capacity|Electricity|Wind|Offshore","GW",1,0,,0.9975640999999991,5.1859624,11.4120566,18.6516187,26.0057612,32.4800282,37.440262,43.56552800000001,,43.64533170000001,,43.2199268,,43.56552800000001,,44.3345661
"REMIND-MAgPIE 3.5-4.11","High - SSP3","India+ (R10)","Capacity|Electricity|Wind|Onshore","GW",1,40.6035,,76.9286452,122.5499592,188.4157493,260.4757786999999,330.95356,390.6488607000001,435.8824722,507.1933008,,508.1223809,,503.1697844,,507.1933008,,516.1465023
"REMIND-MAgPIE 3.5-4.11","High - SSP3","Latin America (R10)","Capacity|Electricity|Biomass","GW",1,19.48859999999999,,19.2712504,18.7459,17.7786612,16.1514941,13.6970541,10.5172037,6.702873100000001,2.4891645,,0.007029100000000001,,0.0005275000000000001,,0.0003256000000000001,,0.0001963
"REMIND-MAgPIE 3.5-4.11","High - SSP3","Latin America (R10)","Capacity|Electricity|Coal","GW",1,16.3071,,15.3040012,16.4213321,22.4792397,33.85528649999999,49.34768409999999,65.87839049999998,78.9838987,93.6296647,,96.00977759999999,,80.0755105,,51.42059020000001,,22.672105
"REMIND-MAgPIE 3.5-4.11","High - SSP3","Latin America (R10)","Capacity|Electricity|Gas","GW",1,102.3606,,99.66531769999999,96.58020960000002,97.21461860000002,104.2209825,109.3942336,108.3055471,101.4384351,98.6677879,,90.68861779999999,,81.4173588,,79.9517268,,88.26200940000001
"REMIND-MAgPIE 3.5-4.11","High - SSP3","Latin America (R10)","Capacity|Electricity|Geothermal","GW",1,2.375946299999999,,2.5508,2.9036672,3.5754319,4.801098000000001,6.767738799999999,9.2792064,11.9758581,16.150189,,19.7900568,,20.6674588,,20.6674588,,20.6674588
"REMIND-MAgPIE 3.5-4.11","High - SSP3","Latin America (R10)","Capacity|Electricity|Hydro","GW",1,211.7261091,,226.5998085,240.8822808,255.5151241,271.1422356,287.2752033,303.5625943,320.2577146,349.907424,,385.7058117,,421.562827,,450.076581,,467.379273
"REMIND-MAgPIE 3.5-4.11","High - SSP3","Latin America (R10)","Capacity|Electricity|Hydrogen","GW",1,0,,0,0.0002,0.0002,0.0002029,0.0002,0.0002,0.0002,0.0002,,0.0002,,0.0002,,0.0002,,0.0002
"REMIND-MAgPIE 3.5-4.11","High - SSP3","Latin America (R10)","Capacity|Electricity|Nuclear","GW",1,5.528611199999999,,5.335185299999999,3.8513587,3.357822399999999,2.9478783,2.5889239,2.1929125,1.7175878,1.1302065,,0.2983263,,0.0153034,,0,,0
"REMIND-MAgPIE 3.5-4.11","High - SSP3","Latin America (R10)","Capacity|Electricity|Oil","GW",1,38.8822747,,24.4229518,8.6316148,0.0001,0.0001491,0.0001952,0.000234,0.0002581,0.0002831000000000002,,0.0002827,,0.0001805,,0.0000776,,0
"REMIND-MAgPIE 3.5-4.11","High - SSP3","Latin America (R10)","Capacity|Electricity|Solar|CSP","GW",1,0.063,,0.8725514999999999,2.8167447,3.2186995,3.6981889,4.7272391,6.9272953,10.0688522,11.4564178,,12.4070039,,13.3968264,,14.1966317,,16.5733118
"REMIND-MAgPIE 3.5-4.11","High - SSP3","Latin America (R10)","Capacity|Electricity|Solar|PV","GW",1,25.2415,,108.0735138,213.8955673,322.391821,420.4943905,510.4058333,583.3438473,630.3972863999999,706.2211189999999,,769.2258079000001,,875.9784629000001,,953.9460420999999,,1011.7246105
"REMIND-MAgPIE 3.5-4.11","High - SSP3","Latin America (R10)","Capacity|Electricity|Wind|Offshore","GW",1,0,,0.7928972,3.753844,8.237982399999998,14.5715946,22.5767568,31.4758835,40.2332004,53.2769675,,68.6646561,,86.2237979,,106.1528702,,124.666336
"REMIND-MAgPIE 3.5-4.11","High - SSP3","Latin America (R10)","Capacity|Electricity|Wind|Onshore","GW",1,32.30759999999999,,51.7503,61.1702595,73.713547,88.60848149999998,106.9727057,127.1085816,151.9741838,201.2448322,,259.3692515,,325.6959723,,400.9747088999999,,426.0551116
"REMIND-MAgPIE 3.5-4.11","High - SSP3","Middle East (R10)","Capacity|Electricity|Biomass","GW",1,0.3384,,0.3299261,0.3184762,0.3013717,0.2480606,0.2137865,0.165427,0.0875794,0.0241382,,0.0003849,,0.0001174,,0.0000919,,0.00006110000000000001
"REMIND-MAgPIE 3.5-4.11","High - SSP3","Middle East (R10)","Capacity|Electricity|Coal","GW",1,8.4618,,4.289051700000001,4.682736499999999,7.037930299999999,12.474775,21.9927516,36.34532220000001,55.6047954,88.1239274,,145.7562628,,210.1314263,,247.1388096,,230.2873319
"REMIND-MAgPIE 3.5-4.11","High - SSP3","Middle East (R10)","Capacity|Electricity|Gas","GW",1,372.1565868,,426.9382853999999,484.7836928,559.1171189999999,635.6026731,694.9569175999999,730.9572583999998,728.1733861000001,725.684515,,629.8444245,,455.7452618,,325.075984,,271.1428543000001
"REMIND-MAgPIE 3.5-4.11","High - SSP3","Middle East (R10)","Capacity|Electricity|Geothermal","GW",1,0.1202432,,0.189176,0.2531412,0.3106302,0.3532822,0.3730588,0.3730588,0.3730588,0.3730588,,0.3730588,,0.3730588,,0.3730588,,0.3730588
"REMIND-MAgPIE 3.5-4.11","High - SSP3","Middle East (R10)","Capacity|Electricity|Hydro","GW",1,21.8577953,,25.1112142,25.7849162,25.7849162,25.7849162,25.7849162,25.7849162,25.7849162,25.7849162,,25.7849162,,25.7849162,,25.7849162,,25.7849162
"REMIND-MAgPIE 3.5-4.11","High - SSP3","Middle East (R10)","Capacity|Electricity|Hydrogen","GW",1,0,,0,0.0002,0.0002016,0.0002,0.0002,0.0002,0.0002,0.0002,,0.0002,,0.0002,,0.0002,,0.0002
"REMIND-MAgPIE 3.5-4.11","High - SSP3","Middle East (R10)","Capacity|Electricity|Nuclear","GW",1,2.1392891,,2.481127,2.5309233,2.4946192,2.4171702,2.2738513,2.0338195,1.6601138,1.1311227,,0.1213006,,0,,0,,0
"REMIND-MAgPIE 3.5-4.11","High - SSP3","Middle East (R10)","Capacity|Electricity|Oil","GW",1,56.18229220000001,,36.2767942,13.233033,0.0001,0.0001491,0.0001952,0.000234,0.0002581,0.0002831000000000002,,0.0002827,,0.0001805,,0.0000776,,0
"REMIND-MAgPIE 3.5-4.11","High - SSP3","Middle East (R10)","Capacity|Electricity|Solar|CSP","GW",1,0.962349999999999,,1.8215182,3.1163517,3.7044101,4.376625100000001,5.693096199999999,8.4053051,12.5215382,14.8998828,,16.9295139,,18.8990855,,20.6187477,,25.96664079999999
"REMIND-MAgPIE 3.5-4.11","High - SSP3","Middle East (R10)","Capacity|Electricity|Solar|PV","GW",1,10.8381,,61.10817990000001,142.8343102,247.7618242,371.9738308999999,511.5404603000001,664.8651594999999,833.0094260999999,1114.118987,,1520.0733302,,1928.6078962,,2238.6797869,,2501.331712700001
"REMIND-MAgPIE 3.5-4.11","High - SSP3","Middle East (R10)","Capacity|Electricity|Wind|Offshore","GW",1,0,,0.00009,0.0478639,0.12295,0.334633399999999,0.8387313000000001,1.8415971,3.9358903,9.4785033,,29.4333837,,67.5201955,,114.8675799,,148.7253952
"REMIND-MAgPIE 3.5-4.11","High - SSP3","Middle East (R10)","Capacity|Electricity|Wind|Onshore","GW",1,3.814249999999999,,6.431500000000001,6.930098900000001,7.5709803,10.0175788,17.2001242,32.5724525,61.56686139999999,125.6189452,,276.5138894,,475.3623264,,698.3674634999999,,828.4295235999999
"REMIND-MAgPIE 3.5-4.11","High - SSP3","North America (R10)","Capacity|Electricity|Biomass","GW",1,18.3942339,,17.670141,16.4745317,14.6009936,11.8041985,8.2404665,5.1317585,2.708107200000001,1.2146773,,0.0005276,,0.0003056,,0.000223,,0.0001367
"REMIND-MAgPIE 3.5-4.11","High - SSP3","North America (R10)","Capacity|Electricity|Coal","GW",1,259.588421,,217.8087998,154.2877124,136.3389093,140.8555088,172.5371605,231.2475755999999,311.4706486,445.9886005,,578.3791356,,621.7314378,,585.5338852000001,,488.0752978
"REMIND-MAgPIE 3.5-4.11","High - SSP3","North America (R10)","Capacity|Electricity|Gas","GW",1,550.9803515000001,,532.933284,516.9885031,508.4443705,473.1228753,408.1385064999999,334.9013008999999,268.2622142,174.3610686,,114.2941092,,116.6716848,,122.2332,,127.8214286
"REMIND-MAgPIE 3.5-4.11","High - SSP3","North America (R10)","Capacity|Electricity|Geothermal","GW",1,3.5882,,3.815,4.829972199999999,7.139757,10.9614409,16.0911371,21.7810032,27.06233949999999,34.28870180000001,,37.94008239999999,,37.94008239999999,,37.94008239999999,,37.94008239999999
"REMIND-MAgPIE 3.5-4.11","High - SSP3","North America (R10)","Capacity|Electricity|Hydro","GW",1,109.7390259,,112.9739282,113.8025493,113.8025493,113.8025493,113.8025493,113.8025493,113.8025493,114.4326908,,114.4326908,,114.4326908,,114.4326908,,114.4326908
"REMIND-MAgPIE 3.5-4.11","High - SSP3","North America (R10)","Capacity|Electricity|Hydrogen","GW",1,0,,0,0.0002,0.0002,0.0002,0.0002,0.0002,0.0002,0.0002,,0.0002,,0.0002,,0.0002,,0.0002
"REMIND-MAgPIE 3.5-4.11","High - SSP3","North America (R10)","Capacity|Electricity|Nuclear","GW",1,101.9425666,,88.9524509,37.7773074,23.8801628,14.8090906,9.520693399999999,6.464507999999999,5.568931599999999,4.867444599999999,,2.651997,,0.3212558,,0,,0
"REMIND-MAgPIE 3.5-4.11","High - SSP3","North America (R10)","Capacity|Electricity|Oil","GW",1,24.7957899,,14.4866867,4.665786399999999,0.0001,0.0001491,0.0001952,0.000234,0.0002581,0.0002831000000000002,,0.0002827,,0.0001805,,0.0000776,,0
"REMIND-MAgPIE 3.5-4.11","High - SSP3","North America (R10)","Capacity|Electricity|Solar|CSP","GW",1,1.72725,,3.4291162,7.2041667,7.501013700000001,7.773371000000001,8.515912,11.4950961,16.5910515,17.519329,,17.8093047,,18.162395,,19.0508909,,21.1472048
"REMIND-MAgPIE 3.5-4.11","High - SSP3","North America (R10)","Capacity|Electricity|Solar|PV","GW",1,81.39495000000001,,264.9772316999999,469.6404822000001,686.9734631,838.1631117,921.410275,951.7897450000002,935.9536479,918.3549182999999,,814.5653341,,816.106281,,995.564142,,1285.22877
"REMIND-MAgPIE 3.5-4.11","High - SSP3","North America (R10)","Capacity|Electricity|Wind|Offshore","GW",1,0.0323,,1.896008,9.189484000000002,18.2445896,27.3736117,35.2978897,40.79054620000001,42.5141419,42.37309399999999,,33.9732579,,29.4286809,,38.62330830000001,,56.704454
"REMIND-MAgPIE 3.5-4.11","High - SSP3","North America (R10)","Capacity|Electricity|Wind|Onshore","GW",1,124.0785,,192.5318548,237.2396492,284.4407939,314.9773198999999,337.8028619,339.0128073,323.8186324,322.7443089,,258.7650463,,224.1502419,,294.183213,,431.9023716999999
"REMIND-MAgPIE 3.5-4.11","High - SSP3","Other (R10)","Capacity|Electricity|Biomass","GW",1,3.5613012,,3.7224951,3.7349893,3.4185151,2.930068599999999,2.2824276,1.4736767,0.8905178999999991,0.4707771,,0.0776752,,0.0001928,,0.0000919,,0.00006110000000000001
"REMIND-MAgPIE 3.5-4.11","High - SSP3","Other (R10)","Capacity|Electricity|Coal","GW",1,28.8153,,12.7490804,3.3400934,7.179775,13.4211362,19.9640258,24.4331363,25.6180995,25.3389762,,22.1761328,,15.3778878,,5.7849327,,0.6276334
"REMIND-MAgPIE 3.5-4.11","High - SSP3","Other (R10)","Capacity|Electricity|Gas","GW",1,41.9454,,38.9367862,36.88138359999999,34.7640494,31.1361839,26.03405100000001,21.32274649999999,11.6633274,5.5434028,,4.0275911,,3.4077984,,3.235843399999999,,2.8497137
"REMIND-MAgPIE 3.5-4.11","High - SSP3","Other (R10)","Capacity|Electricity|Geothermal","GW",1,1.3475007,,1.7864,2.3937458,3.280474,4.465189899999999,5.889276100000001,7.442195,9.006405,11.5767951,,14.1114235,,15.541653,,15.6117152,,15.6117152
"REMIND-MAgPIE 3.5-4.11","High - SSP3","Other (R10)","Capacity|Electricity|Hydro","GW",1,88.46142630000001,,93.18267589999999,97.9551127,102.7292236,107.8307362,113.0379804,118.1338161,122.9393443,131.9497231,,140.3092551,,145.9325642,,147.3523188000001,,147.3523188000001
"REMIND-MAgPIE 3.5-4.11","High - SSP3","Other (R10)","Capacity|Electricity|Hydrogen","GW",1,0,,0,0.0002,0.0002,0.0002,0.0002,0.0002396,0.0002254,0.0002,,0.0002,,0.0002,,0.0002,,0.0002
"REMIND-MAgPIE 3.5-4.11","High - SSP3","Other (R10)","Capacity|Electricity|Nuclear","GW",1,12.6018486,,11.2541743,6.0205967,4.471094600000001,3.3584515,2.5175431,1.7457725,0.9918309,0.3240184,,0.2068411,,0.0168899,,0,,0
"REMIND-MAgPIE 3.5-4.11","High - SSP3","Other (R10)","Capacity|Electricity|Oil","GW",1,3.0688317,,1.7988071,0.5820284,0.0001,0.0001491,0.0001952,0.000234,0.0002581,0.0002831000000000002,,0.0002827,,0.0001805,,0.0000776,,0
"REMIND-MAgPIE 3.5-4.11","High - SSP3","Other (R10)","Capacity|Electricity|Solar|CSP","GW",1,0.00285,,0.00285,0.0243704,0.0266777,0.0285456,0.029824,0.0302678,0.0293486,0.0296229,,0.0298989,,0.031204,,0.0296516,,0.0287082
"REMIND-MAgPIE 3.5-4.11","High - SSP3","Other (R10)","Capacity|Electricity|Solar|PV","GW",1,22.2547,,62.70936,115.0405911,154.8861209,177.1318384,184.2413743,178.9508738,162.2120413,144.4525623,,126.8489055,,139.0198208,,130.5833005,,119.5384845
"REMIND-MAgPIE 3.5-4.11","High - SSP3","Other (R10)","Capacity|Electricity|Wind|Offshore","GW",1,0,,0.332045299999999,1.4588195,3.4533355,6.2253892,9.291994899999999,12.1138715,14.0865982,16.0057485,,17.2449173,,18.9035715,,21.4559994,,22.1889147
"REMIND-MAgPIE 3.5-4.11","High - SSP3","Other (R10)","Capacity|Electricity|Wind|Onshore","GW",1,22.73065,,32.53857880000001,31.5858121,29.2538776,24.2202315,19.3914155,14.7173325,11.3566884,12.9039174,,13.9029417,,15.2401573,,17.2979378,,17.8888179
"REMIND-MAgPIE 3.5-4.11","High - SSP3","Pacific OECD (R10)","Capacity|Electricity|Biomass","GW",1,10.879846,,14.284789,16.5310502,16.9906043,16.1253861,14.8168872,11.8031591,8.7135571,5.6995276,,1.29972,,0.0542419,,0.0002597,,0.0001362
"REMIND-MAgPIE 3.5-4.11","High - SSP3","Pacific OECD (R10)","Capacity|Electricity|Coal","GW",1,43.6977,,40.28090520000001,39.8199789,42.92223320000001,48.26547350000001,55.51128139999999,64.2276068,72.41068020000002,83.6715442,,81.9304575,,77.67128079999999,,69.05155640000001,,57.9614579
"REMIND-MAgPIE 3.5-4.11","High - SSP3","Pacific OECD (R10)","Capacity|Electricity|Gas","GW",1,80.85904699999999,,84.88573469999999,93.0106088,97.0953467,86.9829625,73.46801,58.3745579,38.35508179999999,20.0564204,,11.1668951,,9.797117399999998,,8.8828234,,8.036908099999998
"REMIND-MAgPIE 3.5-4.11","High - SSP3","Pacific OECD (R10)","Capacity|Electricity|Geothermal","GW",1,0.6256328,,0.7098,1.0315802,1.611593,2.4286272,3.396878599999999,4.354928499999999,5.112139899999999,6.027132499999999,,6.0435529,,6.0435529,,6.0435529,,6.0435529
"REMIND-MAgPIE 3.5-4.11","High - SSP3","Pacific OECD (R10)","Capacity|Electricity|Hydro","GW",1,30.9879676,,32.6869971,33.97502,34.7141887,35.0482768,35.12021250000001,35.12021250000001,35.12021250000001,35.5952211,,35.5952211,,35.5952211,,35.5952211,,35.5952211
"REMIND-MAgPIE 3.5-4.11","High - SSP3","Pacific OECD (R10)","Capacity|Electricity|Hydrogen","GW",1,0,,0,0.0002,0.0002074,0.0002058,0.0002,0.0002,0.0002,0.0002,,0.0002,,0.0002,,0.0002,,0.0002
"REMIND-MAgPIE 3.5-4.11","High - SSP3","Pacific OECD (R10)","Capacity|Electricity|Nuclear","GW",1,38.0812121,,33.13501720000001,13.1592992,7.892575999999999,4.616411499999999,2.6810077,1.5886118,1.3608263,1.2671966,,0.8816693999999999,,0.2273936,,0.0088886,,0
"REMIND-MAgPIE 3.5-4.11","High - SSP3","Pacific OECD (R10)","Capacity|Electricity|Oil","GW",1,25.0760445,,14.6116614,4.6886452,0.0001,0.0001491,0.0001952,0.000234,0.0002581,0.000283,,0.0002827,,0.0001805,,0.0000776,,0
"REMIND-MAgPIE 3.5-4.11","High - SSP3","Pacific OECD (R10)","Capacity|Electricity|Solar|CSP","GW",1,0,,0.00009,0.0001399,0.0001892,0.0002361,0.0002779,0.0003098,0.000325,0.0003391,,0.0003348,,0.0002338,,0.000132,,0.00009
"REMIND-MAgPIE 3.5-4.11","High - SSP3","Pacific OECD (R10)","Capacity|Electricity|Solar|PV","GW",1,67.01110000000001,,99.04982690000001,112.7865376,115.2604722,111.4808779,103.7767068,90.49034970000001,72.693405,62.8833259,,53.48326039999999,,48.31023749999999,,50.2850894,,55.6189201
"REMIND-MAgPIE 3.5-4.11","High - SSP3","Pacific OECD (R10)","Capacity|Electricity|Wind|Offshore","GW",1,0.0882,,1.2011869,3.3045007,5.489371300000001,7.3065501,8.601078899999997,9.435271599999998,9.473779200000001,9.172835500000001,,5.7004377,,4.0993048,,6.362994999999999,,10.9720194
"REMIND-MAgPIE 3.5-4.11","High - SSP3","Pacific OECD (R10)","Capacity|Electricity|Wind|Onshore","GW",1,3.78005,,5.29435,5.858094299999999,6.134961,5.812108899999999,5.9973905,5.716483999999999,5.162540299999999,4.9985472,,3.1063358,,2.2338315,,3.4673827,,5.978975399999999
"REMIND-MAgPIE 3.5-4.11","High - SSP3","Reforming Economies (R10)","Capacity|Electricity|Biomass","GW",1,4.3450407,,7.152385799999998,9.955655400000001,11.7986854,12.2551704,11.7790981,11.0191605,9.8986678,9.004711899999998,,11.621248,,15.9641663,,19.5266137,,22.2470123
"REMIND-MAgPIE 3.5-4.11","High - SSP3","Reforming Economies (R10)","Capacity|Electricity|Coal","GW",1,59.5584,,56.0837585,53.8289595,51.4340502,47.4372941,41.0813166,32.9483511,24.96340219999999,17.9154197,,10.1780545,,4.8052854,,3.3214946,,7.5351654
"REMIND-MAgPIE 3.5-4.11","High - SSP3","Reforming Economies (R10)","Capacity|Electricity|Gas","GW",1,157.6400745,,180.7818582,215.6002076,256.8570784,298.6383867,336.7261811,373.8446489,398.8179471,441.9110963999999,,470.0641801,,495.2482662,,483.7874373,,426.6233756
"REMIND-MAgPIE 3.5-4.11","High - SSP3","Reforming Economies (R10)","Capacity|Electricity|Geothermal","GW",1,0.0949546,,0.1134,0.1418725,0.1696609,0.1970603,0.2293789,0.2632267,0.2960109,0.3564447,,0.4297068000000001,,0.5611012000000001,,0.6987116,,0.7901436
"REMIND-MAgPIE 3.5-4.11","High - SSP3","Reforming Economies (R10)","Capacity|Electricity|Hydro","GW",1,76.89038049999999,,81.58577059999999,86.2293056,90.8923444,95.8341365,101.0052148,106.3926664,111.969,122.0257713,,131.9478677,,141.21523,,149.6648634,,158.309987
"REMIND-MAgPIE 3.5-4.11","High - SSP3","Reforming Economies (R10)","Capacity|Electricity|Hydrogen","GW",1,0,,0,0.0002,0.0002,0.0002,0.0002,0.0002,0.0002,0.0002,,0.0002,,0.0002,,0.0002,,0.0002
"REMIND-MAgPIE 3.5-4.11","High - SSP3","Reforming Economies (R10)","Capacity|Electricity|Nuclear","GW",1,42.4369819,,40.9676178,27.81199770000001,24.0285913,21.0040272,18.4721243,15.9185868,13.0709501,9.301647800000001,,2.6832976,,0.287513,,0,,0
"REMIND-MAgPIE 3.5-4.11","High - SSP3","Reforming Economies (R10)","Capacity|Electricity|Oil","GW",1,0.7419386,,0.4495695,0.1520669,0.0001,0.0001491,0.0001952,0.000234,0.0002581,0.0002831000000000002,,0.0002827,,0.0001805,,0.0000776,,0
"REMIND-MAgPIE 3.5-4.11","High - SSP3","Reforming Economies (R10)","Capacity|Electricity|Solar|CSP","GW",1,0.341243999999999,,1.3653765,3.4875171,3.8693308,4.2132003,5.0371533,6.885317799999999,9.8366401,10.6656235,,11.0490714,,11.8534737,,12.4013973,,14.192536
"REMIND-MAgPIE 3.5-4.11","High - SSP3","Reforming Economies (R10)","Capacity|Electricity|Solar|PV","GW",1,8.61555,,33.6534567,72.08481460000002,107.048284,133.1752047,152.8114955,167.9881175,178.9661679,201.4173883,,219.8894543,,265.4484501,,326.863888,,397.1370107
"REMIND-MAgPIE 3.5-4.11","High - SSP3","Reforming Economies (R10)","Capacity|Electricity|Wind|Offshore","GW",1,0,,0.00008,0.0589392,0.0588781,0.0579539,0.05449619999999999,0.05428110000000001,0.05611360000000001,0.0602592,,0.4751087000000001,,2.0470237,,6.430752200000001,,14.4302513
"REMIND-MAgPIE 3.5-4.11","High - SSP3","Reforming Economies (R10)","Capacity|Electricity|Wind|Onshore","GW",1,3.1426,,5.7030364,5.886028599999999,5.5789698,4.8409901,3.4228095,1.5070818,0.268741,0.288595,,2.275403,,9.80366,,30.7983283,,69.10974109999998
"REMIND-MAgPIE 3.5-4.11","High - SSP3","Rest of Asia (R10)","Capacity|Electricity|Biomass","GW",1,10.7406,,9.567412800000001,8.2267675,6.8073682,5.3109624,4.7521536,3.1151507,1.6200146,0.5399998,,0.0003,,0.00005430000000000002,,0.0000254,,0.0000197
"REMIND-MAgPIE 3.5-4.11","High - SSP3","Rest of Asia (R10)","Capacity|Electricity|Coal","GW",1,124.6203,,129.5722787,135.70814,145.8753099,161.2308397,185.9477166,223.2439975,272.4121362999999,363.6240091,,499.3872373999999,,602.7703899000002,,611.4258496,,547.2002817
"REMIND-MAgPIE 3.5-4.11","High - SSP3","Rest of Asia (R10)","Capacity|Electricity|Gas","GW",1,191.5124865,,222.9365698,276.4397595999999,347.9256802,392.5003785,396.227234,379.4352111999999,354.9886923,242.4828814,,178.2194941,,155.6404751,,163.5572249,,165.42505
"REMIND-MAgPIE 3.5-4.11","High - SSP3","Rest of Asia (R10)","Capacity|Electricity|Geothermal","GW",1,5.442515599999999,,6.4988,8.1897936,10.7598981,14.5881181,19.9513148,26.4135139,33.19940890000001,43.787245,,52.0885498,,53.2354941,,53.2354941,,53.2354941
"REMIND-MAgPIE 3.5-4.11","High - SSP3","Rest of Asia (R10)","Capacity|Electricity|Hydro","GW",1,76.94664190000002,,105.4722535,124.3602119,135.4190725,141.5942372,144.8081738,146.2388896,146.6088038,147.2930284,,147.2930284,,147.2930284,,147.2930284,,147.2930284
"REMIND-MAgPIE 3.5-4.11","High - SSP3","Rest of Asia (R10)","Capacity|Electricity|Hydrogen","GW",1,0,,0,0.0002,0.0002,0.0002,0.0002,0.0002,0.0002,0.0002,,0.0002,,0.0002,,0.0002,,0.0002
"REMIND-MAgPIE 3.5-4.11","High - SSP3","Rest of Asia (R10)","Capacity|Electricity|Nuclear","GW",1,26.6284065,,29.2958191,25.8085613,26.7476087,26.8017811,26.0674341,24.5175946,22.2361915,18.8007482,,9.600360999999998,,2.7800461,,0.3508989,,0
"REMIND-MAgPIE 3.5-4.11","High - SSP3","Rest of Asia (R10)","Capacity|Electricity|Oil","GW",1,29.1944716,,19.0714568,7.046480799999999,0.0001,0.0001491,0.0001952,0.000234,0.0002581,0.0002831000000000002,,0.0002827,,0.0001805,,0.0000776,,0
"REMIND-MAgPIE 3.5-4.11","High - SSP3","Rest of Asia (R10)","Capacity|Electricity|Solar|CSP","GW",1,0.004750000000000001,,0.004750000000000001,0.09863300000000001,0.1204137,0.1419764,0.1607009,0.1776001,0.1939191,0.212596,,0.2397646,,0.2651457,,0.2797316,,0.2855055
"REMIND-MAgPIE 3.5-4.11","High - SSP3","Rest of Asia (R10)","Capacity|Electricity|Solar|PV","GW",1,36.38039999999999,,158.0778479,344.7384851,553.3904907,752.3322936999998,934.4912023999999,1092.076707,1220.4781085,1416.9903541,,1531.9874343,,1685.2629938,,1831.2489085,,2039.3440569
"REMIND-MAgPIE 3.5-4.11","High - SSP3","Rest of Asia (R10)","Capacity|Electricity|Wind|Offshore","GW",1,0.597449999999999,,3.3850158,10.5264914,21.08829649999999,35.20571550000001,52.1162224,70.4004001,88.98196400000002,118.0206639,,145.6307328,,166.2790284,,189.6817157,,216.8706409
"REMIND-MAgPIE 3.5-4.11","High - SSP3","Rest of Asia (R10)","Capacity|Electricity|Wind|Onshore","GW",1,7.26915,,24.81498570000001,39.9171039,61.8408127,90.27574579999998,123.081803,157.0385518,191.3959911,253.8568595,,313.2448103,,357.6583163999999,,407.9963885999999,,466.4784792999999
"REMIND-MAgPIE 3.5-4.11","High - SSP3","World","Capacity|Electricity|Biomass","GW",1,124.1078217,,128.1842263,127.1926195,117.6886127,102.606105,84.57887889999998,63.3909726,43.3062124,25.1067603,,13.4620929,,16.0207444,,19.5282308,,22.2480088
"REMIND-MAgPIE 3.5-4.11","High - SSP3","World","Capacity|Electricity|Coal","GW",1,2044.3096208,,2026.9697505,1914.7708252,1974.0645779,2084.6182667,2253.2410226,2466.1988583,2700.1252824,3040.9202658,,3468.2704276,,3806.7385887,,3698.037130900001,,3241.919546200001
"REMIND-MAgPIE 3.5-4.11","High - SSP3","World","Capacity|Electricity|Gas","GW",1,1984.9548159,,2148.3620825,2225.5929201,2487.7366354,2672.965417800001,2724.917219800001,2699.6083186,2579.5495311,2377.740840399999,,2118.6178506,,1901.817701,,1750.8073609,,1670.7251001
"REMIND-MAgPIE 3.5-4.11","High - SSP3","World","Capacity|Electricity|Geothermal","GW",1,17.29866,,20.6150285,27.1194842,37.977812,53.8761061,74.56517849999999,97.9781735,121.2375231,156.3052872,,183.167691,,191.7015424,,191.909215,,192.000647
"REMIND-MAgPIE 3.5-4.11","High - SSP3","World","Capacity|Electricity|Hydro","GW",1,1267.3466636,,1409.8928042,1507.3530923,1576.8015199,1635.3984163,1690.2547661,1744.6529078,1799.9654423,1898.031542,,2002.4096179,,2093.964245,,2155.2111516,,2188.2767277
"REMIND-MAgPIE 3.5-4.11","High - SSP3","World","Capacity|Electricity|Hydrogen","GW",1,0,,0,0.0024002,0.002409,0.0024144,0.0024,0.0024396,0.0024254,0.0024,,0.0024,,0.0024,,0.0024,,0.0024
"REMIND-MAgPIE 3.5-4.11","High - SSP3","World","Capacity|Electricity|Nuclear","GW",1,412.9798725,,400.7240476,254.9582865,222.5232033,196.9435935,176.1284873,156.0189741,136.18377,110.2433955,,52.2694967,,12.1075635,,1.1514414,,0
"REMIND-MAgPIE 3.5-4.11","High - SSP3","World","Capacity|Electricity|Oil","GW",1,229.5826915,,143.4574664,50.3886503,0.0012,0.001789,0.0023423,0.0028078,0.0030974,0.003397,,0.0033922,,0.0021661,,0.0009310999999999998,,0
"REMIND-MAgPIE 3.5-4.11","High - SSP3","World","Capacity|Electricity|Solar|CSP","GW",1,6.534543999999999,,12.8164525,25.7953816,28.6988815,31.4983631,37.4569419,52.2129478,76.40669700000001,87.2924282,,95.09379809999999,,105.751344,,114.6541361,,137.6403498
"REMIND-MAgPIE 3.5-4.11","High - SSP3","World","Capacity|Electricity|Solar|PV","GW",1,759.3656499999998,,2444.0880196,4083.6090977,5480.8215956,6582.306477,7439.945391299999,8097.8305832,8511.951817399999,9360.681477900001,,9831.543998100002,,11022.4506244,,12282.0747306,,13852.3352703
"REMIND-MAgPIE 3.5-4.11","High - SSP3","World","Capacity|Electricity|Wind|Offshore","GW",1,42.63795,,105.4577064,184.0380096,264.0161821,336.9231085999999,395.4721041999999,439.5400616000001,467.8145881,532.1409012,,580.0764981,,675.6718901,,854.6393148,,1040.6346825
"REMIND-MAgPIE 3.5-4.11","High - SSP3","World","Capacity|Electricity|Wind|Onshore","GW",1,683.3241907999999,,1155.1462166,1536.90907,1877.2262527,2115.772733,2306.4648218,2433.475982800001,2497.9367635,2811.980149,,2951.399782800001,,3232.4241942,,3872.1823442,,4452.013692299999
"REMIND-MAgPIE 3.5-4.11","Medium-to-Low - SSP3","Africa (R10)","Capacity|Electricity|Biomass","GW",1,1.377,,1.2718661,1.2386893,1.1775637,1.0048935,0.861731,0.6329258000000001,0.3932516,0.1718904,,0.0005276,,0.0002412,,0.000102,,0.0000339
"REMIND-MAgPIE 3.5-4.11","Medium-to-Low - SSP3","Africa (R10)","Capacity|Electricity|Coal","GW",1,39.1032,,34.4884556,30.0189653,26.3228478,23.9545069,21.6217865,17.7430849,14.5780541,11.8725064,,5.490131499999999,,0.6977864999999991,,0.0000233,,0.0000138
"REMIND-MAgPIE 3.5-4.11","Medium-to-Low - SSP3","Africa (R10)","Capacity|Electricity|Gas","GW",1,27.799935,,46.0014724,71.43329740000001,113.192096,163.839412,206.504191,234.5627797,248.5683316,244.8328358,,245.0875863,,259.7452315,,313.9940013,,353.1266556
"REMIND-MAgPIE 3.5-4.11","Medium-to-Low - SSP3","Africa (R10)","Capacity|Electricity|Geothermal","GW",1,0.6725647999999991,,0.8971676999999991,1.1676821,1.5415061,2.0695614,2.8133872,3.8011688,5.0192161,7.1467751,,9.700340999999998,,10.8560118,,10.8560118,,10.8560118
"REMIND-MAgPIE 3.5-4.11","Medium-to-Low - SSP3","Africa (R10)","Capacity|Electricity|Hydro","GW",1,25.7518871,,30.3566355,36.3269907,45.0328888,57.3309106,73.6259997,94.0068108,117.6976083,155.7891425,,205.6164379,,245.0735468,,264.3383233999999,,268.5850927
"REMIND-MAgPIE 3.5-4.11","Medium-to-Low - SSP3","Africa (R10)","Capacity|Electricity|Hydrogen","GW",1,0,,0,0.0002,0.0002,0.0002,0.0002,0.0002,0.0002,0.0002,,0.0002,,0.0002,,0.0002,,0.0002
"REMIND-MAgPIE 3.5-4.11","Medium-to-Low - SSP3","Africa (R10)","Capacity|Electricity|Nuclear","GW",1,1.7442,,1.7484116,1.86,2.0073478,2.0392665,2.0131777,1.9525747,1.86,1.86,,1.86,,1.86,,1.86,,1.86
"REMIND-MAgPIE 3.5-4.11","Medium-to-Low - SSP3","Africa (R10)","Capacity|Electricity|Oil","GW",1,2.8002376,,1.7513314,0.6158468,0.0001,0.0001491,0.0001952,0.000234,0.0002581,0.0002831000000000002,,0.0002827,,0.0001805,,0.0000776,,0
"REMIND-MAgPIE 3.5-4.11","Medium-to-Low - SSP3","Africa (R10)","Capacity|Electricity|Solar|CSP","GW",1,0.456,,0.699409899999999,1.0381108,1.4497643,2.0188542,3.1698661,5.5399882,9.244362899999997,12.6686837,,17.107277,,22.1647532,,26.7785185,,36.4885877
"REMIND-MAgPIE 3.5-4.11","Medium-to-Low - SSP3","Africa (R10)","Capacity|Electricity|Solar|PV","GW",1,5.48205,,25.5131674,57.20227220000001,107.2106585,181.0850098,301.4360681999999,483.3081233,721.3423400999999,1134.0338083,,1786.4174261,,2493.4554517,,2971.2138169,,3289.0704995
"REMIND-MAgPIE 3.5-4.11","Medium-to-Low - SSP3","Africa (R10)","Capacity|Electricity|Wind|Offshore","GW",1,0,,0.3310086,1.260632,2.73259,5.099625100000001,9.341215499999999,16.6921579,29.1607606,56.49753070000001,,121.8389602,,214.7949644,,307.2609815,,363.6467377
"REMIND-MAgPIE 3.5-4.11","Medium-to-Low - SSP3","Africa (R10)","Capacity|Electricity|Wind|Onshore","GW",1,3.58155,,9.493482600000002,16.92565279999999,28.5013659,46.8388263,79.9087086,134.7249213,215.0370862,365.6699108,,619.3559294999999,,861.1088088,,1106.863614,,1291.1719853
"REMIND-MAgPIE 3.5-4.11","Medium-to-Low - SSP3","China+ (R10)","Capacity|Electricity|Biomass","GW",1,12.2796,,11.8764386,10.3477735,8.721749399999998,6.9898132,5.1869261,3.4294038,1.8838037,0.7081947,,0.0003,,0.0000702,,0.00005190000000000001,,0.0000172
"REMIND-MAgPIE 3.5-4.11","Medium-to-Low - SSP3","China+ (R10)","Capacity|Electricity|Coal","GW",1,1078.8081404,,1164.0203239,1051.7927791,1037.7785972,1020.7601465,860.0451773,436.6642623000001,96.1644201,0.4067605,,0.1090831,,0,,0,,0
"REMIND-MAgPIE 3.5-4.11","Medium-to-Low - SSP3","China+ (R10)","Capacity|Electricity|Gas","GW",1,131.371,,182.2588688,192.9519446,209.790626,221.3440191,241.5992583,286.7210244999999,379.2853418,474.2271416999999,,457.400885,,419.0997063999999,,382.4594613,,354.700787
"REMIND-MAgPIE 3.5-4.11","Medium-to-Low - SSP3","China+ (R10)","Capacity|Electricity|Geothermal","GW",1,0.0385698,,0.0462,0.1783033,0.3117372999999991,0.3730588,0.3730588,0.3730588,0.3730588,0.3730588,,0.3730588,,0.3730588,,0.3730588,,0.3730588
"REMIND-MAgPIE 3.5-4.11","Medium-to-Low - SSP3","China+ (R10)","Capacity|Electricity|Hydro","GW",1,352.4729753,,413.5979123999999,454.9466733,481.8845168,499.4213735999999,515.7367676,530.7398691,543.495745,561.7894775000002,,568.6494240999999,,569.19753,,569.19753,,569.19753
"REMIND-MAgPIE 3.5-4.11","Medium-to-Low - SSP3","China+ (R10)","Capacity|Electricity|Hydrogen","GW",1,0,,0,0.0002,0.0002,0.0002057,0.0002,0.0002,0.0002252,0.0002,,0.0002,,0.0002,,0.0002,,0.0002
"REMIND-MAgPIE 3.5-4.11","Medium-to-Low - SSP3","China+ (R10)","Capacity|Electricity|Nuclear","GW",1,48.9869612,,68.98396960000002,83.8180806,97.18445809999999,105.8717556,114.5651566,122.6371367,127.5125106,134.1182387,,118.1503004,,101.0655928,,88.951316,,75.37979649999998
"REMIND-MAgPIE 3.5-4.11","Medium-to-Low - SSP3","China+ (R10)","Capacity|Electricity|Oil","GW",1,15.8180276,,10.7677317,4.1528277,0.0001,0.0001491,0.0001952,0.000234,0.0002581,0.0002831000000000002,,0.0002827,,0.0001805,,0.0000776,,0
"REMIND-MAgPIE 3.5-4.11","Medium-to-Low - SSP3","China+ (R10)","Capacity|Electricity|Solar|CSP","GW",1,0.4237,,0.931,0.9268542999999999,0.9099807,0.8643094000000001,0.7671542,0.5878618,0.4707312,0.520053099999999,,0.5209838999999991,,0.4972395999999991,,0.4763729,,0.4530902
"REMIND-MAgPIE 3.5-4.11","Medium-to-Low - SSP3","China+ (R10)","Capacity|Electricity|Solar|PV","GW",1,286.1166,,1056.2523786,1541.9097954,1858.5156947,2100.0354905,2460.1740209,2873.7634874,3197.455152200001,3660.0300097,,3500.655905,,3333.2986702,,3128.2245075,,2946.2677197
"REMIND-MAgPIE 3.5-4.11","Medium-to-Low - SSP3","China+ (R10)","Capacity|Electricity|Wind|Offshore","GW",1,16.30335,,42.02135000000001,63.00122449999999,82.7499487,99.7586957,121.9043203,147.9218863,180.5087027,244.9338419,,320.8868684,,382.5178298,,441.0155328,,449.1401335
"REMIND-MAgPIE 3.5-4.11","Medium-to-Low - SSP3","China+ (R10)","Capacity|Electricity|Wind|Onshore","GW",1,251.6439817,,473.499831,659.949778,821.8705461,940.4816625999999,1131.5682883,1392.9235392,1682.1096065,2146.9451952,,2190.452356000001,,1951.4779674,,1768.5761024,,1621.4862023
"REMIND-MAgPIE 3.5-4.11","Medium-to-Low - SSP3","Europe (R10)","Capacity|Electricity|Biomass","GW",1,33.4926,,34.91887250000001,40.66546420000001,31.1675794,24.0529359,15.5063438,8.1905939,3.103129699999999,0.3891453,,0.1884223,,0.00004460000000000001,,0.0000129,,0
"REMIND-MAgPIE 3.5-4.11","Medium-to-Low - SSP3","Europe (R10)","Capacity|Electricity|Coal","GW",1,137.7351,,49.2386388,15.9259338,14.2218007,12.3426264,7.0684924,0.9482392000000001,0.08800580000000001,0.0615161,,0.0011227,,0.0005300000000000001,,0.0004137000000000001,,0.0002792
"REMIND-MAgPIE 3.5-4.11","Medium-to-Low - SSP3","Europe (R10)","Capacity|Electricity|Gas","GW",1,293.0262269,,289.1104527,177.813552,208.5774594,229.6563743,216.3602083,224.7760758,225.9589023,240.3853716,,240.7084863,,251.6614908,,259.4340252,,256.0971107
"REMIND-MAgPIE 3.5-4.11","Medium-to-Low - SSP3","Europe (R10)","Capacity|Electricity|Geothermal","GW",1,2.9686756,,3.9568328,6.167321799999999,9.707847999999998,14.4664815,20.0589752,25.8007609,30.99650060000001,38.4895359,,43.8645031,,45.7370118,,45.7370118,,45.7370118
"REMIND-MAgPIE 3.5-4.11","Medium-to-Low - SSP3","Europe (R10)","Capacity|Electricity|Hydro","GW",1,220.1095889,,232.7643075,244.3202785,249.539525,251.6237597999999,252.0697421,252.0697421,252.0697421,254.923412,,254.923412,,254.923412,,254.923412,,254.923412
"REMIND-MAgPIE 3.5-4.11","Medium-to-Low - SSP3","Europe (R10)","Capacity|Electricity|Hydrogen","GW",1,0,,0,0.0004,0.0004,0.0004,0.0004,0.0004,0.0004,0.0004,,0.0004,,0.0004,,0.0004,,0.0004
"REMIND-MAgPIE 3.5-4.11","Medium-to-Low - SSP3","Europe (R10)","Capacity|Electricity|Nuclear","GW",1,124.8468993,,108.3841297,43.43545510000001,26.0213109,15.083792,8.6266715,5.0270136,4.2369742,3.8655051,,2.5289631,,0.4915615,,0,,0
"REMIND-MAgPIE 3.5-4.11","Medium-to-Low - SSP3","Europe (R10)","Capacity|Electricity|Oil","GW",1,28.3264211,,16.7362377,5.474174600000001,0.0002,0.0002982,0.0003904,0.000468,0.0005162,0.0005662000000000002,,0.0005654,,0.000361,,0.0001552,,0
"REMIND-MAgPIE 3.5-4.11","Medium-to-Low - SSP3","Europe (R10)","Capacity|Electricity|Solar|CSP","GW",1,2.1964,,2.1964,2.3415558,2.3461758,2.3507164,2.355192799999999,2.3588834,2.3629614,2.3707615,,2.3754584,,2.3801783,,2.384991,,2.3870757
"REMIND-MAgPIE 3.5-4.11","Medium-to-Low - SSP3","Europe (R10)","Capacity|Electricity|Solar|PV","GW",1,171.0487,,368.388957,739.8651990999999,955.3937487999999,1090.015825,1213.5835948,1316.3102869,1376.2947868,1472.6882837,,1458.5474351,,1509.8964507,,1502.8965032,,1538.8129233
"REMIND-MAgPIE 3.5-4.11","Medium-to-Low - SSP3","Europe (R10)","Capacity|Electricity|Wind|Offshore","GW",1,25.61665,,54.5004604,103.1895151,156.4539777,214.340005,272.3746629,325.6643237,363.6799354,419.5223276999999,,444.6623563,,451.1729461,,462.1839817,,460.4075006
"REMIND-MAgPIE 3.5-4.11","Medium-to-Low - SSP3","Europe (R10)","Capacity|Electricity|Wind|Onshore","GW",1,190.3723591,,276.1596521,426.8162676999999,573.8777969,682.6941337000001,778.4016205000001,851.9062597,896.0821045999999,980.0500313,,1011.1189352,,1061.475487,,1120.3025078,,1081.2083994
"REMIND-MAgPIE 3.5-4.11","Medium-to-Low - SSP3","India+ (R10)","Capacity|Electricity|Biomass","GW",1,9.2106,,8.118648899999998,6.978224300000001,5.773968500000001,4.5070941,3.2157971,1.994432,0.9670211,0.5473338,,0.0003,,0.0000564,,0.0000233,,0.0000138
"REMIND-MAgPIE 3.5-4.11","Medium-to-Low - SSP3","India+ (R10)","Capacity|Electricity|Coal","GW",1,247.6141594,,303.1344567,346.7889524999999,382.2690913,401.1190914,399.3586521,369.7255626,321.7292528999999,169.7266588,,35.7470778,,0.0000525,,0.0000233,,0.0000138
"REMIND-MAgPIE 3.5-4.11","Medium-to-Low - SSP3","India+ (R10)","Capacity|Electricity|Gas","GW",1,35.3031077,,43.9134526,56.859736,71.5180505,81.6510575,89.76174360000002,114.9558188,159.794292,256.0871227,,345.0672161,,392.2476371,,402.9240331,,350.3261560999999
"REMIND-MAgPIE 3.5-4.11","Medium-to-Low - SSP3","India+ (R10)","Capacity|Electricity|Geothermal","GW",1,0.0238568,,0.051452,0.1051433,0.1784045,0.2569773,0.3236112,0.3650362,0.3730588,0.3730588,,0.3730588,,0.3730588,,0.3730588,,0.3730588
"REMIND-MAgPIE 3.5-4.11","Medium-to-Low - SSP3","India+ (R10)","Capacity|Electricity|Hydro","GW",1,52.4028656,,55.56130090000001,58.9436531,62.8090985,67.2255879,72.45935709999999,78.5266756,85.35335129999999,97.0767644,,112.7532103,,129.8138136,,146.4572114,,160.6915911
"REMIND-MAgPIE 3.5-4.11","Medium-to-Low - SSP3","India+ (R10)","Capacity|Electricity|Hydrogen","GW",1,0,,0,0.0002002,0.0002,0.0002,0.0002,0.0002,0.0002,0.0002,,0.0002,,0.0002,,0.0002,,65.15396390000001
"REMIND-MAgPIE 3.5-4.11","Medium-to-Low - SSP3","India+ (R10)","Capacity|Electricity|Nuclear","GW",1,8.0428961,,10.1861452,11.0086287,11.7778944,11.9014367,11.6036005,10.8184208,9.463022800000001,7.595202,,3.5669172,,1.0826274,,0.2472506,,0.1586697
"REMIND-MAgPIE 3.5-4.11","Medium-to-Low - SSP3","India+ (R10)","Capacity|Electricity|Oil","GW",1,4.6963619,,3.0842381,1.1461457,0.0001,0.0001491,0.0001952,0.000234,0.0002581,0.0002831000000000002,,0.0002827,,0.0001805,,0.0000776,,0
"REMIND-MAgPIE 3.5-4.11","Medium-to-Low - SSP3","India+ (R10)","Capacity|Electricity|Solar|CSP","GW",1,0.357,,1.4933903,4.9858792,6.105716299999999,7.1976477,9.558484800000002,14.5027148,22.153543,26.4514671,,28.7324854,,31.4518578,,33.19844200000001,,41.3317017
"REMIND-MAgPIE 3.5-4.11","Medium-to-Low - SSP3","India+ (R10)","Capacity|Electricity|Solar|PV","GW",1,44.982,,206.2840995,449.6750391,728.5939959000001,975.8341166999999,1258.588691,1590.642897,1987.0054647,2685.0026235,,3239.409737500001,,3671.4026523,,3873.645639,,4085.3568055
"REMIND-MAgPIE 3.5-4.11","Medium-to-Low - SSP3","India+ (R10)","Capacity|Electricity|Wind|Offshore","GW",1,0,,0.9975640999999991,5.4619067,12.4214434,20.8465795,31.6301219,44.8835409,60.9894003,88.4297575,,121.083295,,167.6030607,,220.9796381,,240.5357559
"REMIND-MAgPIE 3.5-4.11","Medium-to-Low - SSP3","India+ (R10)","Capacity|Electricity|Wind|Onshore","GW",1,40.6035,,76.9286452,125.7625243,200.1671099,286.0296844,396.4328091,535.0515309,710.0433909000001,1029.5061861,,1339.85004,,1476.4622908,,1506.2251665,,1476.4622908
"REMIND-MAgPIE 3.5-4.11","Medium-to-Low - SSP3","Latin America (R10)","Capacity|Electricity|Biomass","GW",1,19.48859999999999,,19.2712504,18.7459,17.7786612,16.1514941,13.6970541,10.5171992,5.988193700000001,2.1736918,,0.005924,,0.0004877,,0.0002913,,0.0001475
"REMIND-MAgPIE 3.5-4.11","Medium-to-Low - SSP3","Latin America (R10)","Capacity|Electricity|Coal","GW",1,16.3071,,15.3040012,11.8067612,13.5977663,15.9482277,12.8869648,8.231341299999997,6.1403273,3.9921936,,0.0188538,,0.000335,,0.0002344,,0.0001362
"REMIND-MAgPIE 3.5-4.11","Medium-to-Low - SSP3","Latin America (R10)","Capacity|Electricity|Gas","GW",1,102.3606,,99.66531769999999,95.05434079999999,100.1627348,112.7445418,120.0747847,124.4120372,113.2690552,119.4846876,,123.3817502,,128.0435859,,130.1473815,,128.3331546
"REMIND-MAgPIE 3.5-4.11","Medium-to-Low - SSP3","Latin America (R10)","Capacity|Electricity|Geothermal","GW",1,2.375946299999999,,2.5508,2.9536856,3.8006387,5.3447273,7.7373159,10.6570638,13.6012619,17.8969829,,20.6674588,,20.6674588,,20.6674588,,20.6674588
"REMIND-MAgPIE 3.5-4.11","Medium-to-Low - SSP3","Latin America (R10)","Capacity|Electricity|Hydro","GW",1,211.7261091,,226.5998085,241.9041542,258.7848714,277.6703632,298.2321172999999,320.1824167,342.9668871,381.3268956,,422.6908144,,456.4506086,,476.6695033,,482.4865018999999
"REMIND-MAgPIE 3.5-4.11","Medium-to-Low - SSP3","Latin America (R10)","Capacity|Electricity|Hydrogen","GW",1,0,,0,0.0002,0.0002,0.0002029,0.0002,0.0002,0.0002,0.0002,,0.0002,,0.0002,,0.0002,,0.0002
"REMIND-MAgPIE 3.5-4.11","Medium-to-Low - SSP3","Latin America (R10)","Capacity|Electricity|Nuclear","GW",1,5.528611199999999,,5.335185299999999,3.8812246,3.4381653,3.0281319,2.66878,2.2716442,1.7938568,1.2018697,,0.3501669,,0.0280232,,0,,0
"REMIND-MAgPIE 3.5-4.11","Medium-to-Low - SSP3","Latin America (R10)","Capacity|Electricity|Oil","GW",1,38.8822747,,24.4229518,8.6316148,0.0001,0.0001491,0.0001952,0.000234,0.0002581,0.0002831000000000002,,0.0002827,,0.0001805,,0.0000776,,0
"REMIND-MAgPIE 3.5-4.11","Medium-to-Low - SSP3","Latin America (R10)","Capacity|Electricity|Solar|CSP","GW",1,0.063,,0.8725514999999999,2.832494,3.3700136,4.002833,5.3818764,8.169296300000001,12.0827581,14.4445631,,15.9128227,,17.1706253,,17.9731339,,20.868972
"REMIND-MAgPIE 3.5-4.11","Medium-to-Low - SSP3","Latin America (R10)","Capacity|Electricity|Solar|PV","GW",1,25.2415,,108.0735138,229.4139646,375.7815498999999,522.4613240999998,702.1387145000001,881.8525926999998,1027.7583808,1237.0159595,,1299.1210613,,1338.0916604,,1358.3649272,,1368.4649649
"REMIND-MAgPIE 3.5-4.11","Medium-to-Low - SSP3","Latin America (R10)","Capacity|Electricity|Wind|Offshore","GW",1,0,,0.7928972,4.6059733,11.3895502,21.7729221,36.9908518,55.71539380000001,75.4540841,105.1888367,,141.1711232,,177.2541364,,207.4407885,,217.0162289
"REMIND-MAgPIE 3.5-4.11","Medium-to-Low - SSP3","Latin America (R10)","Capacity|Electricity|Wind|Onshore","GW",1,32.30759999999999,,51.7503,64.3890352,85.6180672,115.8102915,161.4195381,218.6692768,285.0151801,397.3332338,,490.1352551,,533.5764527,,555.1852476,,531.7843707000002
"REMIND-MAgPIE 3.5-4.11","Medium-to-Low - SSP3","Middle East (R10)","Capacity|Electricity|Biomass","GW",1,0.3384,,0.3299261,0.3512,0.331431899999999,0.3029606,0.2621812,0.1851926,0.1025514,0.03381670000000001,,0.001839,,0.0001174,,0.0000421,,0.0000322
"REMIND-MAgPIE 3.5-4.11","Medium-to-Low - SSP3","Middle East (R10)","Capacity|Electricity|Coal","GW",1,8.4618,,4.289051700000001,1.9695782,3.1275952,6.0664333,6.981271700000002,6.25268,4.637825599999999,3.0133246,,0.0007227000000000002,,0.0004347,,0.000331,,0.0002205
"REMIND-MAgPIE 3.5-4.11","Medium-to-Low - SSP3","Middle East (R10)","Capacity|Electricity|Gas","GW",1,372.1565868,,426.9382853999999,488.635406,576.5158375000001,676.6860328,729.8734313000001,704.1316770999999,656.1277991,474.8881848999999,,306.5761293999999,,345.4577145,,371.4760132999999,,383.2019291999999
"REMIND-MAgPIE 3.5-4.11","Medium-to-Low - SSP3","Middle East (R10)","Capacity|Electricity|Geothermal","GW",1,0.1202432,,0.189176,0.253645,0.3118618,0.3543612,0.3730588,0.3730588,0.3730588,0.3730588,,0.3730588,,0.3730588,,0.3730588,,0.3730588
"REMIND-MAgPIE 3.5-4.11","Medium-to-Low - SSP3","Middle East (R10)","Capacity|Electricity|Hydro","GW",1,21.8577953,,25.1112142,27.5495,27.9656771,27.9656771,27.9656771,27.9656771,27.9656771,27.9656771,,27.9656771,,27.9656771,,27.9656771,,27.9656771
"REMIND-MAgPIE 3.5-4.11","Medium-to-Low - SSP3","Middle East (R10)","Capacity|Electricity|Hydrogen","GW",1,0,,0,0.0002,0.0002016,0.0002,0.0002,0.0002,0.0002,0.0002,,0.0002,,0.0002,,0.0002,,0.0002
"REMIND-MAgPIE 3.5-4.11","Medium-to-Low - SSP3","Middle East (R10)","Capacity|Electricity|Nuclear","GW",1,2.1392891,,2.481127,2.531262899999999,2.494958599999999,2.4175088,2.2741868,2.0341475,1.6604266,1.1314088,,0.1214791,,0,,0,,0
"REMIND-MAgPIE 3.5-4.11","Medium-to-Low - SSP3","Middle East (R10)","Capacity|Electricity|Oil","GW",1,56.18229220000001,,36.2767942,13.233033,0.0001,0.0001491,0.0001952,0.000234,0.0002581,0.0002831000000000002,,0.0002827,,0.0001805,,0.0000776,,0
"REMIND-MAgPIE 3.5-4.11","Medium-to-Low - SSP3","Middle East (R10)","Capacity|Electricity|Solar|CSP","GW",1,0.962349999999999,,1.8215182,3.1377245,3.831184,4.6754821,6.3056351,9.523895699999999,14.1967207,16.8031999,,18.1513342,,22.0815169,,24.292191,,31.3321467
"REMIND-MAgPIE 3.5-4.11","Medium-to-Low - SSP3","Middle East (R10)","Capacity|Electricity|Solar|PV","GW",1,10.8381,,61.10817990000001,148.9731593,271.7597845,424.9756687,675.8908858,1024.1454107,1445.5616211,2095.6649302,,2808.766451099999,,3128.5777629,,3258.0364051,,3436.1842267
"REMIND-MAgPIE 3.5-4.11","Medium-to-Low - SSP3","Middle East (R10)","Capacity|Electricity|Wind|Offshore","GW",1,0,,0.00009,0.0581358,0.1676578,0.4422659,2.359664399999999,8.400136900000001,21.9072524,54.66514710000001,,130.2629286,,189.6815145,,218.7639756,,217.3290384
"REMIND-MAgPIE 3.5-4.11","Medium-to-Low - SSP3","Middle East (R10)","Capacity|Electricity|Wind|Onshore","GW",1,3.814249999999999,,6.431500000000001,7.1043976,8.3296007,11.8439271,28.59497440000001,72.17276479999998,157.7826326,345.5669321999999,,734.8624281999998,,1068.4480021,,1295.6970205,,1251.4755609
"REMIND-MAgPIE 3.5-4.11","Medium-to-Low - SSP3","North America (R10)","Capacity|Electricity|Biomass","GW",1,18.3942339,,17.670141,16.4745317,14.6009934,11.8041985,8.2404665,5.1314192,3.051443099999999,1.3910286,,0.00048,,0.0001878,,0.00007530000000000001,,0.0000289
"REMIND-MAgPIE 3.5-4.11","Medium-to-Low - SSP3","North America (R10)","Capacity|Electricity|Coal","GW",1,259.588421,,217.8087998,146.6664903,124.6024105,114.6606138,85.33297329999999,33.0988677,6.910367100000001,1.5729842,,0.0787303,,0,,0,,0
"REMIND-MAgPIE 3.5-4.11","Medium-to-Low - SSP3","North America (R10)","Capacity|Electricity|Gas","GW",1,550.9803515000001,,532.933284,516.2109518,511.1683048,486.8607091,429.3965224999999,363.9174424,282.8122132,260.7870588,,259.3446851000001,,260.3844687,,273.1496971000001,,286.1986362
"REMIND-MAgPIE 3.5-4.11","Medium-to-Low - SSP3","North America (R10)","Capacity|Electricity|Geothermal","GW",1,3.5882,,3.815,4.8869394,7.458944199999999,11.7280306,17.7458274,24.4223611,30.0976781,36.9463516,,37.94008239999999,,37.94008239999999,,37.94008239999999,,37.94008239999999
"REMIND-MAgPIE 3.5-4.11","Medium-to-Low - SSP3","North America (R10)","Capacity|Electricity|Hydro","GW",1,109.7390259,,112.9739282,114.2626,114.3243608,114.3243608,114.3243608,114.3243608,114.3243608,116.1021816,,116.1021816,,116.1021816,,116.1021816,,116.1021816
"REMIND-MAgPIE 3.5-4.11","Medium-to-Low - SSP3","North America (R10)","Capacity|Electricity|Hydrogen","GW",1,0,,0,0.0002,0.0002,0.0002,0.0002,0.0002,0.0002,0.0002,,0.0002111,,0.0002,,0.0002395,,0.0002
"REMIND-MAgPIE 3.5-4.11","Medium-to-Low - SSP3","North America (R10)","Capacity|Electricity|Nuclear","GW",1,101.9425666,,88.9524509,37.88544459999999,24.2752759,15.4263656,10.136204,7.0744444,6.1656077,5.437815899999999,,3.1017788,,0.510479999999999,,0,,0
"REMIND-MAgPIE 3.5-4.11","Medium-to-Low - SSP3","North America (R10)","Capacity|Electricity|Oil","GW",1,24.7957899,,14.4866867,4.665786399999999,0.0001,0.0001491,0.0001952,0.000234,0.0002581,0.0002831000000000002,,0.0002827,,0.0001805,,0.0000776,,0
"REMIND-MAgPIE 3.5-4.11","Medium-to-Low - SSP3","North America (R10)","Capacity|Electricity|Solar|CSP","GW",1,1.72725,,3.4291162,7.2471972,7.7828796,8.3358519,9.538388299999998,13.0974411,18.5660703,20.6949223,,21.0509762,,21.5057891,,22.7525834,,27.3716122
"REMIND-MAgPIE 3.5-4.11","Medium-to-Low - SSP3","North America (R10)","Capacity|Electricity|Solar|PV","GW",1,81.39495000000001,,264.9772316999999,487.0794678,759.9041469,982.7550299,1251.7297279,1523.5956447,1714.5004068,1941.8152032,,1895.4616007,,1966.0986294,,2064.241549,,2206.1124383
"REMIND-MAgPIE 3.5-4.11","Medium-to-Low - SSP3","North America (R10)","Capacity|Electricity|Wind|Offshore","GW",1,0.0323,,1.896008,10.7116172,23.4645066,38.29949240000001,59.92225580000001,86.3865203,113.7525539,152.013013,,186.26459,,220.2456136,,257.8630545,,284.6207218
"REMIND-MAgPIE 3.5-4.11","Medium-to-Low - SSP3","North America (R10)","Capacity|Electricity|Wind|Onshore","GW",1,124.0785,,192.5318548,248.8333233,324.1994792,398.1967761,525.3599473999999,685.4963894,833.6777451,1037.6073316,,1077.6794878,,1056.4137105,,1112.2467402,,1137.5595055
"REMIND-MAgPIE 3.5-4.11","Medium-to-Low - SSP3","Other (R10)","Capacity|Electricity|Biomass","GW",1,3.5613012,,3.7224951,3.6982238,3.3817612,2.8934069,2.2461487,1.4421808,0.8643174,0.4502934,,0.06922500000000001,,0.0001077,,0.0000127,,0
"REMIND-MAgPIE 3.5-4.11","Medium-to-Low - SSP3","Other (R10)","Capacity|Electricity|Coal","GW",1,28.8153,,12.7490804,2.6291687,3.738976,5.0391863,3.6988628,2.7835128,1.8328827,0.8561913000000001,,0.03332710000000001,,0.000335,,0.0002344,,0.0001362
"REMIND-MAgPIE 3.5-4.11","Medium-to-Low - SSP3","Other (R10)","Capacity|Electricity|Gas","GW",1,41.9454,,38.9367862,36.20207420000001,32.53786479999999,28.4463618,24.5443434,18.1668696,12.8881772,11.6215044,,9.391794800000001,,9.161968899999998,,8.424548699999999,,7.7028606
"REMIND-MAgPIE 3.5-4.11","Medium-to-Low - SSP3","Other (R10)","Capacity|Electricity|Geothermal","GW",1,1.3475007,,1.7864,2.4418209,3.5051311,5.014609999999999,6.916731700000001,8.970346300000001,10.9005406,13.812249,,16.0291286,,16.7130353,,16.7130353,,16.7130353
"REMIND-MAgPIE 3.5-4.11","Medium-to-Low - SSP3","Other (R10)","Capacity|Electricity|Hydro","GW",1,88.46142630000001,,93.18267589999999,98.31367990000001,104.1662689,110.9064729,118.2743897,125.3908382,131.3987504,141.0855655,,146.1294554,,147.4931694,,147.4931694,,147.4931694
"REMIND-MAgPIE 3.5-4.11","Medium-to-Low - SSP3","Other (R10)","Capacity|Electricity|Hydrogen","GW",1,0,,0,0.0002,0.0002,0.0002,0.0002,0.0002,0.0002251,0.0002,,0.0002,,0.0002,,0.0002267,,0.0002
"REMIND-MAgPIE 3.5-4.11","Medium-to-Low - SSP3","Other (R10)","Capacity|Electricity|Nuclear","GW",1,12.6018486,,11.2541743,6.0340121,4.5084011,3.3957175,2.5546275,1.7823408,1.0272658,0.35733,,0.230999,,0.0229102,,0,,0
"REMIND-MAgPIE 3.5-4.11","Medium-to-Low - SSP3","Other (R10)","Capacity|Electricity|Oil","GW",1,3.0688317,,1.7988071,0.5820284,0.0001,0.0001491,0.0001952,0.000234,0.0002581,0.0002831000000000002,,0.0002827,,0.0001805,,0.0000776,,0
"REMIND-MAgPIE 3.5-4.11","Medium-to-Low - SSP3","Other (R10)","Capacity|Electricity|Solar|CSP","GW",1,0.00285,,0.00285,0.0245779,0.0274822,0.0300582,0.0323808,0.0338707,0.0344452,0.0363906,,0.036225199999999,,0.036244099999999,,0.0358885,,0.0351899
"REMIND-MAgPIE 3.5-4.11","Medium-to-Low - SSP3","Other (R10)","Capacity|Electricity|Solar|PV","GW",1,22.2547,,62.70936,120.4859551,175.6772841,214.3111461,246.7888236,262.8400003,256.2560536999999,246.5320231,,217.4151645,,215.8206644,,202.2804404,,192.0234093
"REMIND-MAgPIE 3.5-4.11","Medium-to-Low - SSP3","Other (R10)","Capacity|Electricity|Wind|Offshore","GW",1,0,,0.332045299999999,2.1061704,6.0143124,12.1069516,20.0911166,28.1670909,33.976726,39.79818960000001,,41.21305880000001,,40.56459390000001,,41.48788009999999,,39.958249
"REMIND-MAgPIE 3.5-4.11","Medium-to-Low - SSP3","Other (R10)","Capacity|Electricity|Wind|Onshore","GW",1,22.73065,,32.53857880000001,32.1077097,31.3185505,28.9619776,28.0977233,27.659521,27.3922124,32.0855066,,33.2261814,,32.7033856,,33.4477438,,32.2145473
"REMIND-MAgPIE 3.5-4.11","Medium-to-Low - SSP3","Pacific OECD (R10)","Capacity|Electricity|Biomass","GW",1,10.879846,,14.284789,16.5310502,17.17985710000001,16.4895888,15.1805653,13.5292568,11.4718646,7.8390782,,2.116325,,0.1679346,,0.0003097,,0.0001652
"REMIND-MAgPIE 3.5-4.11","Medium-to-Low - SSP3","Pacific OECD (R10)","Capacity|Electricity|Coal","GW",1,43.6977,,40.28090520000001,38.6073068,37.9859203,38.3271966,32.8087134,16.0581192,4.289459700000001,1.6011449,,0.0004,,0.0000439,,0.0000335,,0.0000113
"REMIND-MAgPIE 3.5-4.11","Medium-to-Low - SSP3","Pacific OECD (R10)","Capacity|Electricity|Gas","GW",1,80.85904699999999,,84.88573469999999,93.9768855,101.1324334,93.3755954,79.62009119999999,65.70721150000001,49.9854764,30.1886156,,17.7629943,,15.7554868,,14.0742465,,13.506397
"REMIND-MAgPIE 3.5-4.11","Medium-to-Low - SSP3","Pacific OECD (R10)","Capacity|Electricity|Geothermal","GW",1,0.6256328,,0.7098,1.0488332,1.6686559,2.5405811,3.6265902,4.665379499999999,5.353296,6.0435529,,6.0435529,,6.0435529,,6.0435529,,6.0435529
"REMIND-MAgPIE 3.5-4.11","Medium-to-Low - SSP3","Pacific OECD (R10)","Capacity|Electricity|Hydro","GW",1,30.9879676,,32.6869971,34.3799198,35.9459456,37.3631881,38.7270881,39.8326625,40.488577,41.71225,,41.71225,,41.71225,,41.71225,,41.71225
"REMIND-MAgPIE 3.5-4.11","Medium-to-Low - SSP3","Pacific OECD (R10)","Capacity|Electricity|Hydrogen","GW",1,0,,0,0.0002,0.0002074,0.0002058,0.0002,0.0002,0.0002,0.0002546000000000001,,0.0002,,0.0002,,0.0002,,0.0002
"REMIND-MAgPIE 3.5-4.11","Medium-to-Low - SSP3","Pacific OECD (R10)","Capacity|Electricity|Nuclear","GW",1,38.0812121,,33.13501720000001,13.2326101,8.170481800000001,5.150233,4.1131593,4.8716812,7.4178735,12.2149495,,18.5711488,,22.9022705,,25.0699312,,24.2081938
"REMIND-MAgPIE 3.5-4.11","Medium-to-Low - SSP3","Pacific OECD (R10)","Capacity|Electricity|Oil","GW",1,25.0760445,,14.6116614,4.6886452,0.0001,0.0001491,0.0001952,0.000234,0.0002581,0.000283,,0.0002827,,0.0001805,,0.0000776,,0
"REMIND-MAgPIE 3.5-4.11","Medium-to-Low - SSP3","Pacific OECD (R10)","Capacity|Electricity|Solar|CSP","GW",1,0,,0.00009,0.0001399,0.0001892,0.0002361,0.0007279000000000001,0.0012094,0.0016706,0.0023428,,0.0030761,,0.0033377,,0.0033109,,0.0033852
"REMIND-MAgPIE 3.5-4.11","Medium-to-Low - SSP3","Pacific OECD (R10)","Capacity|Electricity|Solar|PV","GW",1,67.01110000000001,,99.04982690000001,116.5793935,122.5744842,121.1129844,124.0978294,132.4146775,140.5886938,161.2676134,,146.5483607,,131.0207389,,118.3072307,,120.051502
"REMIND-MAgPIE 3.5-4.11","Medium-to-Low - SSP3","Pacific OECD (R10)","Capacity|Electricity|Wind|Offshore","GW",1,0.0882,,1.2011869,3.8465352,7.503964799999999,11.5363602,18.5693023,29.2719896,41.49355880000001,58.4593592,,65.4861779,,63.29918390000001,,60.849113,,56.44085159999999
"REMIND-MAgPIE 3.5-4.11","Medium-to-Low - SSP3","Pacific OECD (R10)","Capacity|Electricity|Wind|Onshore","GW",1,3.78005,,5.29435,6.153464799999999,7.232772100000001,8.1170565,11.429368,16.5260937,22.61105790000001,31.8562204,,35.6853401,,34.49358290000001,,33.15846739999999,,30.7562764
"REMIND-MAgPIE 3.5-4.11","Medium-to-Low - SSP3","Reforming Economies (R10)","Capacity|Electricity|Biomass","GW",1,4.3450407,,7.152385799999998,10.1376859,12.2226334,12.8129019,12.465525,11.7148451,10.5792591,7.9741161,,3.1587025,,0.4893444,,0.008880500000000001,,0.0000138
"REMIND-MAgPIE 3.5-4.11","Medium-to-Low - SSP3","Reforming Economies (R10)","Capacity|Electricity|Coal","GW",1,59.5584,,56.0837585,53.06653280000001,48.9858362,43.09655270000001,30.5137702,16.746856,7.9140304,2.5507039,,0.0007490000000000001,,0.0003879999999999999,,0.0002602,,0.0001565
"REMIND-MAgPIE 3.5-4.11","Medium-to-Low - SSP3","Reforming Economies (R10)","Capacity|Electricity|Gas","GW",1,157.6400745,,180.7818582,214.6834141,253.5111175,292.2503451,304.0437386999999,274.6694363,238.4810417,142.1318433,,50.8882773,,55.1051684,,53.4372349,,51.03521730000001
"REMIND-MAgPIE 3.5-4.11","Medium-to-Low - SSP3","Reforming Economies (R10)","Capacity|Electricity|Geothermal","GW",1,0.0949546,,0.1134,0.1505889,0.1978309,0.2559809,0.3580501,0.485677,0.613585099999999,0.7967674999999991,,0.8580353000000001,,0.8580353000000001,,0.8580353000000001,,0.8580353000000001
"REMIND-MAgPIE 3.5-4.11","Medium-to-Low - SSP3","Reforming Economies (R10)","Capacity|Electricity|Hydro","GW",1,76.89038049999999,,81.58577059999999,86.45652410000001,91.6206107,97.31974249999999,107.0159936,122.165303,143.3113107,183.1597717,,243.2150007,,292.1488167,,319.0131589999999,,325.5190434
"REMIND-MAgPIE 3.5-4.11","Medium-to-Low - SSP3","Reforming Economies (R10)","Capacity|Electricity|Hydrogen","GW",1,0,,0,0.0002,0.0002,0.0002,0.0002,0.0002,0.0002,0.0002,,0.0002,,0.0002,,0.0002,,0.0002
"REMIND-MAgPIE 3.5-4.11","Medium-to-Low - SSP3","Reforming Economies (R10)","Capacity|Electricity|Nuclear","GW",1,42.4369819,,40.9676178,27.840291,24.1051652,21.1030196,18.6039432,16.0492704,13.199003,9.424513399999999,,2.7822876,,0.3352823,,0.008367399999999001,,0
"REMIND-MAgPIE 3.5-4.11","Medium-to-Low - SSP3","Reforming Economies (R10)","Capacity|Electricity|Oil","GW",1,0.7419386,,0.4495695,0.1520669,0.0001,0.0001491,0.0001952,0.000234,0.0002581,0.0002831000000000002,,0.0002827,,0.0001805,,0.0000776,,0
"REMIND-MAgPIE 3.5-4.11","Medium-to-Low - SSP3","Reforming Economies (R10)","Capacity|Electricity|Solar|CSP","GW",1,0.341243999999999,,1.3653765,3.485178,3.8539321,4.190217799999999,4.954306,6.6115011,9.1739258,9.9635014,,10.1962181,,11.7506721,,12.4561244,,14.9488971
"REMIND-MAgPIE 3.5-4.11","Medium-to-Low - SSP3","Reforming Economies (R10)","Capacity|Electricity|Solar|PV","GW",1,8.61555,,33.6534567,74.62857039999999,114.970243,147.8679949,206.6124776,287.6742142,388.4811002999999,554.9026542999999,,686.5241157999999,,733.5460543999999,,718.4734891,,718.172828
"REMIND-MAgPIE 3.5-4.11","Medium-to-Low - SSP3","Reforming Economies (R10)","Capacity|Electricity|Wind|Offshore","GW",1,0,,0.00008,0.0883286,0.1101386,0.1467745,1.1217378,4.1646619,10.6057987,24.7803215,,49.42551710000001,,73.2324272,,94.8641779,,108.0575385
"REMIND-MAgPIE 3.5-4.11","Medium-to-Low - SSP3","Reforming Economies (R10)","Capacity|Electricity|Wind|Onshore","GW",1,3.1426,,5.7030364,6.026780799999999,5.824468299999999,5.266372,8.534071399999997,21.1926261,50.79357180000001,118.6785713,,236.7099936,,287.020793,,303.301841,,278.3962233
"REMIND-MAgPIE 3.5-4.11","Medium-to-Low - SSP3","Rest of Asia (R10)","Capacity|Electricity|Biomass","GW",1,10.7406,,9.567412800000001,8.4846,7.0569986,5.5456285,4.9621821,3.2882829,1.7412671,0.601806699999999,,0.0005224000000000001,,0.00005430000000000002,,0.00002530000000000001,,0.0000191
"REMIND-MAgPIE 3.5-4.11","Medium-to-Low - SSP3","Rest of Asia (R10)","Capacity|Electricity|Coal","GW",1,124.6203,,129.5722787,131.4350474,132.8969061,135.6391443,133.5499509,109.4038959,60.4089574,16.4144622,,0.09618249999999999,,0.00005159999999999999,,0.0000203,,0.000007
"REMIND-MAgPIE 3.5-4.11","Medium-to-Low - SSP3","Rest of Asia (R10)","Capacity|Electricity|Gas","GW",1,191.5124865,,222.9365698,277.2715474999999,356.1957662,413.8468584,426.8835778999999,421.7248122,425.2379298999999,370.0965497999999,,311.5646857,,350.9655956,,384.3603013,,415.9318501999999
"REMIND-MAgPIE 3.5-4.11","Medium-to-Low - SSP3","Rest of Asia (R10)","Capacity|Electricity|Geothermal","GW",1,5.442515599999999,,6.4988,8.265271899999998,11.0956852,15.4006451,21.46534059999999,28.686708,35.9958886,46.882273,,53.2354941,,53.2354941,,53.2354941,,53.2354941
"REMIND-MAgPIE 3.5-4.11","Medium-to-Low - SSP3","Rest of Asia (R10)","Capacity|Electricity|Hydro","GW",1,76.94664190000002,,105.4722535,134.198,153.4151044,166.2159364,175.874995,183.3641009,189.2327181,197.434519,,202.3774451,,204.2714326,,204.3372999,,204.3372999
"REMIND-MAgPIE 3.5-4.11","Medium-to-Low - SSP3","Rest of Asia (R10)","Capacity|Electricity|Hydrogen","GW",1,0,,0,0.0002,0.0002,0.0002,0.0002,0.0002,0.0002,0.0002,,0.0002,,0.0002,,0.0002,,0.0002
"REMIND-MAgPIE 3.5-4.11","Medium-to-Low - SSP3","Rest of Asia (R10)","Capacity|Electricity|Nuclear","GW",1,26.6284065,,29.2958191,26.0132302,27.5956633,28.4255036,28.6580978,27.98522929999999,26.2720095,23.2863297,,13.691912,,5.8537826,,1.9342447,,0.4264091
"REMIND-MAgPIE 3.5-4.11","Medium-to-Low - SSP3","Rest of Asia (R10)","Capacity|Electricity|Oil","GW",1,29.1944716,,19.0714568,7.046480799999999,0.0001,0.0001491,0.0001952,0.000234,0.0002581,0.0002831000000000002,,0.0002827,,0.0001805,,0.0000776,,0
"REMIND-MAgPIE 3.5-4.11","Medium-to-Low - SSP3","Rest of Asia (R10)","Capacity|Electricity|Solar|CSP","GW",1,0.004750000000000001,,0.004750000000000001,0.099935799999999,0.1256977,0.1532955,0.1812393,0.2074969,0.2318524,0.2650708,,0.299722,,0.3372944999999991,,0.3618127,,0.37882
"REMIND-MAgPIE 3.5-4.11","Medium-to-Low - SSP3","Rest of Asia (R10)","Capacity|Electricity|Solar|PV","GW",1,36.38039999999999,,158.0778479,359.7852018,618.0043353000001,892.6493065000001,1237.8138526,1615.0851168,1989.6277906,2599.6107748,,3080.1502147,,3467.861308200001,,3779.4796662,,4099.922433400001
"REMIND-MAgPIE 3.5-4.11","Medium-to-Low - SSP3","Rest of Asia (R10)","Capacity|Electricity|Wind|Offshore","GW",1,0.597449999999999,,3.3850158,11.5063756,25.6431237,46.8187899,80.22631799999999,128.089755,189.4369238,296.7960136999999,,432.4973211,,521.3641218999999,,569.0492826,,582.8142792
"REMIND-MAgPIE 3.5-4.11","Medium-to-Low - SSP3","Rest of Asia (R10)","Capacity|Electricity|Wind|Onshore","GW",1,7.26915,,24.81498570000001,42.0247882,71.63803019999999,115.254919,183.5452878,281.1256225,407.4698528,638.3941716,,930.2812579,,1121.4295384,,1223.9980611,,1253.605917
"REMIND-MAgPIE 3.5-4.11","Medium-to-Low - SSP3","World","Capacity|Electricity|Biomass","GW",1,124.1078217,,128.1842263,133.6533428,119.3931976,102.5549161,81.824921,60.0557319,40.14610260000001,22.2803957,,5.5425679,,0.6586462000000001,,0.0098269,,0.0004715000000000001
"REMIND-MAgPIE 3.5-4.11","Medium-to-Low - SSP3","World","Capacity|Electricity|Coal","GW",1,2044.3096208,,2026.9697505,1830.7075161,1825.5277475,1816.9537257,1593.8666154,1017.6564221,524.6935829000001,212.0684464000001,,41.5763805,,0.6999572,,0.0015741,,0.0009745
"REMIND-MAgPIE 3.5-4.11","Medium-to-Low - SSP3","World","Capacity|Electricity|Gas","GW",1,1984.9548159,,2148.3620825,2221.0931499,2534.302291,2800.7013072,2868.661891,2833.745185,2792.4085604,2624.730916200001,,2367.1744905,,2487.6280546,,2593.880944,,2600.1607543
"REMIND-MAgPIE 3.5-4.11","Medium-to-Low - SSP3","World","Capacity|Electricity|Geothermal","GW",1,17.29866,,20.6150285,27.6192356,39.7782436,57.80501520000001,81.7919471,108.6006191,133.6971435,169.1336645,,189.4577727,,193.1698588,,193.1698588,,193.1698588
"REMIND-MAgPIE 3.5-4.11","Medium-to-Low - SSP3","World","Capacity|Electricity|Hydro","GW",1,1267.3466636,,1409.8928042,1531.6019737,1625.4888682,1707.3673729,1794.3064883,1888.568457,1988.3047281,2158.3656571,,2342.1353087,,2485.1524385,,2568.2097171,,2599.0137492
"REMIND-MAgPIE 3.5-4.11","Medium-to-Low - SSP3","World","Capacity|Electricity|Hydrogen","GW",1,0,,0,0.0024002,0.002409,0.0024144,0.0024,0.0024,0.0024503,0.0024546,,0.0024111,,0.0024,,0.0024662,,65.15616390000001
"REMIND-MAgPIE 3.5-4.11","Medium-to-Low - SSP3","World","Capacity|Electricity|Nuclear","GW",1,412.9798725,,400.7240476,257.5402398,231.5791226,213.8427307,205.8176051,202.5039035,200.6085505,200.493163,,164.9559529,,134.1525305,,118.0711097,,102.0330692
"REMIND-MAgPIE 3.5-4.11","Medium-to-Low - SSP3","World","Capacity|Electricity|Oil","GW",1,229.5826915,,143.4574664,50.3886502,0.0012,0.001789,0.0023423,0.0028078,0.0030974,0.003397,,0.0033922,,0.0021661,,0.0009310999999999998,,0
"REMIND-MAgPIE 3.5-4.11","Medium-to-Low - SSP3","World","Capacity|Electricity|Solar|CSP","GW",1,6.534543999999999,,12.8164525,26.1196475,29.8030155,33.8195025,42.24525180000001,60.6341595,88.5190415,104.2209563,,114.3865792,,129.3795088,,140.7133692,,175.5994784
"REMIND-MAgPIE 3.5-4.11","Medium-to-Low - SSP3","World","Capacity|Electricity|Solar|PV","GW",1,759.3656499999998,,2444.0880196,4325.598018299999,6088.3859259,7653.1038965,9678.8546863,11991.6324516,14244.871791,17788.56388370001,,20119.0174726,,21989.0700435,,22975.1641743,,24000.4397506
"REMIND-MAgPIE 3.5-4.11","Medium-to-Low - SSP3","World","Capacity|Electricity|Wind|Offshore","GW",1,42.63795,,105.4577064,205.8364143,328.6512139,471.1684619,654.5315672999999,875.3574571999999,1120.9656967,1541.0843388,,2054.792196500001,,2501.730392200001,,2881.7584063,,3019.9670351
"REMIND-MAgPIE 3.5-4.11","Medium-to-Low - SSP3","World","Capacity|Electricity|Wind|Onshore","GW",1,683.3241907999999,,1155.1462166,1636.0937226,2158.577787,2639.4956269,3333.2923369,4237.448545599999,5288.014441,7123.693291,,8699.357204799999,,9484.6100192,,10059.0025123,,9986.121278800003
"REMIND-MAgPIE 3.5-4.11","Medium - SSP3","Africa (R10)","Capacity|Electricity|Biomass","GW",1,1.377,,1.2718661,1.2386893,1.1775637,1.0048935,0.8054289,0.5478254,0.3073646,0.1176189,,0.0005174000000000001,,0.0003838,,0.0002045,,0.0001241
"REMIND-MAgPIE 3.5-4.11","Medium - SSP3","Africa (R10)","Capacity|Electricity|Coal","GW",1,39.1032,,34.4884556,30.0189653,26.3228478,23.9545069,23.7674946,27.0702126,36.0857821,53.4754056,,79.85548839999998,,97.1454665,,92.91504320000001,,75.67619869999999
"REMIND-MAgPIE 3.5-4.11","Medium - SSP3","Africa (R10)","Capacity|Electricity|Gas","GW",1,27.799935,,46.0014724,71.43329740000001,113.192096,163.839412,210.7416254,250.6390943,266.6159188,276.1134192,,264.7217924999999,,247.9673386,,225.7558571,,264.6878932
"REMIND-MAgPIE 3.5-4.11","Medium - SSP3","Africa (R10)","Capacity|Electricity|Geothermal","GW",1,0.6725647999999991,,0.8971676999999991,1.1676821,1.5415061,2.0695614,2.792240099999999,3.7364107,4.896787199999999,6.940757700000001,,9.5069632,,10.8560118,,10.8560118,,10.8560118
"REMIND-MAgPIE 3.5-4.11","Medium - SSP3","Africa (R10)","Capacity|Electricity|Hydro","GW",1,25.7518871,,30.3566355,36.3269907,45.0328888,57.3309106,73.64828490000001,94.01310720000001,117.5484544,155.2445026999999,,202.7590969,,241.3335384,,262.7820683,,268.5850927
"REMIND-MAgPIE 3.5-4.11","Medium - SSP3","Africa (R10)","Capacity|Electricity|Hydrogen","GW",1,0,,0,0.0002,0.0002,0.0002,0.0002,0.0002,0.0002,0.0002,,0.0002,,0.0002,,0.0002,,0.0002
"REMIND-MAgPIE 3.5-4.11","Medium - SSP3","Africa (R10)","Capacity|Electricity|Nuclear","GW",1,1.7442,,1.7484116,1.86,2.0073478,2.0392665,2.0132916,1.9522595,1.86,1.86,,1.86,,1.86,,1.86,,1.86
"REMIND-MAgPIE 3.5-4.11","Medium - SSP3","Africa (R10)","Capacity|Electricity|Oil","GW",1,2.8002376,,1.7513314,0.6158468,0.0001,0.0001491,0.0001952,0.000234,0.0002581,0.0002831000000000002,,0.0002827,,0.0001805,,0.0000776,,0
"REMIND-MAgPIE 3.5-4.11","Medium - SSP3","Africa (R10)","Capacity|Electricity|Solar|CSP","GW",1,0.456,,0.699409899999999,1.0381108,1.4497643,2.0188542,3.1305161,5.396253700000001,8.9101982,11.892256,,15.7309926,,19.9725413,,23.0845984,,30.0773591
"REMIND-MAgPIE 3.5-4.11","Medium - SSP3","Africa (R10)","Capacity|Electricity|Solar|PV","GW",1,5.48205,,25.5131674,57.20227220000001,107.2106585,181.0850098,283.04739,419.9264538999999,585.2716888,860.3364423999999,,1315.2148327,,1840.3637202,,2296.6966026,,2694.5566996
"REMIND-MAgPIE 3.5-4.11","Medium - SSP3","Africa (R10)","Capacity|Electricity|Wind|Offshore","GW",1,0,,0.3310086,1.260632,2.73259,5.099625100000001,8.773087499999999,14.1827187,22.8012809,41.5615317,,88.1814579,,158.8656521,,234.5973888,,279.3766189999999
"REMIND-MAgPIE 3.5-4.11","Medium - SSP3","Africa (R10)","Capacity|Electricity|Wind|Onshore","GW",1,3.58155,,9.493482600000002,16.92565279999999,28.5013659,46.8388263,75.26702820000001,117.1649066,173.9826791,277.9137449999999,,463.9275476999999,,673.8716383999999,,859.1238749000001,,942.7030880000001
"REMIND-MAgPIE 3.5-4.11","Medium - SSP3","China+ (R10)","Capacity|Electricity|Biomass","GW",1,12.2796,,11.8764386,10.3477735,8.721749399999998,6.9898132,5.1869261,3.4294038,1.8837432,0.7081272,,0.0003,,0.0000738,,0.0000648,,0.0000483
"REMIND-MAgPIE 3.5-4.11","Medium - SSP3","China+ (R10)","Capacity|Electricity|Coal","GW",1,1078.8081404,,1164.0203239,1051.7927791,1037.7785972,1020.7601465,960.8917625,889.8404069999999,820.5294021,696.3080731,,655.3988243,,642.3659765,,555.2159297999999,,435.7321406
"REMIND-MAgPIE 3.5-4.11","Medium - SSP3","China+ (R10)","Capacity|Electricity|Gas","GW",1,131.371,,182.2588688,192.9519446,209.790626,221.3440191,216.9703951,209.2512064,202.5883462,204.4085043,,185.4711417,,164.6415922,,149.1298346,,153.0904123
"REMIND-MAgPIE 3.5-4.11","Medium - SSP3","China+ (R10)","Capacity|Electricity|Geothermal","GW",1,0.0385698,,0.0462,0.1783033,0.3117372999999991,0.3730588,0.3730588,0.3730588,0.3730588,0.3730588,,0.3730588,,0.3730588,,0.3730588,,0.3730588
"REMIND-MAgPIE 3.5-4.11","Medium - SSP3","China+ (R10)","Capacity|Electricity|Hydro","GW",1,352.4729753,,413.5979123999999,454.9466733,481.8845168,499.4213735999999,510.484904,517.2072265999999,520.944796,526.8295291999999,,526.8295291999999,,526.8295291999999,,526.8295291999999,,526.8295291999999
"REMIND-MAgPIE 3.5-4.11","Medium - SSP3","China+ (R10)","Capacity|Electricity|Hydrogen","GW",1,0,,0,0.0002,0.0002,0.0002057,0.0002,0.0002,0.0002,0.0002,,0.0002,,0.0002,,0.0002,,0.0002
"REMIND-MAgPIE 3.5-4.11","Medium - SSP3","China+ (R10)","Capacity|Electricity|Nuclear","GW",1,48.9869612,,68.98396960000002,83.8180806,97.18445809999999,105.8717556,110.3982693,110.7708735,106.6300585,100.4622363,,75.92317609999999,,60,,60,,60
"REMIND-MAgPIE 3.5-4.11","Medium - SSP3","China+ (R10)","Capacity|Electricity|Oil","GW",1,15.8180276,,10.7677317,4.1528277,0.0001,0.0001491,0.0001952,0.000234,0.0002581,0.0002831000000000002,,0.0002827,,0.0001805,,0.0000776,,0
"REMIND-MAgPIE 3.5-4.11","Medium - SSP3","China+ (R10)","Capacity|Electricity|Solar|CSP","GW",1,0.4237,,0.931,0.9268542999999999,0.9099807,0.8643094000000001,0.7667042000000001,0.586962199999999,0.5020892,0.500353899999999,,0.4701894,,0.4381364,,0.4104621000000001,,0.3851562
"REMIND-MAgPIE 3.5-4.11","Medium - SSP3","China+ (R10)","Capacity|Electricity|Solar|PV","GW",1,286.1166,,1056.2523786,1541.9097954,1858.5156947,2100.0354905,2263.1136341,2354.7721099,2350.2685164,2408.7683559,,2189.823872200001,,2008.6624704,,1890.579761,,1836.9352533
"REMIND-MAgPIE 3.5-4.11","Medium - SSP3","China+ (R10)","Capacity|Electricity|Wind|Offshore","GW",1,16.30335,,42.02135000000001,63.00122449999999,82.7499487,99.7586957,111.4341613,115.382787,116.0594245,126.8250583,,117.8822844,,102.0853646,,99.5282414,,114.8607167
"REMIND-MAgPIE 3.5-4.11","Medium - SSP3","China+ (R10)","Capacity|Electricity|Wind|Onshore","GW",1,251.6439817,,473.499831,659.949778,821.8705461,940.4816625999999,1032.3919661,1084.7039416,1099.3478563,1201.3229988,,1116.6145028,,966.9815889,,942.7597912000001,,952.5026660999998
"REMIND-MAgPIE 3.5-4.11","Medium - SSP3","Europe (R10)","Capacity|Electricity|Biomass","GW",1,33.4926,,34.91887250000001,40.66546420000001,31.1675794,24.0529359,15.8190476,8.503139899999999,3.3476155,0.5550651000000001,,0.1884596,,0.00007970000000000001,,0.0000421,,0.0000322
"REMIND-MAgPIE 3.5-4.11","Medium - SSP3","Europe (R10)","Capacity|Electricity|Coal","GW",1,137.7351,,49.2386388,15.9259338,14.2218007,12.3426264,10.131917,7.6895273,4.363574499999999,0.7714641000000001,,0.0014454,,0.0008650000000000001,,0.0006481,,0.0004155
"REMIND-MAgPIE 3.5-4.11","Medium - SSP3","Europe (R10)","Capacity|Electricity|Gas","GW",1,293.0262269,,289.1104527,177.813552,208.5774594,229.6563743,214.3650734,224.118089,224.1620705,227.8687507,,213.3439167,,208.8771169,,212.2758558,,214.5790712
"REMIND-MAgPIE 3.5-4.11","Medium - SSP3","Europe (R10)","Capacity|Electricity|Geothermal","GW",1,2.9686756,,3.9568328,6.167321799999999,9.707847999999998,14.4664815,19.9561868,25.4814963,30.4695582,37.7589557,,43.3678689,,45.7370118,,45.7370118,,45.7370118
"REMIND-MAgPIE 3.5-4.11","Medium - SSP3","Europe (R10)","Capacity|Electricity|Hydro","GW",1,220.1095889,,232.7643075,244.3202785,249.539525,251.6237597999999,252.1177221,252.1177221,252.1177221,255.0513687,,255.0513687,,255.0513687,,255.0513687,,255.0513687
"REMIND-MAgPIE 3.5-4.11","Medium - SSP3","Europe (R10)","Capacity|Electricity|Hydrogen","GW",1,0,,0,0.0004,0.0004,0.0004,0.0004,0.0004,0.0004,0.0004,,0.0004,,0.0004,,0.0004,,0.0004
"REMIND-MAgPIE 3.5-4.11","Medium - SSP3","Europe (R10)","Capacity|Electricity|Nuclear","GW",1,124.8468993,,108.3841297,43.43545510000001,26.0213109,15.083792,8.6267616,5.0271036,4.237064,3.8655941,,2.529046,,0.4916259,,0.0000227,,0
"REMIND-MAgPIE 3.5-4.11","Medium - SSP3","Europe (R10)","Capacity|Electricity|Oil","GW",1,28.3264211,,16.7362377,5.474174600000001,0.0002,0.0002982,0.0003904,0.000468,0.0005162,0.0005662000000000002,,0.0005654,,0.000361,,0.0001552,,0
"REMIND-MAgPIE 3.5-4.11","Medium - SSP3","Europe (R10)","Capacity|Electricity|Solar|CSP","GW",1,2.1964,,2.1964,2.3415558,2.3461758,2.3507164,2.3547796,2.3580996,2.3602866,2.3640762,,2.3655839,,2.367472,,2.3704986,,2.3727322
"REMIND-MAgPIE 3.5-4.11","Medium - SSP3","Europe (R10)","Capacity|Electricity|Solar|PV","GW",1,171.0487,,368.388957,739.8651990999999,955.3937487999999,1090.015825,1162.0195137,1189.425405,1175.5098786,1177.5675996,,1102.3951239,,1130.8614096,,1143.1930057,,1195.4660286
"REMIND-MAgPIE 3.5-4.11","Medium - SSP3","Europe (R10)","Capacity|Electricity|Wind|Offshore","GW",1,25.61665,,54.5004604,103.1895151,156.4539777,214.340005,271.7977752,322.2786446,352.3354664999999,392.8840583,,398.536532,,392.9601352,,405.9561304,,403.5433716999999
"REMIND-MAgPIE 3.5-4.11","Medium - SSP3","Europe (R10)","Capacity|Electricity|Wind|Onshore","GW",1,190.3723591,,276.1596521,426.8162676999999,573.8777969,682.6941337000001,763.1481350000001,810.2169437000001,823.5436936000001,859.8203262,,830.7774458,,839.9026941999999,,881.6454442,,863.7396724999999
"REMIND-MAgPIE 3.5-4.11","Medium - SSP3","India+ (R10)","Capacity|Electricity|Biomass","GW",1,9.2106,,8.118648899999998,6.978224300000001,5.773968500000001,4.5070941,3.2157971,1.994432,0.9670211,0.2575205,,0.0003172,,0.00007060000000000002,,0.000038,,0.00002740000000000001
"REMIND-MAgPIE 3.5-4.11","Medium - SSP3","India+ (R10)","Capacity|Electricity|Coal","GW",1,247.6141594,,303.1344567,346.7889524999999,382.2690913,401.1190914,410.7294017,418.3283578999999,428.0611486,466.1041389,,487.4185669999999,,512.3414966999999,,520.0352950999999,,501.2467263999999
"REMIND-MAgPIE 3.5-4.11","Medium - SSP3","India+ (R10)","Capacity|Electricity|Gas","GW",1,35.3031077,,43.9134526,56.859736,71.5180505,81.6510575,86.46118640000002,97.0203124,108.3690699,128.3176555,,140.8125037,,150.4348543,,155.9840907,,164.4548938
"REMIND-MAgPIE 3.5-4.11","Medium - SSP3","India+ (R10)","Capacity|Electricity|Geothermal","GW",1,0.0238568,,0.051452,0.1051433,0.1784045,0.2569773,0.3240497,0.365004,0.3730588,0.3730588,,0.3730588,,0.3730588,,0.3730588,,0.3730588
"REMIND-MAgPIE 3.5-4.11","Medium - SSP3","India+ (R10)","Capacity|Electricity|Hydro","GW",1,52.4028656,,55.56130090000001,58.9436531,62.8090985,67.2255879,72.01756040000002,76.9748854,81.8093346,89.34499550000001,,93.73780490000001,,94.40522000000001,,94.40522000000001,,94.40522000000001
"REMIND-MAgPIE 3.5-4.11","Medium - SSP3","India+ (R10)","Capacity|Electricity|Hydrogen","GW",1,0,,0,0.0002002,0.0002,0.0002,0.0002,0.0002,0.0002,0.0002,,0.0002,,0.0002,,0.0002,,0.0002
"REMIND-MAgPIE 3.5-4.11","Medium - SSP3","India+ (R10)","Capacity|Electricity|Nuclear","GW",1,8.0428961,,10.1861452,11.0086287,11.7778944,11.9014367,11.4723463,10.5343205,9.1186966,7.209775400000001,,3.1959104,,0.7627976999999999,,0.0544975,,0
"REMIND-MAgPIE 3.5-4.11","Medium - SSP3","India+ (R10)","Capacity|Electricity|Oil","GW",1,4.6963619,,3.0842381,1.1461457,0.0001,0.0001491,0.0001952,0.000234,0.0002581,0.0002831000000000002,,0.0002827,,0.0001805,,0.0000776,,0
"REMIND-MAgPIE 3.5-4.11","Medium - SSP3","India+ (R10)","Capacity|Electricity|Solar|CSP","GW",1,0.357,,1.4933903,4.9858792,6.105716299999999,7.1976477,9.3541056,13.7951597,20.7091148,24.6774534,,26.1296359,,27.5724152,,28.5145795,,34.2127643
"REMIND-MAgPIE 3.5-4.11","Medium - SSP3","India+ (R10)","Capacity|Electricity|Solar|PV","GW",1,44.982,,206.2840995,449.6750391,728.5939959000001,975.8341166999999,1195.0089636,1396.5864853,1588.5290369,1919.3012018,,2105.9475813,,2268.1653541,,2356.625192500001,,2448.1859166
"REMIND-MAgPIE 3.5-4.11","Medium - SSP3","India+ (R10)","Capacity|Electricity|Wind|Offshore","GW",1,0,,0.9975640999999991,5.4619067,12.4214434,20.8465795,29.674408,37.5645086,43.64533170000001,51.6394616,,51.9736998,,50.3972269,,53.1273774,,58.5593385
"REMIND-MAgPIE 3.5-4.11","Medium - SSP3","India+ (R10)","Capacity|Electricity|Wind|Onshore","GW",1,40.6035,,76.9286452,125.7625243,200.1671099,286.0296844,373.6642347,449.8427819,508.1223809,601.1906703000001,,605.0818973,,586.7284762000002,,618.5131029,,681.7524209
"REMIND-MAgPIE 3.5-4.11","Medium - SSP3","Latin America (R10)","Capacity|Electricity|Biomass","GW",1,19.48859999999999,,19.2712504,18.7459,17.7786612,16.1514941,13.6970541,10.5172037,6.702873100000001,2.4891645,,0.007029100000000001,,0.0005275000000000001,,0.0003256000000000001,,0.0001963
"REMIND-MAgPIE 3.5-4.11","Medium - SSP3","Latin America (R10)","Capacity|Electricity|Coal","GW",1,16.3071,,15.3040012,11.8067612,13.5977663,15.9482277,17.9737924,18.7287087,17.6897227,14.9158866,,12.1546697,,7.925935099999999,,2.7929315,,0.2118364
"REMIND-MAgPIE 3.5-4.11","Medium - SSP3","Latin America (R10)","Capacity|Electricity|Gas","GW",1,102.3606,,99.66531769999999,95.05434079999999,100.1627348,112.7445418,121.2608242,123.4437653,121.8594128,110.72607,,105.1124148,,98.08287139999999,,105.6474882,,106.0896411
"REMIND-MAgPIE 3.5-4.11","Medium - SSP3","Latin America (R10)","Capacity|Electricity|Geothermal","GW",1,2.375946299999999,,2.5508,2.9536856,3.8006387,5.3447273,7.7212355,10.615448,13.5414251,17.8351432,,20.6674588,,20.6674588,,20.6674588,,20.6674588
"REMIND-MAgPIE 3.5-4.11","Medium - SSP3","Latin America (R10)","Capacity|Electricity|Hydro","GW",1,211.7261091,,226.5998085,241.9041542,258.7848714,277.6703632,297.9061671999999,319.3270413,341.5915684999999,379.4379941999999,,421.6217203,,456.762288,,477.1827271,,482.8369612
"REMIND-MAgPIE 3.5-4.11","Medium - SSP3","Latin America (R10)","Capacity|Electricity|Hydrogen","GW",1,0,,0,0.0002,0.0002,0.0002029,0.0002,0.0002,0.0002,0.0002,,0.0002,,0.0002,,0.0002,,0.0002
"REMIND-MAgPIE 3.5-4.11","Medium - SSP3","Latin America (R10)","Capacity|Electricity|Nuclear","GW",1,5.528611199999999,,5.335185299999999,3.8812246,3.4381653,3.0281319,2.66878,2.2716442,1.7938568,1.2018697,,0.3501669,,0.0280232,,0,,0
"REMIND-MAgPIE 3.5-4.11","Medium - SSP3","Latin America (R10)","Capacity|Electricity|Oil","GW",1,38.8822747,,24.4229518,8.6316148,0.0001,0.0001491,0.0001952,0.000234,0.0002581,0.0002831000000000002,,0.0002827,,0.0001805,,0.0000776,,0
"REMIND-MAgPIE 3.5-4.11","Medium - SSP3","Latin America (R10)","Capacity|Electricity|Solar|CSP","GW",1,0.063,,0.8725514999999999,2.832494,3.3700136,4.002833,5.2957117,7.8727422,11.4313604,13.1182206,,13.7760964,,14.7130271,,15.6069148,,18.1806105
"REMIND-MAgPIE 3.5-4.11","Medium - SSP3","Latin America (R10)","Capacity|Electricity|Solar|PV","GW",1,25.2415,,108.0735138,229.4139646,375.7815498999999,522.4613240999998,662.9012073999999,778.0917737000001,855.3042915999999,965.9365416999999,,997.0073832,,1062.9139789,,1109.9742117,,1148.3906339
"REMIND-MAgPIE 3.5-4.11","Medium - SSP3","Latin America (R10)","Capacity|Electricity|Wind|Offshore","GW",1,0,,0.7928972,4.6059733,11.3895502,21.7729221,35.56704749999999,50.91028349999999,65.4237404,86.13402380000001,,104.8913446,,120.8691329,,137.838408,,155.2847166
"REMIND-MAgPIE 3.5-4.11","Medium - SSP3","Latin America (R10)","Capacity|Electricity|Wind|Onshore","GW",1,32.30759999999999,,51.7503,64.3890352,85.6180672,115.8102915,156.0413557,200.5187765,247.1272347,325.3568656,,396.209507,,453.380923,,501.9457753999999,,484.4502223
"REMIND-MAgPIE 3.5-4.11","Medium - SSP3","Middle East (R10)","Capacity|Electricity|Biomass","GW",1,0.3384,,0.3299261,0.3512,0.331431899999999,0.3029606,0.2621812,0.205066,0.1272203,0.04254049999999999,,0.002682,,0.0002682,,0.0001974,,0.0001224
"REMIND-MAgPIE 3.5-4.11","Medium - SSP3","Middle East (R10)","Capacity|Electricity|Coal","GW",1,8.4618,,4.289051700000001,1.9695782,3.1275952,6.0664333,11.6185506,20.5033291,33.086255,54.8725404,,97.16205869999999,,146.6015423,,170.3384367,,151.6501384
"REMIND-MAgPIE 3.5-4.11","Medium - SSP3","Middle East (R10)","Capacity|Electricity|Gas","GW",1,372.1565868,,426.9382853999999,488.635406,576.5158375000001,676.6860328,764.0182389,825.9421023999998,837.5266649999999,838.2149679,,715.07149,,519.1395557999999,,373.1722457,,317.5653866
"REMIND-MAgPIE 3.5-4.11","Medium - SSP3","Middle East (R10)","Capacity|Electricity|Geothermal","GW",1,0.1202432,,0.189176,0.253645,0.3118618,0.3543612,0.3730588,0.3730588,0.3730588,0.3730588,,0.3730588,,0.3730588,,0.3730588,,0.3730588
"REMIND-MAgPIE 3.5-4.11","Medium - SSP3","Middle East (R10)","Capacity|Electricity|Hydro","GW",1,21.8577953,,25.1112142,27.5495,27.9656771,27.9656771,27.9656771,27.9656771,27.9656771,27.9656771,,27.9656771,,27.9656771,,27.9656771,,27.9656771
"REMIND-MAgPIE 3.5-4.11","Medium - SSP3","Middle East (R10)","Capacity|Electricity|Hydrogen","GW",1,0,,0,0.0002,0.0002016,0.0002,0.0002,0.0002,0.0002,0.0002,,0.0002,,0.0002,,0.0002,,0.0002
"REMIND-MAgPIE 3.5-4.11","Medium - SSP3","Middle East (R10)","Capacity|Electricity|Nuclear","GW",1,2.1392891,,2.481127,2.531262899999999,2.494958599999999,2.4175088,2.2741868,2.0341475,1.6604266,1.1314088,,0.1214791,,0,,0,,0
"REMIND-MAgPIE 3.5-4.11","Medium - SSP3","Middle East (R10)","Capacity|Electricity|Oil","GW",1,56.18229220000001,,36.2767942,13.233033,0.0001,0.0001491,0.0001952,0.000234,0.0002581,0.0002831000000000002,,0.0002827,,0.0001805,,0.0000776,,0
"REMIND-MAgPIE 3.5-4.11","Medium - SSP3","Middle East (R10)","Capacity|Electricity|Solar|CSP","GW",1,0.962349999999999,,1.8215182,3.1377245,3.831184,4.6754821,6.271459500000001,9.447290599999999,14.152364,16.5510252,,18.0860647,,19.7590629,,21.5848966,,27.6491895
"REMIND-MAgPIE 3.5-4.11","Medium - SSP3","Middle East (R10)","Capacity|Electricity|Solar|PV","GW",1,10.8381,,61.10817990000001,148.9731593,271.7597845,424.9756687,600.5961424,792.4060463999999,992.0667926,1300.8056825,,1689.149789,,2102.2759609,,2493.4973394,,2812.3829231
"REMIND-MAgPIE 3.5-4.11","Medium - SSP3","Middle East (R10)","Capacity|Electricity|Wind|Offshore","GW",1,0,,0.00009,0.0581358,0.1676578,0.4422659,1.0408924,2.2246126,5.0630253,12.691122,,39.1230237,,87.48987179999999,,141.6992431,,170.64361
"REMIND-MAgPIE 3.5-4.11","Medium - SSP3","Middle East (R10)","Capacity|Electricity|Wind|Onshore","GW",1,3.814249999999999,,6.431500000000001,7.1043976,8.3296007,11.8439271,20.6304719,37.98864949999999,68.4024962,132.7682951,,282.2923092999999,,512.9157662,,795.3737731000001,,962.0594199999999
"REMIND-MAgPIE 3.5-4.11","Medium - SSP3","North America (R10)","Capacity|Electricity|Biomass","GW",1,18.3942339,,17.670141,16.4745317,14.6009934,11.8041985,8.2404665,5.132012599999999,2.708107200000001,1.2147093,,0.0005276,,0.0003049,,0.0001672,,0.000097
"REMIND-MAgPIE 3.5-4.11","Medium - SSP3","North America (R10)","Capacity|Electricity|Coal","GW",1,259.588421,,217.8087998,146.6664903,124.6024105,114.6606138,118.8654898,138.0667537,171.25665,235.1251306,,311.0468501,,341.4255373999999,,299.4641393999999,,220.2284692
"REMIND-MAgPIE 3.5-4.11","Medium - SSP3","North America (R10)","Capacity|Electricity|Gas","GW",1,550.9803515000001,,532.933284,516.2109518,511.1683048,486.8607091,434.2320096999999,367.4010823,298.2484796,189.4258972,,140.6361605,,121.1978178,,127.7479791,,163.7719455
"REMIND-MAgPIE 3.5-4.11","Medium - SSP3","North America (R10)","Capacity|Electricity|Geothermal","GW",1,3.5882,,3.815,4.8869394,7.458944199999999,11.7280306,17.3629675,23.4233451,28.719283,35.5977243,,37.94008239999999,,37.94008239999999,,37.94008239999999,,37.94008239999999
"REMIND-MAgPIE 3.5-4.11","Medium - SSP3","North America (R10)","Capacity|Electricity|Hydro","GW",1,109.7390259,,112.9739282,114.2626,114.3243608,114.3243608,114.3243608,114.3243608,114.3243608,115.5041546,,115.5041546,,115.5041546,,115.5041546,,115.5041546
"REMIND-MAgPIE 3.5-4.11","Medium - SSP3","North America (R10)","Capacity|Electricity|Hydrogen","GW",1,0,,0,0.0002,0.0002,0.0002,0.0002,0.0002,0.0002,0.0002,,0.0002,,0.0002,,0.0002,,0.0002
"REMIND-MAgPIE 3.5-4.11","Medium - SSP3","North America (R10)","Capacity|Electricity|Nuclear","GW",1,101.9425666,,88.9524509,37.88544459999999,24.2752759,15.4263656,10.136204,7.0744444,6.1656077,5.437815899999999,,3.1017788,,0.510479999999999,,0,,0
"REMIND-MAgPIE 3.5-4.11","Medium - SSP3","North America (R10)","Capacity|Electricity|Oil","GW",1,24.7957899,,14.4866867,4.665786399999999,0.0001,0.0001491,0.0001952,0.000234,0.0002581,0.0002831000000000002,,0.0002827,,0.0001805,,0.0000776,,0
"REMIND-MAgPIE 3.5-4.11","Medium - SSP3","North America (R10)","Capacity|Electricity|Solar|CSP","GW",1,1.72725,,3.4291162,7.2471972,7.7828796,8.3358519,9.4047268,12.7558817,18.0724444,18.9237288,,18.4948729,,18.9975375,,19.7309466,,22.8619926
"REMIND-MAgPIE 3.5-4.11","Medium - SSP3","North America (R10)","Capacity|Electricity|Solar|PV","GW",1,81.39495000000001,,264.9772316999999,487.0794678,759.9041469,982.7550299,1133.3259804,1215.495037,1231.620337,1256.3237252,,1186.0608962,,1260.9597273,,1398.1266203,,1617.7136177
"REMIND-MAgPIE 3.5-4.11","Medium - SSP3","North America (R10)","Capacity|Electricity|Wind|Offshore","GW",1,0.0323,,1.896008,10.7116172,23.4645066,38.29949240000001,53.1006628,65.4387184,73.04569040000001,80.67253819999998,,77.93875390000001,,78.09955020000001,,96.4688314,,126.7002719
"REMIND-MAgPIE 3.5-4.11","Medium - SSP3","North America (R10)","Capacity|Electricity|Wind|Onshore","GW",1,124.0785,,192.5318548,248.8333233,324.1994792,398.1967761,473.4017323999999,526.7512173999999,556.3691162999999,614.4607375,,593.638247,,594.8629888999999,,680.8148537999999,,772.3034633999999
"REMIND-MAgPIE 3.5-4.11","Medium - SSP3","Other (R10)","Capacity|Electricity|Biomass","GW",1,3.5613012,,3.7224951,3.6982238,3.3817612,2.8934069,2.2460981,1.6249991,0.9897199,0.5266945000000001,,0.0869784,,0.0001548,,0.0001182,,0.0000766
"REMIND-MAgPIE 3.5-4.11","Medium - SSP3","Other (R10)","Capacity|Electricity|Coal","GW",1,28.8153,,12.7490804,2.6291687,3.738976,5.0391863,5.8087871,5.7841426,5.5088667,5.1586283,,3.8987222,,2.124866,,0.3968863,,0.0002725
"REMIND-MAgPIE 3.5-4.11","Medium - SSP3","Other (R10)","Capacity|Electricity|Gas","GW",1,41.9454,,38.9367862,36.20207420000001,32.53786479999999,28.4463618,24.8071962,21.11158870000001,13.4763823,8.2630023,,6.3260224,,5.471174400000001,,4.7440616,,3.954242899999999
"REMIND-MAgPIE 3.5-4.11","Medium - SSP3","Other (R10)","Capacity|Electricity|Geothermal","GW",1,1.3475007,,1.7864,2.4418209,3.5051311,5.014609999999999,6.8610647,8.8269725,10.6892733,13.5458681,,15.8663558,,16.7130353,,16.7130353,,16.7130353
"REMIND-MAgPIE 3.5-4.11","Medium - SSP3","Other (R10)","Capacity|Electricity|Hydro","GW",1,88.46142630000001,,93.18267589999999,98.31367990000001,104.1662689,110.9064729,117.9225842,124.5202831,130.1407539,139.5191598,,145.3544456,,147.4931694,,147.4931694,,147.4931694
"REMIND-MAgPIE 3.5-4.11","Medium - SSP3","Other (R10)","Capacity|Electricity|Hydrogen","GW",1,0,,0,0.0002,0.0002,0.0002,0.0002,0.0002,0.0002251,0.0002,,0.0002,,0.0002,,0.0002,,0.0002
"REMIND-MAgPIE 3.5-4.11","Medium - SSP3","Other (R10)","Capacity|Electricity|Nuclear","GW",1,12.6018486,,11.2541743,6.0340121,4.5084011,3.3957175,2.5546275,1.7823408,1.0272658,0.35733,,0.230999,,0.0229102,,0,,0
"REMIND-MAgPIE 3.5-4.11","Medium - SSP3","Other (R10)","Capacity|Electricity|Oil","GW",1,3.0688317,,1.7988071,0.5820284,0.0001,0.0001491,0.0001952,0.000234,0.0002581,0.0002831000000000002,,0.0002827,,0.0001805,,0.0000776,,0
"REMIND-MAgPIE 3.5-4.11","Medium - SSP3","Other (R10)","Capacity|Electricity|Solar|CSP","GW",1,0.00285,,0.00285,0.0245779,0.0274822,0.0300582,0.0320606,0.033114,0.0328047,0.0335478,,0.0329192,,0.0334059,,0.0316949,,0.0305151
"REMIND-MAgPIE 3.5-4.11","Medium - SSP3","Other (R10)","Capacity|Electricity|Solar|PV","GW",1,22.2547,,62.70936,120.4859551,175.6772841,214.3111461,233.3273506,233.9475013,217.4198884,196.2717866,,161.7230939,,164.5108906,,152.3108114,,139.5083408
"REMIND-MAgPIE 3.5-4.11","Medium - SSP3","Other (R10)","Capacity|Electricity|Wind|Offshore","GW",1,0,,0.332045299999999,2.1061704,6.0143124,12.1069516,19.1771233,25.4308915,29.5794806,33.2669295,,33.3493405,,31.4547814,,29.8366576,,26.6644025
"REMIND-MAgPIE 3.5-4.11","Medium - SSP3","Other (R10)","Capacity|Electricity|Wind|Onshore","GW",1,22.73065,,32.53857880000001,32.1077097,31.3185505,28.9619776,27.3608572,25.4535829,23.8471305,26.8199708,,26.886411,,25.3590077,,24.0544678,,21.4969794
"REMIND-MAgPIE 3.5-4.11","Medium - SSP3","Pacific OECD (R10)","Capacity|Electricity|Biomass","GW",1,10.879846,,14.284789,16.5310502,17.17985710000001,16.4895888,15.1805653,13.1161908,10.0995653,6.7825213,,1.73427,,0.1221175,,0.0002936,,0.0001699
"REMIND-MAgPIE 3.5-4.11","Medium - SSP3","Pacific OECD (R10)","Capacity|Electricity|Coal","GW",1,43.6977,,40.28090520000001,38.6073068,37.9859203,38.3271966,40.06235680000001,43.1054334,47.0073992,54.8247628,,57.77675900000001,,55.4097574,,48.367177,,39.8816321
"REMIND-MAgPIE 3.5-4.11","Medium - SSP3","Pacific OECD (R10)","Capacity|Electricity|Gas","GW",1,80.85904699999999,,84.88573469999999,93.9768855,101.1324334,93.3755954,79.7482025,65.8644671,54.15013020000001,29.6533258,,9.82028,,8.748942999999997,,7.8281907,,6.907299600000001
"REMIND-MAgPIE 3.5-4.11","Medium - SSP3","Pacific OECD (R10)","Capacity|Electricity|Geothermal","GW",1,0.6256328,,0.7098,1.0488332,1.6686559,2.5405811,3.5553838,4.5165229,5.224000599999999,6.0435529,,6.0435529,,6.0435529,,6.0435529,,6.0435529
"REMIND-MAgPIE 3.5-4.11","Medium - SSP3","Pacific OECD (R10)","Capacity|Electricity|Hydro","GW",1,30.9879676,,32.6869971,34.3799198,35.9459456,37.3631881,38.55823520000001,39.5043868,40.18263880000001,41.6406314,,41.6406314,,41.6406314,,41.6406314,,41.6406314
"REMIND-MAgPIE 3.5-4.11","Medium - SSP3","Pacific OECD (R10)","Capacity|Electricity|Hydrogen","GW",1,0,,0,0.0002,0.0002074,0.0002058,0.0002,0.0002,0.0002,0.0002,,0.0002,,0.0002,,0.0002,,0.0002
"REMIND-MAgPIE 3.5-4.11","Medium - SSP3","Pacific OECD (R10)","Capacity|Electricity|Nuclear","GW",1,38.0812121,,33.13501720000001,13.2326101,8.170481800000001,5.150233,3.4322287,2.4427976,2.2220422,2.1055235,,1.6049666,,0.676750099999999,,0.1330114,,0.0044792
"REMIND-MAgPIE 3.5-4.11","Medium - SSP3","Pacific OECD (R10)","Capacity|Electricity|Oil","GW",1,25.0760445,,14.6116614,4.6886452,0.0001,0.0001491,0.0001952,0.000234,0.0002581,0.000283,,0.0002827,,0.0001805,,0.0000776,,0
"REMIND-MAgPIE 3.5-4.11","Medium - SSP3","Pacific OECD (R10)","Capacity|Electricity|Solar|CSP","GW",1,0,,0.00009,0.0001399,0.0001892,0.0002361,0.0002779,0.0003098,0.000325,0.0003391,,0.0003348,,0.0002338,,0.000132,,0.00009
"REMIND-MAgPIE 3.5-4.11","Medium - SSP3","Pacific OECD (R10)","Capacity|Electricity|Solar|PV","GW",1,67.01110000000001,,99.04982690000001,116.5793935,122.5744842,121.1129844,113.7159662,102.0182562,88.23159700000001,85.16793990000001,,73.3689017,,68.72738809999998,,65.43665980000002,,68.2164012
"REMIND-MAgPIE 3.5-4.11","Medium - SSP3","Pacific OECD (R10)","Capacity|Electricity|Wind|Offshore","GW",1,0.0882,,1.2011869,3.8465352,7.503964799999999,11.5363602,15.5093385,18.9949037,21.4914933,24.5401587,,24.2904989,,24.6637775,,27.9655659,,29.1871372
"REMIND-MAgPIE 3.5-4.11","Medium - SSP3","Pacific OECD (R10)","Capacity|Electricity|Wind|Onshore","GW",1,3.78005,,5.29435,6.153464799999999,7.232772100000001,8.1170565,9.761903899999998,10.925808,11.7113454,13.3726526,,13.2366057,,13.4400161,,15.2392575,,15.9049276
"REMIND-MAgPIE 3.5-4.11","Medium - SSP3","Reforming Economies (R10)","Capacity|Electricity|Biomass","GW",1,4.3450407,,7.152385799999998,10.1376859,12.2226334,12.8129019,12.3467426,11.8181694,11.2479514,11.4251865,,16.4263503,,23.2331451,,28.8153851,,32.79267060000001
"REMIND-MAgPIE 3.5-4.11","Medium - SSP3","Reforming Economies (R10)","Capacity|Electricity|Coal","GW",1,59.5584,,56.0837585,53.06653280000001,48.9858362,43.09655270000001,35.4341682,25.9339297,18.6340208,12.1196937,,5.347717499999999,,1.5032536,,0.332792999999999,,1.6802123
"REMIND-MAgPIE 3.5-4.11","Medium - SSP3","Reforming Economies (R10)","Capacity|Electricity|Gas","GW",1,157.6400745,,180.7818582,214.6834141,253.5111175,292.2503451,327.0053824,361.0998783,384.3589035,424.2353648999999,,445.2107641,,444.6875672,,402.3349642,,337.4868738999999
"REMIND-MAgPIE 3.5-4.11","Medium - SSP3","Reforming Economies (R10)","Capacity|Electricity|Geothermal","GW",1,0.0949546,,0.1134,0.1505889,0.1978309,0.2559809,0.329076,0.4110762000000001,0.4949428,0.6306934000000001,,0.752162599999999,,0.8430126,,0.8580353000000001,,0.8580353000000001
"REMIND-MAgPIE 3.5-4.11","Medium - SSP3","Reforming Economies (R10)","Capacity|Electricity|Hydro","GW",1,76.89038049999999,,81.58577059999999,86.45652410000001,91.6206107,97.31974249999999,103.461219,109.9859106,116.8186649,128.8253772,,141.21523,,153.4180869,,166.8484323,,181.5353293
"REMIND-MAgPIE 3.5-4.11","Medium - SSP3","Reforming Economies (R10)","Capacity|Electricity|Hydrogen","GW",1,0,,0,0.0002,0.0002,0.0002,0.0002,0.0002,0.0002,0.0002,,0.0002,,0.0002,,0.0002,,0.0002
"REMIND-MAgPIE 3.5-4.11","Medium - SSP3","Reforming Economies (R10)","Capacity|Electricity|Nuclear","GW",1,42.4369819,,40.9676178,27.840291,24.1051652,21.1030196,18.5707326,16.0160693,13.1658853,9.391696600000001,,2.7516974,,0.3115029,,0,,0
"REMIND-MAgPIE 3.5-4.11","Medium - SSP3","Reforming Economies (R10)","Capacity|Electricity|Oil","GW",1,0.7419386,,0.4495695,0.1520669,0.0001,0.0001491,0.0001952,0.000234,0.0002581,0.0002831000000000002,,0.0002827,,0.0001805,,0.0000776,,0
"REMIND-MAgPIE 3.5-4.11","Medium - SSP3","Reforming Economies (R10)","Capacity|Electricity|Solar|CSP","GW",1,0.341243999999999,,1.3653765,3.485178,3.8539321,4.190217799999999,5.0104596,6.8639217,9.8494671,10.8122023,,11.3310566,,11.9631596,,12.2357429,,13.9663075
"REMIND-MAgPIE 3.5-4.11","Medium - SSP3","Reforming Economies (R10)","Capacity|Electricity|Solar|PV","GW",1,8.61555,,33.6534567,74.62857039999999,114.970243,147.8679949,175.0450667,197.983871,217.9438921,256.0624097,,289.4589791,,344.9425205,,404.0761504999999,,463.7629333
"REMIND-MAgPIE 3.5-4.11","Medium - SSP3","Reforming Economies (R10)","Capacity|Electricity|Wind|Offshore","GW",1,0,,0.00008,0.0883286,0.1101386,0.1467745,0.27657,0.5133989,0.8125798999999999,1.4148591,,3.2134522,,6.659181499999999,,13.5791001,,22.4305878
"REMIND-MAgPIE 3.5-4.11","Medium - SSP3","Reforming Economies (R10)","Capacity|Electricity|Wind|Onshore","GW",1,3.1426,,5.7030364,6.026780799999999,5.824468299999999,5.266372,4.486371600000001,3.7059011,3.891629,6.7760805,,15.3899501,,31.8923284,,65.0333855,,107.4251642
"REMIND-MAgPIE 3.5-4.11","Medium - SSP3","Rest of Asia (R10)","Capacity|Electricity|Biomass","GW",1,10.7406,,9.567412800000001,8.4846,7.0569986,5.5456285,4.9621821,3.2882851,1.7412627,0.601806699999999,,0.0005224000000000001,,0.00005430000000000002,,0.0000254,,0.0000197
"REMIND-MAgPIE 3.5-4.11","Medium - SSP3","Rest of Asia (R10)","Capacity|Electricity|Coal","GW",1,124.6203,,129.5722787,131.4350474,132.8969061,135.6391443,143.2372295,157.4889683,178.1111363,202.5075287,,281.7527014,,347.1287538,,333.8983571999999,,265.3831231
"REMIND-MAgPIE 3.5-4.11","Medium - SSP3","Rest of Asia (R10)","Capacity|Electricity|Gas","GW",1,191.5124865,,222.9365698,277.2715474999999,356.1957662,413.8468584,429.7859396999999,420.1626824000001,396.5502616000001,349.0725693,,272.2046478,,200.694889,,195.3604214,,227.1490687
"REMIND-MAgPIE 3.5-4.11","Medium - SSP3","Rest of Asia (R10)","Capacity|Electricity|Geothermal","GW",1,5.442515599999999,,6.4988,8.265271899999998,11.0956852,15.4006451,21.3959448,28.4714282,35.62971060000001,46.3828091,,53.2354941,,53.2354941,,53.2354941,,53.2354941
"REMIND-MAgPIE 3.5-4.11","Medium - SSP3","Rest of Asia (R10)","Capacity|Electricity|Hydro","GW",1,76.94664190000002,,105.4722535,134.198,153.4151044,166.2159364,174.728267,180.31077,183.8163826,188.2730997,,189.1069583,,189.1069583,,189.1069583,,189.1069583
"REMIND-MAgPIE 3.5-4.11","Medium - SSP3","Rest of Asia (R10)","Capacity|Electricity|Hydrogen","GW",1,0,,0,0.0002,0.0002,0.0002,0.0002,0.0002,0.0002,0.0002,,0.0002,,0.0002,,0.0002,,0.0002
"REMIND-MAgPIE 3.5-4.11","Medium - SSP3","Rest of Asia (R10)","Capacity|Electricity|Nuclear","GW",1,26.6284065,,29.2958191,26.0132302,27.5956633,28.4255036,28.3759852,27.2848121,25.1551315,21.650013,,12.0939357,,4.409665000000001,,0.9038024,,0.046394
"REMIND-MAgPIE 3.5-4.11","Medium - SSP3","Rest of Asia (R10)","Capacity|Electricity|Oil","GW",1,29.1944716,,19.0714568,7.046480799999999,0.0001,0.0001491,0.0001952,0.000234,0.0002581,0.0002831000000000002,,0.0002827,,0.0001805,,0.0000776,,0
"REMIND-MAgPIE 3.5-4.11","Medium - SSP3","Rest of Asia (R10)","Capacity|Electricity|Solar|CSP","GW",1,0.004750000000000001,,0.004750000000000001,0.099935799999999,0.1256977,0.1532955,0.1785356,0.2008084,0.2204367,0.2480755,,0.2704769,,0.2882616,,0.303683,,0.3131968
"REMIND-MAgPIE 3.5-4.11","Medium - SSP3","Rest of Asia (R10)","Capacity|Electricity|Solar|PV","GW",1,36.38039999999999,,158.0778479,359.7852018,618.0043353000001,892.6493065000001,1169.84172,1420.8239542,1629.2174602,1945.3434389,,2118.2461567,,2334.020153,,2529.4006735,,2733.5144833
"REMIND-MAgPIE 3.5-4.11","Medium - SSP3","Rest of Asia (R10)","Capacity|Electricity|Wind|Offshore","GW",1,0.597449999999999,,3.3850158,11.5063756,25.6431237,46.8187899,74.79509829999999,107.0814817,140.3077348,190.9866419,,238.5051428,,281.3004171,,334.978854,,383.1534457
"REMIND-MAgPIE 3.5-4.11","Medium - SSP3","Rest of Asia (R10)","Capacity|Electricity|Wind|Onshore","GW",1,7.26915,,24.81498570000001,42.0247882,71.63803019999999,115.254919,171.8629913,235.9378212,301.7952936,410.8032231,,513.0132685,,605.063877,,720.523653,,824.1449186
"REMIND-MAgPIE 3.5-4.11","Medium - SSP3","World","Capacity|Electricity|Biomass","GW",1,124.1078217,,128.1842263,133.6533428,119.3931976,102.5549161,81.96248960000001,60.1767279,40.1224442,24.720955,,18.4479539,,23.3571803,,28.81686190000001,,32.7935847
"REMIND-MAgPIE 3.5-4.11","Medium - SSP3","World","Capacity|Electricity|Coal","GW",1,2044.3096208,,2026.9697505,1830.7075161,1825.5277475,1816.9537257,1778.5209502,1752.5397704,1760.3339581,1796.1832528,,1991.8138036,,2153.973450500001,,2023.7576373,,1691.6911651
"REMIND-MAgPIE 3.5-4.11","Medium - SSP3","World","Capacity|Electricity|Gas","GW",1,1984.9548159,,2148.3620825,2221.0931499,2534.302291,2800.7013072,2909.3960739,2966.0542686,2907.9056403,2786.299527,,2498.731134200001,,2169.9437205,,1959.9809892,,1959.7367287
"REMIND-MAgPIE 3.5-4.11","Medium - SSP3","World","Capacity|Electricity|Geothermal","GW",1,17.29866,,20.6150285,27.6192356,39.7782436,57.80501520000001,81.04426650000002,106.5938216,130.7841573,165.8546809,,188.4991152,,193.1548362,,193.1698588,,193.1698588
"REMIND-MAgPIE 3.5-4.11","Medium - SSP3","World","Capacity|Electricity|Hydro","GW",1,1267.3466636,,1409.8928042,1531.6019737,1625.4888682,1707.3673729,1783.134982,1856.251371,1927.2603539,2047.6364902,,2160.7866171,,2249.510622,,2304.809936500001,,2330.954092
"REMIND-MAgPIE 3.5-4.11","Medium - SSP3","World","Capacity|Electricity|Hydrogen","GW",1,0,,0,0.0024002,0.002409,0.0024144,0.0024,0.0024,0.0024251,0.0024,,0.0024,,0.0024,,0.0024,,0.0024
"REMIND-MAgPIE 3.5-4.11","Medium - SSP3","World","Capacity|Electricity|Nuclear","GW",1,412.9798725,,400.7240476,257.5402398,231.5791226,213.8427307,200.5234136,187.1908129,173.0360351,154.6732634,,103.763156,,69.07375509999999,,62.951334,,61.9108731
"REMIND-MAgPIE 3.5-4.11","Medium - SSP3","World","Capacity|Electricity|Oil","GW",1,229.5826915,,143.4574664,50.3886502,0.0012,0.001789,0.0023423,0.0028078,0.0030974,0.003397,,0.0033922,,0.0021661,,0.0009310999999999998,,0
"REMIND-MAgPIE 3.5-4.11","Medium - SSP3","World","Capacity|Electricity|Solar|CSP","GW",1,6.534543999999999,,12.8164525,26.1196475,29.8030155,33.8195025,41.79933720000001,59.31054349999999,86.24089090000001,99.12127869999999,,106.6882235,,116.1052533,,123.8741493,,150.0499137
"REMIND-MAgPIE 3.5-4.11","Medium - SSP3","World","Capacity|Electricity|Solar|PV","GW",1,759.3656499999998,,2444.0880196,4325.598018299999,6088.3859259,7653.1038965,8991.942935199999,10101.4768939,10931.3833797,12371.8851243,,13228.3966098,,14586.4035735,,15839.9170284,,17158.63323129999
"REMIND-MAgPIE 3.5-4.11","Medium - SSP3","World","Capacity|Electricity|Wind|Offshore","GW",1,42.63795,,105.4577064,205.8364143,328.6512139,471.1684619,621.1461648999999,760.0029492,870.5652482999999,1042.616383,,1177.8855306,,1334.8450913,,1575.5757981,,1770.4042177
"REMIND-MAgPIE 3.5-4.11","Medium - SSP3","World","Capacity|Electricity|Wind|Onshore","GW",1,683.3241907999999,,1155.1462166,1636.0937226,2158.577787,2639.4956269,3108.017048,3503.210330500001,3818.1408555,4470.605565500001,,4857.067692099999,,5304.3993049,,6105.0273794,,6628.482942899999
"WITCH 6.0","Low-to-Negative - SSP1","Africa (R10)","Capacity|Electricity|Biomass","GW",1,0.5840500000000001,,0.6290100354286341,0.5004840762567231,0.8910661997325351,1.909385075274909,3.735402095044976,6.646579842077852,11.0564527884202,17.57079816153193,26.02320118524376,34.63201720724599,46.99420054809666,64.73411805949378,90.11099653736632,126.4225067035428,178.430993475152,252.9573690712977
"WITCH 6.0","Low-to-Negative - SSP1","Africa (R10)","Capacity|Electricity|Coal","GW",1,47.37638,,56.4910396404163,51.91186351429734,49.14466215308659,47.55481673766612,40.67579028752353,35.39370993887017,32.04550469757053,29.78915896905472,25.48036655028961,21.79451246687058,18.64577914641525,16.10687043121424,13.79253940647417,11.79738413303117,10.09087962320751,8.631228964700796
"WITCH 6.0","Low-to-Negative - SSP1","Africa (R10)","Capacity|Electricity|Fossil","GW",1,75.64196000000001,,150.9533996085401,164.2727687158135,189.0348158307463,240.9311548477034,291.3610401232769,237.0984477035423,196.055218408271,165.6399325857695,141.5586153631572,125.9199304105685,118.6867583933223,120.6878028646755,133.1690627101949,159.0013645695625,174.7477423722333,139.643859357856
"WITCH 6.0","Low-to-Negative - SSP1","Africa (R10)","Capacity|Electricity|Gas","GW",1,20.17764,,86.05294405473462,105.6697897689886,134.5662374636781,189.140260562233,247.3147322938195,199.0227268326001,161.8756196078164,134.1526259847354,114.7269797867982,103.0501579181783,99.18533115426315,103.9000228492187,118.834647814386,146.7727301306416,164.3136335232918,130.7394368528819
"WITCH 6.0","Low-to-Negative - SSP1","Africa (R10)","Capacity|Electricity|Hydro","GW",1,29.36673,,32.59239266335994,43.98465547144454,53.78816635682845,62.22409521895106,69.48287354010908,75.72845995630138,81.10201472720996,85.72506491001056,89.70223073422196,93.12357392852388,96.06662035007648,98.59810202670171,100.7754574822699,102.6481238377627,104.2586495457717,105.6436526220541
"WITCH 6.0","Low-to-Negative - SSP1","Africa (R10)","Capacity|Electricity|Nuclear","GW",1,1.860029999999999,,1.715504868863742,1.86005026928413,1.860042997597288,1.860052550044689,1.860074856336643,1.860134657312762,1.860217814206699,1.86035066751588,1.860465250170417,1.860534621223789,1.860572140786262,1.860585846969274,1.860659069365913,1.860838563693025,1.860819556116989,1.860936756328088
"WITCH 6.0","Low-to-Negative - SSP1","Africa (R10)","Capacity|Electricity|Oil","GW",1,8.087940000000001,,8.409415913389234,6.691115432527496,5.323916213981576,4.236077547804201,3.37051754193383,2.682010932072105,2.134094102884034,1.698147631979304,1.351269026069415,1.075260025519612,0.8556480926438891,0.6809095842425701,0.541875489334821,0.431250305889732,0.343229225733964,0.273193540273304
"WITCH 6.0","Low-to-Negative - SSP1","Africa (R10)","Capacity|Electricity|Solar|CSP","GW",1,0.557999999999999,,0.6592,0.651999999999999,0.651999999999999,0.846613652545796,5.966337920508098,9.913609881091876,30.61255434284677,74.99335852403729,109.5531546910732,148.5017828595406,187.1794132173394,229.099339672242,267.6173553113907,305.4909720807472,336.7470734989402,362.9473737893915
"WITCH 6.0","Low-to-Negative - SSP1","Africa (R10)","Capacity|Electricity|Solar|PV","GW",1,6.875574666666668,,15.10611999999997,20.50992909206349,26.89427947387359,39.4122895090887,93.34368371523232,342.529357770384,799.6544665923902,1523.33708951615,2200.054137950558,2785.181400141314,3358.637421398405,3920.228870344863,4459.659104455318,4758.465509992538,5642.006431394525,6528.677612038875
"WITCH 6.0","Low-to-Negative - SSP1","Africa (R10)","Capacity|Electricity|Wind|Offshore","GW",1,0.00002,,0.161999999999999,0.179888969057882,0.263073298743207,0.323513247190087,0.376579595285875,1.33460188502761,2.734886363489889,5.29107338859237,7.364771956993861,9.183950550504031,10.82529368676398,13.29489546777168,15.22199739740217,15.12014197618049,18.06593697726621,19.19885721515297
"WITCH 6.0","Low-to-Negative - SSP1","Africa (R10)","Capacity|Electricity|Wind|Onshore","GW",1,3.419314999999999,,4.663950000000002,11.68675191360522,26.30732987432071,32.35132471900873,37.65795952858753,133.460188502761,273.488636348989,529.1073388592372,736.4771956993861,918.3950550504032,1082.529368676398,1329.489546777167,1522.199739740217,1512.014197618049,1806.593697726621,1919.885721515297
"WITCH 6.0","Low-to-Negative - SSP1","China+ (R10)","Capacity|Electricity|Biomass","GW",1,11.62362,,18.41051591338923,14.64868528535223,11.6555115347548,9.273934588016894,7.378986540947678,5.871234248497137,4.671561793673987,3.717019057398482,2.957518552312163,2.353207194313538,1.872375101430811,1.489791688946764,1.18538175110254,0.943172059739645,1.434044473932554,4.897409067326532
"WITCH 6.0","Low-to-Negative - SSP1","China+ (R10)","Capacity|Electricity|Coal","GW",1,1069.260839999999,,1164.918034213813,996.4071972609333,852.2722402726248,728.9870783110185,623.53569110082,533.3387086501651,456.1887723160937,390.1989347706805,333.7548355764354,285.4756390765612,244.1802539442369,208.8584392319429,178.6460900657637,152.804098379492,130.7002715423222,111.7938665415366
"WITCH 6.0","Low-to-Negative - SSP1","China+ (R10)","Capacity|Electricity|Fossil","GW",1,1192.951669999999,,1339.801970517197,1135.557004709227,962.989492652554,817.0814149066043,693.6296644735118,589.110342707942,500.5645583617224,425.5073925635329,361.8486971798727,307.8290668140044,261.9661937579348,223.0101683882995,189.906188784901,161.7634150653803,137.8289262264604,117.4659193762943
"WITCH 6.0","Low-to-Negative - SSP1","China+ (R10)","Capacity|Electricity|Gas","GW",1,77.49552,,123.7542283466895,98.46746024449354,78.34755108196097,62.33875379032892,49.60104266776506,39.46603491632727,31.40191875500637,24.9855477903121,19.88023735914042,15.81809775685633,12.58597732639355,10.01427780352611,7.968055028661973,6.339938054986857,5.044495099053074,4.013750699717717
"WITCH 6.0","Low-to-Negative - SSP1","China+ (R10)","Capacity|Electricity|Hydro","GW",1,344.280758,,372.7043228937254,405.2003048492817,433.355933141369,457.7509308246637,478.8875897474982,497.2011127172572,513.0685743055959,526.8166847960331,538.7285171332339,549.0493353815511,557.9916447005075,565.7395668159786,572.4526310778189,578.2690591616284,583.308611046516,587.6750508674037
"WITCH 6.0","Low-to-Negative - SSP1","China+ (R10)","Capacity|Electricity|Nuclear","GW",1,49.14534333333334,,80.85278522393307,86.1803009390758,73.71391771418598,63.05085507435283,56.7052542705852,55.65476727599837,53.08441709319318,47.0184901785673,40.21704587128748,34.39946226411403,29.42341930949795,25.16718421978607,21.52663342387912,18.41270531177479,15.74922145151513,13.47102297728329
"WITCH 6.0","Low-to-Negative - SSP1","China+ (R10)","Capacity|Electricity|Oil","GW",1,46.19531,,51.12970795669461,40.68234720380018,32.36970129796812,25.7555828052567,20.49293070492665,16.3055991414495,12.97386729062238,10.32291000254028,8.213624244296868,6.535329980586846,5.199962487304351,4.137451352830452,3.292043690475301,2.619378630901414,2.084159585085083,1.658302135040022
"WITCH 6.0","Low-to-Negative - SSP1","China+ (R10)","Capacity|Electricity|Solar|CSP","GW",1,0.4974000000000011,,0.5916800000000011,0.4772243312208531,0.390133867512835,0.4997860113914711,1.218783734086623,1.597301355935228,1.829516691684692,1.768694049923625,2.809454681704805,2.791871482263811,2.783095826394528,2.679481863188085,2.597039396865051,2.440229691746241,2.315460998094165,2.034339274115637
"WITCH 6.0","Low-to-Negative - SSP1","China+ (R10)","Capacity|Electricity|Solar|PV","GW",1,272.1139959999992,,1118.777911999998,1702.21619720077,1796.917145948295,2087.503853309292,2252.939828895146,2325.374688447436,2329.731149481053,2285.24748228293,2206.698213568491,2105.35948335337,1989.771822161373,1866.342274557861,1739.819174960092,1613.66602830303,1490.355499914622,1376.33049060619
"WITCH 6.0","Low-to-Negative - SSP1","China+ (R10)","Capacity|Electricity|Wind|Offshore","GW",1,15.52084,,38.93900000000008,38.96125653857802,38.95693761386518,38.95356573306029,38.95079422349642,38.94851618764488,38.94664376143083,38.97210287232161,38.96683156930034,38.9615200016687,38.95715417076966,38.95356568604569,38.95079418618019,38.94851615816516,38.94664373821098,38.94510470686501
"WITCH 6.0","Low-to-Negative - SSP1","China+ (R10)","Capacity|Electricity|Wind|Onshore","GW",1,259.2746859999999,,405.1736199999994,600,1707.14636513198,2345.79841636101,2745.919506325633,3456.513055034072,3652.952178273181,3495.14138420182,3365.428399201159,3219.514909976129,3027.44278014119,2849.805724176178,2631.658479540589,2451.042374793034,2230.446863751316,2049.128876336258
"WITCH 6.0","Low-to-Negative - SSP1","Europe (R10)","Capacity|Electricity|Biomass","GW",1,14.60282,,15.06701591338923,11.98836444035323,9.538775480220272,7.589712351067844,11.5534231060501,23.96447072185105,47.12953328171979,84.6407382276588,90.34822397646747,94.78128404477164,99.22323350343336,106.2829319482047,130.662582777214,136.1071764423718,140.7569881966316,145.2440017450634
"WITCH 6.0","Low-to-Negative - SSP1","Europe (R10)","Capacity|Electricity|Coal","GW",1,149.9856666666667,,123.9434342138131,106.01443730522,90.67895357614562,77.56181922648285,66.34213965283513,56.77720289154512,48.67520481701222,41.64682010344773,35.62241297269686,30.46946448361158,26.06191407161663,22.29193642184486,19.06730365505915,16.30912908570658,13.9499373559127,11.9320137336112
"WITCH 6.0","Low-to-Negative - SSP1","Europe (R10)","Capacity|Electricity|Fossil","GW",1,380.0066136666667,,361.135155083897,294.7406461557862,240.8426345699534,197.0424744409608,161.4092482639355,132.4191980199718,110.6709231926469,91.94295780591621,75.89557517308681,62.69282116641821,51.86424382004511,43.06464009222199,35.88077671274486,29.78766528026739,24.73813240454377,20.51585108004106
"WITCH 6.0","Low-to-Negative - SSP1","Europe (R10)","Capacity|Electricity|Gas","GW",1,203.770567,,211.0185429133892,167.9010104363109,133.5937065829557,106.2964325955787,84.57682529775659,67.29519705202952,55.35442604375589,45.01186420815736,36.06862715400397,28.87793654599506,23.14048110920633,18.65475199663557,15.12828358965666,12.13768239776987,9.721318629998198,7.734956360778028
"WITCH 6.0","Low-to-Negative - SSP1","Europe (R10)","Capacity|Electricity|Hydro","GW",1,189.687228,,192.299801962349,201.2534192742361,209.0111390208765,215.7326922848869,221.5564755300208,226.6024001778107,230.974361578065,234.7623782092063,238.0444451544836,240.8881400170471,243.3520143396007,245.4867991778958,247.3364496507706,248.9390499739665,250.3275976123298,251.5306826960512
"WITCH 6.0","Low-to-Negative - SSP1","Europe (R10)","Capacity|Electricity|Nuclear","GW",1,118.8366766666666,,158.7391260624669,135.776769738395,116.136025552632,99.33640678849926,84.96693137805218,72.67606772986737,62.16313493981983,53.17094700155568,46.30280936197762,44.36839653313373,42.8682581225611,42.08832697724681,39.95685468959915,37.66811588693334,36.1715453936366,33.78693773076938
"WITCH 6.0","Low-to-Negative - SSP1","Europe (R10)","Capacity|Electricity|Oil","GW",1,26.25038,,26.17317795669462,20.82519841425543,16.56997441085205,13.18422261889928,10.49028331334382,8.346798076397116,6.641292331878811,5.284273494311117,4.204535046385995,3.345420136811575,2.661848639222145,2.117951673741556,1.685189468029067,1.340853796790938,1.066876418632866,0.848880985651829
"WITCH 6.0","Low-to-Negative - SSP1","Europe (R10)","Capacity|Electricity|Solar|CSP","GW",1,2.347180000000002,,2.811416000000002,4.386708637616205,5.771723669286104,13.01146742272755,44.52622907588521,50.86601909742755,53.39753940019611,52.04065033722856,53.05528691523527,54.07069733530735,54.80438088402737,55.91444578390836,53.31195836056331,48.22460465066666,44.17709882607804,40.95627588269031
"WITCH 6.0","Low-to-Negative - SSP1","Europe (R10)","Capacity|Electricity|Solar|PV","GW",1,160.9028593333334,,498.212359999999,698.5440217164082,591.880064279272,541.6414021543211,572.2833570081964,573.7649122901678,653.2608279870749,696.8401823173663,713.8091374125588,711.3755911046388,695.0975895181157,669.2381479639259,661.7930678237182,642.9394166210079,616.301296652463,584.6329971584502
"WITCH 6.0","Low-to-Negative - SSP1","Europe (R10)","Capacity|Electricity|Wind|Offshore","GW",1,24.43447999999999,,32.92710000000007,33.16262578869375,32.9271,32.9271,32.9271,32.9271,32.9271,32.9271,32.9271,32.9271,32.9271,32.9271,32.9271,32.9271,32.9271,32.9271
"WITCH 6.0","Low-to-Negative - SSP1","Europe (R10)","Capacity|Electricity|Wind|Onshore","GW",1,183.565008,,220.7540799999999,407.6942582830255,731.9833531457498,1007.375377072692,1183.887121122511,1294.821231759317,1351.605317468927,1327.888401301791,1343.998117116249,1356.912377932451,1356.09316809689,1286.477253768982,1229.256608532878,1181.328624302782,1133.426989005501,1094.054346901508
"WITCH 6.0","Low-to-Negative - SSP1","India+ (R10)","Capacity|Electricity|Biomass","GW",1,0.7810400000000001,,5.737473434018074,4.630795675771799,4.534582702314028,5.67831390476603,8.340222722723823,12.97326802873565,20.27031412833489,31.25993954078515,47.44576078697688,65.99059333138084,74.79073167389468,86.07381075851677,100.9343529975047,120.2318951753087,123.6586362435711,126.715523697867
"WITCH 6.0","Low-to-Negative - SSP1","India+ (R10)","Capacity|Electricity|Coal","GW",1,234.94558,,284.3477553176981,316.9908274951742,275.0516609078012,235.2830901250396,201.4254785317269,173.3927164273752,152.1461222973157,130.1374747749527,111.3124809563434,95.2106104570048,81.4379507644863,69.65757065189531,59.58134869385343,50.96269932512986,43.59083416731583,37.28534375103921
"WITCH 6.0","Low-to-Negative - SSP1","India+ (R10)","Capacity|Electricity|Fossil","GW",1,301.1654328,,365.977385410345,408.7718415793555,379.3765172075863,354.2851870784653,296.7863120821421,250.61670073805,216.3764316037614,183.9140335242583,158.084552906058,138.2947567286033,124.2943630426739,107.0638407940076,89.34457929910317,74.64459677677797,62.43410779481159,52.27876869229887
"WITCH 6.0","Low-to-Negative - SSP1","India+ (R10)","Capacity|Electricity|Gas","GW",1,47.807073,,61.41187317925773,75.6943623253022,91.52519875518038,108.8178003257119,87.25749973544293,70.77620527736146,59.09980465497314,49.69416909606669,43.52363539285897,40.49926072597641,40.79949400844557,35.76943931053427,28.46065051943801,22.64527047677361,18.01825742122261,14.33678096131713
"WITCH 6.0","Low-to-Negative - SSP1","India+ (R10)","Capacity|Electricity|Hydro","GW",1,62.207574,,65.31853589726248,65.53478923299492,65.72215850671418,65.88450164290293,66.02516127905591,66.1470335904278,66.25262792214478,66.34411845650197,66.42338897927397,66.4920716667748,66.55158069229127,66.60314134384373,66.6478152528087,66.68652225285847,66.72005931929316,66.7491169787242
"WITCH 6.0","Low-to-Negative - SSP1","India+ (R10)","Capacity|Electricity|Nuclear","GW",1,7.57302,,12.73406846807899,19.70248269228257,20.93277793683794,25.32620057678564,34.46496157698775,50.94769897182206,70.32292744204487,75.99790038064259,78.7150809204391,84.54627917790988,90.12164486793225,97.78805269356803,104.8865381914714,113.1467795354694,118.0765879180781,124.2195057336498
"WITCH 6.0","Low-to-Negative - SSP1","India+ (R10)","Capacity|Electricity|Oil","GW",1,18.4127798,,20.21775691338923,16.08665175887903,12.79965754460467,10.18429662771363,8.103333814972213,6.447779033313361,5.130504651472532,4.082389653238847,3.248436556855665,2.584885545622036,2.056918269741975,1.636830831578054,1.302580085811729,1.036626974874504,0.8250162062731481,0.6566439799425231
"WITCH 6.0","Low-to-Negative - SSP1","India+ (R10)","Capacity|Electricity|Solar|CSP","GW",1,0.437074241473102,,0.514242523659741,0.7276216662720061,1.741278450202109,7.824675231435473,35.67111289125476,49.561116830243,69.9627359726072,117.2118753735872,141.5633274415255,157.723739872584,176.6207698669792,193.0780610752498,204.7285025275291,212.3156799976348,217.8097172622431,229.5449089117769
"WITCH 6.0","Low-to-Negative - SSP1","India+ (R10)","Capacity|Electricity|Solar|PV","GW",1,42.98778400000001,,132.2132379999999,193.4068359402569,233.2763912512941,289.8491714247695,497.7206142371201,783.3306501665843,1143.183786720087,1461.469127356085,1765.770888427759,2013.905833155635,2276.942089211206,2575.008077951612,2803.844641031197,3059.337648288782,3270.291681896796,3405.496342316106
"WITCH 6.0","Low-to-Negative - SSP1","India+ (R10)","Capacity|Electricity|Wind|Offshore","GW",1,0.00002,,0.161999999999999,1.200903407097516,3.910084349273218,6.202408664231203,8.110051894421845,12.33029371698728,16.17556939794066,19.82108417984493,21.49278424869449,23.93874118525749,26.72785278459081,29.23119583397254,31.23156043313037,32.49458703199173,33.05093189877906,32.39759837290239
"WITCH 6.0","Low-to-Negative - SSP1","India+ (R10)","Capacity|Electricity|Wind|Onshore","GW",1,40.22698600000003,,46.88604000000002,114.9606081365956,391.0084349273219,620.2408664231202,811.0051894421845,1233.029371698728,1617.556939794065,1982.108417984493,2149.278424869449,2393.874118525748,2672.785278459081,2923.119583397254,3123.156043313037,3249.458703199173,3305.093189877906,3239.759837290238
"WITCH 6.0","Low-to-Negative - SSP1","Latin America (R10)","Capacity|Electricity|Biomass","GW",1,15.18226,,26.93083398387431,23.54487094492766,23.67822340290665,26.18900700269327,31.63898870446017,40.93149227701802,55.44040418479914,75.3931221465933,99.73251212790515,134.8981414961814,176.8817994409331,211.0943183439836,241.8071226939294,243.2155712254359,245.9967916560632,249.3879025681831
"WITCH 6.0","Low-to-Negative - SSP1","Latin America (R10)","Capacity|Electricity|Coal","GW",1,17.74932,,21.7420331991777,19.17051307031231,16.39740877677751,14.02544697716636,12.05045682803353,10.33071759331157,8.837982193364706,7.565972106394886,6.472856753498083,5.53652777843488,4.73564316479202,4.050610252800189,3.464670552476181,2.963489767720127,2.53480712534277,2.1681354302875
"WITCH 6.0","Low-to-Negative - SSP1","Latin America (R10)","Capacity|Electricity|Fossil","GW",1,152.04119,,190.7443543379266,165.149134021014,132.5481395198191,106.8673157561201,86.9552838760239,73.08850110390942,60.25756764275145,49.08234943605663,40.12732514905942,32.99830650294872,27.24705940956369,22.0089036174815,17.78035933757,14.3851848404197,11.65933047164672,9.44509425699307
"WITCH 6.0","Low-to-Negative - SSP1","Latin America (R10)","Capacity|Electricity|Gas","GW",1,100.35158,,130.580097268665,115.4072307689155,91.82600917546162,73.48743066469333,59.50509169323932,50.50468437145853,41.67016865390548,33.75906411668068,27.4822111676027,22.55070213882994,18.60382258175943,14.84906092568293,11.84168799140214,9.45312870024684,7.5581157076936,6.030536611346088
"WITCH 6.0","Low-to-Negative - SSP1","Latin America (R10)","Capacity|Electricity|Hydro","GW",1,197.629256,,201.1021251676045,219.1968673710613,234.8747698335398,248.4586398251241,260.2281685863773,270.4256901577547,279.2611710260332,286.9165333243424,293.5494006002795,299.2963432772985,304.2756906332697,308.5899671947121,312.3280037119458,315.5667661800387,318.3729405650044,320.8043058646875
"WITCH 6.0","Low-to-Negative - SSP1","Latin America (R10)","Capacity|Electricity|Nuclear","GW",1,5.074363333333332,,6.408220966757963,8.060567290539751,6.894568567410231,6.170779082788039,6.690742006073277,7.48897981866755,7.928680394850302,8.227749795158953,8.478510046831655,8.664490968730924,8.783542844857358,8.818457266603321,9.016504222693625,8.911081726482077,8.781295460593423,8.54828187879297
"WITCH 6.0","Low-to-Negative - SSP1","Latin America (R10)","Capacity|Electricity|Oil","GW",1,33.94029,,38.42222387008385,30.57139018178622,24.32472156757997,19.35443811426044,15.39973535475107,12.25309913913933,9.749416795481277,7.757313212981069,6.172257227958639,4.911076585683897,3.90759366301223,3.10923243899838,2.474000793691678,1.968566372452727,1.56640763861035,1.246422215359481
"WITCH 6.0","Low-to-Negative - SSP1","Latin America (R10)","Capacity|Electricity|Solar|CSP","GW",1,0.256269999999999,,0.291923999999999,0.494761456561068,0.8467244566899891,2.767095446382289,15.21672375470812,21.05525389324292,46.72159162862351,47.69355326918038,57.23800276154421,64.03267862371071,80.97336080010298,94.76451129844402,105.9732478027934,114.6813870608329,121.1389451167177,123.6783328527644
"WITCH 6.0","Low-to-Negative - SSP1","Latin America (R10)","Capacity|Electricity|Solar|PV","GW",1,26.50736099999996,,116.5694640000001,183.2466205089048,215.7207526959834,252.1835201101707,306.9404846717962,339.88069724851,364.1988074070406,374.1989019215908,405.679846265591,434.7754004556426,450.3104646489527,457.4105727219501,453.2324412349416,444.7352647452439,431.7058645361318,413.5547530618282
"WITCH 6.0","Low-to-Negative - SSP1","Latin America (R10)","Capacity|Electricity|Wind|Offshore","GW",1,0.00003,,0.242999999999999,35.40432623813105,30.51109659695549,26.47326240407826,23.17101213207324,21.27103277320467,19.59284963013158,17.71686544059945,16.43947874725138,25.38610540722355,29.73604372568111,31.10089835574456,31.49838649921835,30.50823477462533,29.54391481239882,28.29235969898327
"WITCH 6.0","Low-to-Negative - SSP1","Latin America (R10)","Capacity|Electricity|Wind|Onshore","GW",1,33.931598,,49.28125999999999,101.6208620599855,347.4004504068128,549.1581382921471,717.9881171500383,952.6584475718239,1129.414114018443,1203.826143681499,1305.068220700986,1371.630784486085,1449.841388991608,1503.181433280116,1542.586803048516,1549.592819101831,1537.344036593589,1480.814399183266
"WITCH 6.0","Low-to-Negative - SSP1","Middle East (R10)","Capacity|Electricity|Biomass","GW",1,0.08001999999999901,,0.08371139855611501,0.066606603422417,0.052996840286896,0.494002828925416,2.041021412058339,4.989126952422642,9.800092962701022,10.58942115473772,10.99029576691515,11.37095704316667,11.7434385258627,12.11703014562007,12.4880043530927,12.85672096915039,13.22497842924627,13.59420697217424
"WITCH 6.0","Low-to-Negative - SSP1","Middle East (R10)","Capacity|Electricity|Coal","GW",1,10.21704,,17.7891206614689,15.21584123469535,13.01479870114827,11.13214725487389,9.521830137354536,8.145057965892258,6.966837271774044,5.959051706523121,5.097047032357876,4.359735362193475,3.729079270349123,3.189650529052096,2.728252675768359,2.33359817793244,1.996032297307628,1.70729689865678
"WITCH 6.0","Low-to-Negative - SSP1","Middle East (R10)","Capacity|Electricity|Fossil","GW",1,408.8396,,478.8438382803612,382.0630001898821,304.9038801718063,243.3793755677206,194.3138572568126,155.3939260185302,124.1282648425652,99.18082170694667,79.27076258188062,63.37749568144632,50.68770885086749,40.55319804681483,32.45728641425045,25.98808244775821,20.81718306169179,16.68271179483147
"WITCH 6.0","Low-to-Negative - SSP1","Middle East (R10)","Capacity|Electricity|Gas","GW",1,356.29808,,415.8389796621977,330.8703770774517,263.2634548024,209.4706913525578,166.6694322182029,132.8292727240057,105.6881959185672,84.09286994840814,66.9101285597548,53.23834596951658,42.36012607625945,33.70465871017159,26.81776765073923,21.33807874909569,16.97805763076102,13.50892197478926
"WITCH 6.0","Low-to-Negative - SSP1","Middle East (R10)","Capacity|Electricity|Hydro","GW",1,18.929204,,19.34904210814196,21.61949633510998,23.58669539855541,25.29114383413935,26.76793615452422,28.04747944372942,29.15611943755292,30.11668298102508,30.94894803206803,31.67005088871379,32.29483902467005,32.83617679810153,33.30521032815606,33.71159699303057,34.06370427493135,34.36878204613687
"WITCH 6.0","Low-to-Negative - SSP1","Middle East (R10)","Capacity|Electricity|Nuclear","GW",1,2.26001,,3.968494796501351,5.445562282030346,4.657836252496202,3.984058473935744,3.46222000743676,3.266316788442203,3.11440501055865,3.114784217820756,2.857337789495431,2.919655040368649,2.84229974559993,2.778520994686923,2.709760266256705,2.694109545276048,2.648455089077997,2.615795336801137
"WITCH 6.0","Low-to-Negative - SSP1","Middle East (R10)","Capacity|Electricity|Oil","GW",1,42.32447999999999,,45.21573795669462,35.97678187773507,28.62562666825808,22.77653696028899,18.12259490125527,14.41959532863227,11.47323165222391,9.128900052015426,7.263586989767938,5.77941434973626,4.598503504258924,3.658888807591137,2.911266087742856,2.316405520730076,1.843093133623145,1.466492921385429
"WITCH 6.0","Low-to-Negative - SSP1","Middle East (R10)","Capacity|Electricity|Solar|CSP","GW",1,1.038627999999997,,1.241153599999998,9.566678954693822,32.16468480297316,117.9258259724617,439.6520596687546,569.9800232460236,663.0192295006993,719.0567908849141,805.3936036006639,838.9524914816611,899.2760508181603,950.899119004747,997.5407341708649,1034.516218779306,1074.026374513084,1091.362848775529
"WITCH 6.0","Low-to-Negative - SSP1","Middle East (R10)","Capacity|Electricity|Solar|PV","GW",1,9.773837999999984,,37.04120000000002,204.2784650748037,319.8636551728675,396.0989115983048,442.5978624381701,466.8524544813796,515.5370219527288,546.9472888257892,593.988794917419,615.538533067598,645.3140011038673,671.0703257743797,695.1143124531485,713.0137482383792,711.2627332569086,695.4757596345174
"WITCH 6.0","Low-to-Negative - SSP1","Middle East (R10)","Capacity|Electricity|Wind|Offshore","GW",1,0.00001,,0.080999999999999,0.6966590139809531,2.630117958826789,4.018570073026943,4.652293287357276,5.675306671129445,6.352486799158541,6.761407835706231,7.363306976287237,7.551598111031546,7.699083287357276,7.841302429950977,8.03727700787466,8.000187394348332,7.946573354906858,7.902505414980006
"WITCH 6.0","Low-to-Negative - SSP1","Middle East (R10)","Capacity|Electricity|Wind|Onshore","GW",1,3.99585,,5.860920000000003,69.6659013980953,263.0117958826789,401.8570073026942,465.2293287357276,567.5306671129445,635.2486799158542,676.1407835706233,736.3306976287236,755.1598111031545,769.9083287357275,784.1302429950978,803.7277007874658,800.0187394348332,794.6573354906856,790.2505414980006
"WITCH 6.0","Low-to-Negative - SSP1","North America (R10)","Capacity|Electricity|Biomass","GW",1,8.45684,,8.921074887868281,7.098226853295382,6.308540243614601,8.652018027024347,18.95977543388285,39.28253920955706,72.85428615214157,96.54955895428296,100.1107112694435,103.6550338947586,121.240435157265,123.8819585145871,113.898778571121,117.6523173364073,121.8355113687766,125.9660368849405
"WITCH 6.0","Low-to-Negative - SSP1","North America (R10)","Capacity|Electricity|Coal","GW",1,256.54572,,218.7968296240677,187.1468458486246,160.0751801169436,136.9195573309218,117.1135035800047,100.9383073766634,86.33714160131176,73.84807064176132,63.16560215409902,54.02840264906825,46.21294174776452,39.52802378508051,33.81011044226528,28.91931998253951,24.73600521597334,21.15782647773484
"WITCH 6.0","Low-to-Negative - SSP1","North America (R10)","Capacity|Electricity|Fossil","GW",1,828.8124700000001,,847.0200705080151,687.0048937135547,557.7969639589,453.374634963625,375.1071448337979,316.3946645891234,258.8311482742815,211.3273237784168,172.5537130531534,141.0652495270303,115.4655704150528,94.63029312296354,77.65337099048394,63.80413106846683,52.49285164109501,43.24316909859225
"WITCH 6.0","Low-to-Negative - SSP1","North America (R10)","Capacity|Electricity|Gas","GW",1,545.07374,,602.0712349705582,479.0496953989733,381.165213237718,303.2815200133962,247.5118437549333,207.1162434705952,165.8579652930401,132.199090095545,105.1867788458439,83.69390769609649,66.59268647924263,52.98576700021303,42.15915670373168,33.54475351772596,26.69053597235229,21.2368443880498
"WITCH 6.0","Low-to-Negative - SSP1","North America (R10)","Capacity|Electricity|Hydro","GW",1,165.965164,,167.4547710950658,176.344568449233,184.0469924054698,190.7206355086839,196.5029077546845,201.5128658554954,205.8536646114242,209.6146808635209,212.8733537585071,215.6967792171443,218.1430914360681,220.2626598681472,222.0991263271352,223.6903035705518,225.0689538625704,226.2634635474892
"WITCH 6.0","Low-to-Negative - SSP1","North America (R10)","Capacity|Electricity|Nuclear","GW",1,111.4993533333333,,123.6148009061205,107.7358926208612,92.15139233654789,78.82126283993927,69.41783584700107,62.02369667728311,55.36888881575495,50.02393122657104,47.386449738258,44.86487285726337,42.88754579592111,37.58172710777627,32.14535467377912,28.36785396408815,26.26416202072153,24.47269052909808
"WITCH 6.0","Low-to-Negative - SSP1","North America (R10)","Capacity|Electricity|Oil","GW",1,27.19301,,26.15200591338924,20.80835246595678,16.55657060423842,13.17355761930707,10.48179749885987,8.340113741864787,6.636041379929745,5.280163041110405,4.201332053210386,3.342939181865601,2.659942188045631,2.116502337670001,1.68410384448698,1.340057568201367,1.066310452769364,0.848498232807616
"WITCH 6.0","Low-to-Negative - SSP1","North America (R10)","Capacity|Electricity|Solar|CSP","GW",1,1.723359999999997,,2.057632000000002,3.089091453477686,5.416820822096677,14.65608854305117,166.02486451895,183.2439310267359,202.054831946998,204.933212965733,213.370593217528,222.1882428691675,218.5840235814038,215.7157961299597,486.7889798860739,1247.322433604789,1200.39510379875,1163.050985941409
"WITCH 6.0","Low-to-Negative - SSP1","North America (R10)","Capacity|Electricity|Solar|PV","GW",1,82.92155600000005,,258.5487219999999,385.4758735611797,468.4925124156129,518.3684463945352,543.4931206033033,550.3799816087102,544.0659791006981,528.5199640519896,510.6819321614885,490.0891322795766,488.1024424922481,531.1137117294597,601.9389484726419,640.3578705203494,654.7855331947536,651.738193474307
"WITCH 6.0","Low-to-Negative - SSP1","North America (R10)","Capacity|Electricity|Wind|Offshore","GW",1,0.03411,,0.194299999999999,2.600727316515498,6.097257514492739,7.872708273233528,9.3474225453428,9.979409032888771,10.12358063042299,10.24164170320006,9.874062777534665,9.547860234989615,9.393046796366162,9.415778955327138,11.15260812835413,10.59807100766883,10.14225677156467,9.767102732487315
"WITCH 6.0","Low-to-Negative - SSP1","North America (R10)","Capacity|Electricity|Wind|Onshore","GW",1,132.0117959999999,,165.0039799999999,260.0727316515498,609.725751449274,787.2708273233528,934.7422545342802,997.9409032888773,1012.358063042299,1024.164170320006,987.4062777534663,954.7860234989614,939.3046796366161,941.5778955327136,1115.260812835413,1059.807100766883,1014.225677156467,976.7102732487314
"WITCH 6.0","Low-to-Negative - SSP1","Pacific OECD (R10)","Capacity|Electricity|Biomass","GW",1,2.67744,,3.828678649913832,5.538423658978568,5.142376723955658,5.257000922182208,5.965160789554771,7.818581335862411,13.21372360379561,16.10220793797912,16.01931967198531,15.96564739294194,16.66748919399495,17.94054420699401,18.44874854428512,18.20457040474319,18.09533161678065,19.19712366603052
"WITCH 6.0","Low-to-Negative - SSP1","Pacific OECD (R10)","Capacity|Electricity|Coal","GW",1,117.15988,,124.6190684276262,106.592337872974,91.17325812642234,77.98462031382884,66.70378058727704,57.06084019795951,48.81271297271307,41.75172595440853,35.71214370212338,30.54621524374243,26.12756247566185,22.34808847749012,19.11533305347403,16.35021080721414,13.98507641444194,11.96206976313015
"WITCH 6.0","Low-to-Negative - SSP1","Pacific OECD (R10)","Capacity|Electricity|Fossil","GW",1,289.849264,,295.8114416594694,242.8048813195185,199.5534192393802,164.219404759216,135.3181651017256,111.7773135373042,92.6297341991191,76.67084008400309,63.50466626390801,52.66446886566428,43.72939924429511,36.3574003014759,30.26471525717352,25.22143374286918,21.04363759175802,17.58195243580844
"WITCH 6.0","Low-to-Negative - SSP1","Pacific OECD (R10)","Capacity|Electricity|Gas","GW",1,32.8805,,34.82451731845401,27.70880494670612,22.04704991468034,17.54216433640124,13.95776445357448,11.2278698803545,9.214467524642199,7.386918854284369,5.885995569264612,4.687899083344213,3.733035956699363,2.97433054833846,2.369184592879024,1.885087829545846,1.499906818482051,1.197031151532557
"WITCH 6.0","Low-to-Negative - SSP1","Pacific OECD (R10)","Capacity|Electricity|Hydro","GW",1,48.427192,,49.47926282548471,53.16708271176322,56.3623357762262,59.13081212832455,61.52951456518958,63.6078322565295,65.40855766529748,66.96876764247956,68.32058683770268,69.49184914425078,70.50667079761098,71.38594692762145,72.14778178820632,72.80786152310763,73.37977714284298,73.87530436296916
"WITCH 6.0","Low-to-Negative - SSP1","Pacific OECD (R10)","Capacity|Electricity|Nuclear","GW",1,57.29203,,49.00447015245668,41.91574456207989,35.85243625178654,30.82380915223824,29.09157658715075,26.14732800307279,23.03895694943675,19.70626523578475,16.85566269593827,14.41741311320854,12.33186770358819,10.5480061928255,9.022188782831368,7.717087017480256,6.600774960428763,5.645942582150213
"WITCH 6.0","Low-to-Negative - SSP1","Pacific OECD (R10)","Capacity|Electricity|Oil","GW",1,139.808884,,136.3678559133892,108.5037384998384,86.33311119827742,68.69262010898582,54.65662006087408,43.48860345899025,34.60255370176383,27.5321952753102,21.90652699252002,17.43035453857762,13.8688008119339,11.03498127564732,8.78019761082046,6.986135106109193,5.558654358834033,4.422851521145725
"WITCH 6.0","Low-to-Negative - SSP1","Pacific OECD (R10)","Capacity|Electricity|Solar|CSP","GW",1,0.105137338718653,,0.11597632811523,0.105209153505417,0.104757939332087,0.10439903184786,0.153110538693569,0.169923027187612,0.523,3.472342444348957,9.171999999999981,15.89529486109915,22.75082960721251,29.13584522940259,32.94122606427573,41.45418521259069,43.34694857422511,44.70677592525436
"WITCH 6.0","Low-to-Negative - SSP1","Pacific OECD (R10)","Capacity|Electricity|Solar|PV","GW",1,105.6819440000001,,262.7952100000002,352.5935583862145,398.4452063342073,424.1104150110551,425.8310883888934,436.4530720229902,442.3113851615842,444.6387186476935,440.7298587679159,435.7299114043138,429.0725477033727,415.5383147720037,397.3560841962268,376.2169293115677,353.5797349664309,331.1707180005237
"WITCH 6.0","Low-to-Negative - SSP1","Pacific OECD (R10)","Capacity|Electricity|Wind|Offshore","GW",1,0.197209999999999,,0.481767306678452,6.910439244597436,7.097073197239207,7.255648199695418,7.368017694996471,7.52650496449878,7.62407561463962,7.629604847573752,7.671219991038843,7.704346895348677,7.721561789949928,7.735512787286676,7.700385715507522,7.779708255691071,7.701908946427588,7.637961978058131
"WITCH 6.0","Low-to-Negative - SSP1","Pacific OECD (R10)","Capacity|Electricity|Wind|Onshore","GW",1,15.7422,,21.30223999999999,35.0192730537278,68.12908126430463,98.41651541634907,123.8988731834864,201.9958879351396,196.808886077507,186.6211583529258,181.8878205713503,178.2858045938948,173.2415030622813,168.7375694866372,160.3513617301944,162.9797609239344,150.8403383698652,139.5764988260615
"WITCH 6.0","Low-to-Negative - SSP1","Reforming Economies (R10)","Capacity|Electricity|Biomass","GW",1,0.26642,,1.213216309257044,0.9945820168310621,1.313021470696671,2.741756177214732,5.565941134438837,10.23551736291401,17.42870903647374,18.03198409348313,18.57742261310349,19.10577024047029,19.62825850858006,20.15559251135494,20.68378015465635,21.21081786515713,21.73756722282772,22.2628417515408
"WITCH 6.0","Low-to-Negative - SSP1","Reforming Economies (R10)","Capacity|Electricity|Coal","GW",1,101.15094,,124.4500321645558,106.4477534952113,91.04958855450136,77.87884012335613,66.6133019956345,57.2462166200517,48.96528389198973,41.88222677729484,35.82376697118896,30.64169168535646,26.20922780386436,22.41794053437117,19.17508068393004,16.40131566374238,14.02878871467609,11.9994588748813
"WITCH 6.0","Low-to-Negative - SSP1","Reforming Economies (R10)","Capacity|Electricity|Fossil","GW",1,290.57217,,320.5198960346397,262.4545565248809,215.1794375335602,176.6451702341886,145.3366039448181,121.0300983631269,99.91658269063578,82.42261926235858,68.08051923452255,56.30740439303257,46.63065161663136,38.66664382543233,32.10367768390429,26.69602523588393,22.23901795838676,18.54974970284547
"WITCH 6.0","Low-to-Negative - SSP1","Reforming Economies (R10)","Capacity|Electricity|Gas","GW",1,188.23522,,194.8838559133892,155.0631327172636,123.3789993296196,98.1689019744892,78.2479466255698,63.4056560286469,50.65035614806782,40.30094160829314,32.0662285131239,25.5141187779168,20.30080515228727,16.15273070641332,12.85223454521513,10.23395029887372,8.161884945459917,6.511824746201552
"WITCH 6.0","Low-to-Negative - SSP1","Reforming Economies (R10)","Capacity|Electricity|Hydro","GW",1,105.423182,,123.4187754748883,123.5601366774018,123.6582293028188,123.7432201027033,123.8168590336046,123.8806623176266,123.9359436613692,123.983841305085,124.0253414589925,124.0612986092974,124.0924531120238,124.1194464369089,124.1428343752353,124.1630984835468,124.180655998875,124.19586842963
"WITCH 6.0","Low-to-Negative - SSP1","Reforming Economies (R10)","Capacity|Electricity|Nuclear","GW",1,42.69434333333334,,59.35240927451038,78.22905684707229,69.53595194930702,64.64988072524643,64.57665484028257,67.92131701460096,68.32654211242027,65.96134413966786,64.3314879569254,63.14267587749943,62.57074802181316,61.87558960851727,61.43388217518113,60.8892825662128,61.50931262761677,62.434802148315
"WITCH 6.0","Low-to-Negative - SSP1","Reforming Economies (R10)","Capacity|Electricity|Oil","GW",1,1.18601,,1.186007956694616,0.9436703124059691,0.7508496494393061,0.597428136343226,0.4753553236138151,0.378225714428316,0.300942650578223,0.239450876770599,0.190523750209694,0.151593929759303,0.120618660479733,0.09597258464785101,0.076362454759118,0.06075927326782501,0.048344298250751,0.03846608176262
"WITCH 6.0","Low-to-Negative - SSP1","Reforming Economies (R10)","Capacity|Electricity|Solar|CSP","GW",1,0.05199999999999901,,0.057199999999999,0.052,0.052,0.095781627821532,2.311000000000002,2.311000000000002,9.810512601144534,9.809999999999988,9.809999999999988,11.56799999999999,11.56799999999999,11.56799999999999,15.45599999999999,15.2653341331415,15.47255030347644,15.47072723138589
"WITCH 6.0","Low-to-Negative - SSP1","Reforming Economies (R10)","Capacity|Electricity|Solar|PV","GW",1,15.90446400000003,,43.70933600000003,111.397447468631,157.5929630601977,209.5666477227229,308.7234659171764,373.4218305857175,416.7921181753549,439.3334353584665,512.6743131055094,588.794104736638,658.6016686688024,711.9176234269755,747.7151455466558,793.975858874262,810.8800015194325,806.416426796401
"WITCH 6.0","Low-to-Negative - SSP1","Reforming Economies (R10)","Capacity|Electricity|Wind|Offshore","GW",1,0.00001,,0.080999999999999,0.7788267913451901,3.198942771010904,5.210452332741768,6.886220488682056,7.992343796151852,8.789141929980003,8.955632180043933,9.250958131688058,9.56105748871129,9.865561813814498,9.93059962127332,9.814412526707555,21.84148328802593,22.37900000000001,22.38028094243175
"WITCH 6.0","Low-to-Negative - SSP1","Reforming Economies (R10)","Capacity|Electricity|Wind|Onshore","GW",1,12.45083600000001,,17.94337999999999,77.88267913451907,319.8942771010904,521.0452332741767,688.6220488682055,799.234379615185,878.9141929980001,895.5632180043932,925.0958131688056,956.1057488711289,986.5561813814498,993.0599621273319,981.4412526707554,948.9352353426846,922.2169870294169,900.255982526015
"WITCH 6.0","Low-to-Negative - SSP1","Rest of Asia (R10)","Capacity|Electricity|Biomass","GW",1,4.86944,,7.448806863275703,7.43647661734866,12.20684017630459,12.46457151876803,13.99550555007704,17.11707378764055,22.33346006891921,30.45322438803295,42.49977738257832,60.17042721297545,85.83831294939523,122.9260920673865,159.4208017728557,161.1348403264308,163.1737850794306,164.7887372943761
"WITCH 6.0","Low-to-Negative - SSP1","Rest of Asia (R10)","Capacity|Electricity|Coal","GW",1,90.54436,,118.5528702811972,121.3433003366333,103.8049246728197,89.06088606707367,76.819070694868,67.27074357089344,58.35565037528661,49.91423287048706,42.69390585190567,36.51803287493055,31.23552878203069,26.71716358968646,22.85240103534633,19.54669444333879,16.7191737564158,14.30073827415926
"WITCH 6.0","Low-to-Negative - SSP1","Rest of Asia (R10)","Capacity|Electricity|Fossil","GW",1,193.1967,,238.3043887413236,241.6648446770196,202.5325256631294,168.0049899884453,140.8350585562794,120.5761713205145,102.5932754577749,87.13115226296847,72.97083063543168,61.27113283561504,50.93102900618679,42.38848615427986,35.32180832800492,29.46843553535471,24.61381465412363,20.5824774515682
"WITCH 6.0","Low-to-Negative - SSP1","Rest of Asia (R10)","Capacity|Electricity|Gas","GW",1,93.824996,,110.3535825467371,112.8438937316367,92.77786275610126,74.21007890365001,60.24926872416249,50.30825710929316,41.85276068041266,35.31924836535583,28.76689864676233,23.5514037729056,18.73913276089393,14.91015567549269,11.8635555393131,9.439468849121578,7.510697097364099,5.976032316013518
"WITCH 6.0","Low-to-Negative - SSP1","Rest of Asia (R10)","Capacity|Electricity|Hydro","GW",1,50.545122,,55.39203502884352,57.67326768394885,59.2320705668137,60.2207307589797,60.76374266314527,60.96251553220669,60.89931928489098,60.64058810423281,60.23968298275267,59.73919881116896,59.17288839415163,58.56726456596387,57.94293207159104,57.3156928200813,56.69746128902379,56.09702107727578
"WITCH 6.0","Low-to-Negative - SSP1","Rest of Asia (R10)","Capacity|Electricity|Nuclear","GW",1,0.00004,,0.0001173439048254135,0.0002047797761090139,0.0001751574246219052,0.0001990181241469366,0.0002125455854345276,0.0002856268214193794,0.0002740288754104517,0.0002561589558692927,0.0002448850700975878,0.0002370164485564462,0.000248887425761208,0.0002521055368095148,0.0002157434085402325,0.0001929196057065151,0.0001925180839544077,0.0001866344152908928
"WITCH 6.0","Low-to-Negative - SSP1","Rest of Asia (R10)","Capacity|Electricity|Oil","GW",1,8.827343999999998,,9.397935913389231,7.477650608749543,5.949738234208427,4.734025017721615,3.766719137248864,2.997170640327895,2.384864402075613,1.89767102712557,1.51002613676367,1.201696187778892,0.956367463262163,0.7611668891006951,0.60585175334549,0.4822722428943391,0.383943800343729,0.305706861395418
"WITCH 6.0","Low-to-Negative - SSP1","Rest of Asia (R10)","Capacity|Electricity|Solar|CSP","GW",1,0.107302594932018,,0.118534115302015,0.10724430665932,0.130549685782886,0.288111005818275,1.718893544020037,2.634752736454543,3.531438728735508,3.546285165713927,3.66912266954794,4.035294447115938,4.027926734904411,3.869430246608424,14.62713828638456,14.96909675337662,13.45437870285695,12.02116722982166
"WITCH 6.0","Low-to-Negative - SSP1","Rest of Asia (R10)","Capacity|Electricity|Solar|PV","GW",1,17.48862847536099,,46.39906599999999,162.0380916677636,272.0719971832257,363.4948647768853,487.5275501789753,660.1202425803936,784.0272566213102,856.7377955113104,891.3007114065845,943.2265216706833,981.4079411998099,1009.229905493288,1076.291823387782,1102.323588307722,1098.441649018105,1077.582321186007
"WITCH 6.0","Low-to-Negative - SSP1","Rest of Asia (R10)","Capacity|Electricity|Wind|Offshore","GW",1,0.457129999999999,,1.264999999999993,8.019649135420403,6.81643461719373,8.46201411720124,33.53521711949994,102.5746358988461,157.9175494959901,172.8753562823756,193.1344816814583,205.4845051402407,206.9486280294685,198.839729845864,244.5963261184644,252.0554553062636,237.5293501940179,224.7362348453684
"WITCH 6.0","Low-to-Negative - SSP1","Rest of Asia (R10)","Capacity|Electricity|Wind|Onshore","GW",1,3.619404000000002,,6.95414,17.16340031676962,159.823804447271,278.4565274135187,377.3466319499943,475.5871660255353,618.9618260230677,622.7280386599228,643.601525127234,691.2424936538658,694.3933320600146,708.3508961379652,765.1208697180572,786.1505523937033,781.2867578592324,773.9059803665148
"WITCH 6.0","Low-to-Negative - SSP1","World","Capacity|Electricity|Biomass","GW",1,59.12394999999999,,88.27033738897047,76.44751617253775,75.32193477478671,80.24970239593368,109.1744274892386,169.8298837665764,274.1985380009792,384.3080136624835,454.7047433329312,542.9230790582063,654.8802746028864,766.6961882450883,889.6405501531281,957.9795885082876,1028.344627762412,1125.0111527188
"WITCH 6.0","Low-to-Negative - SSP1","World","Capacity|Electricity|Coal","GW",1,2094.935726666666,,2255.650217743834,2027.240917434076,1742.662675858271,1496.388302467428,1280.801043396078,1099.894221232727,947.3312124344322,812.6936686750055,695.1354185209381,594.5808320777743,508.5758811712177,435.1662939053778,372.2331302644107,318.387939765847,272.3318062129159,232.9379787097376
"WITCH 6.0","Low-to-Negative - SSP1","World","Capacity|Electricity|Fossil","GW",1,4113.077070466666,,4589.111900181714,3984.483571606052,3384.757826347436,2921.831122543049,2521.052378512324,2107.505364102014,1762.02370467353,1472.819423010227,1233.89525754013,1042.420632925332,891.5029775565733,768.4313772076525,673.8818255183312,610.7603345627407,552.614744176751,455.9895532471292
"WITCH 6.0","Low-to-Negative - SSP1","World","Capacity|Electricity|Gas","GW",1,1665.914916,,1970.789856174072,1668.675757416042,1412.491283099756,1242.75403451904,1094.891447464466,891.9521476626721,722.6656832801872,586.9023400678387,480.4977209951538,401.4818303856157,346.0408926054507,303.9151955262267,278.2952239754229,273.7900890047816,265.4969028456787,211.2861160626275
"WITCH 6.0","Low-to-Negative - SSP1","World","Capacity|Electricity|Hydro","GW",1,1212.46141,,1279.111065116725,1367.534588056476,1443.638490309212,1509.157402129359,1565.561228854209,1614.11605200514,1655.912354219583,1691.889340592438,1722.855895671516,1749.508640941771,1772.447493480269,1792.189071155875,1809.178242065938,1823.798074796573,1836.378410657159,1847.203248492422
"WITCH 6.0","Low-to-Negative - SSP1","World","Capacity|Electricity|Nuclear","GW",1,396.2352099999999,,496.3899980635944,484.9066320213971,421.7351247162256,374.0235042819543,351.2364639154917,347.9865925638886,345.2084446011609,325.0820190022407,307.0050945163935,299.1840174699009,293.6901474399831,288.5067030135163,282.5585912384661,279.6680470370156,277.6623669958693,277.0561023076033
"WITCH 6.0","Low-to-Negative - SSP1","World","Capacity|Electricity|Oil","GW",1,352.2264278,,362.6718262638084,288.5668967559342,229.6038673894081,182.688785556581,145.3598876517795,115.6589952066149,92.02680895891034,73.22341426738281,58.26211802403829,46.35797046194165,36.88620377990494,29.34988777604802,23.3534712784975,18.58230579211212,14.78603511815643,11.76545847476397
"WITCH 6.0","Low-to-Negative - SSP1","World","Capacity|Electricity|Solar|CSP","GW",1,7.12235217512377,,8.45895856707699,19.65853996000638,47.27067369387585,158.0198439454832,712.4591156468609,891.3329310943424,1081.462950813536,1234.526763014667,1405.634545978823,1519.76009383245,1658.567851336525,1786.72403030375,2181.58218180674,3036.680141964832,3068.883651594465,3085.773735814138
"WITCH 6.0","Low-to-Negative - SSP1","World","Capacity|Electricity|Solar|PV","GW",1,741.1580054753606,,2529.372627999998,4013.707040616995,4481.154967814829,5122.229522011146,5931.401056054009,6852.107887202273,7992.762799199322,9157.269985789371,10241.38783398387,11123.97591136941,11973.25798810615,12827.09782473632,13636.76474356172,14145.03186320288,15079.61042635017,15871.0756142732
"WITCH 6.0","Low-to-Negative - SSP1","World","Capacity|Electricity|Wind|Offshore","GW",1,40.64386000000003,,74.5361673066786,127.9153024434177,132.4081179176004,137.6992430444587,165.3247089811559,240.5597449263795,301.1838836231842,321.191868730258,344.484996080247,370.2467850149756,380.8013260847618,379.2705789832366,431.1308480128394,450.2734851929605,438.233616693572,424.1851059072292
"WITCH 6.0","Low-to-Negative - SSP1","World","Capacity|Electricity|Wind|Onshore","GW",1,688.2376789999996,,943.8236099999993,1695.766465947873,4624.430643630804,6641.97023359807,8086.297030840648,10112.77129854438,11367.30883396033,11943.28905493671,12374.57249183681,12795.90712769182,13152.09600924126,13487.93010767945,13874.75967191712,13701.32810787691,13676.1318728606,13364.34245769189
"WITCH 6.0","Low - SSP2","Africa (R10)","Capacity|Electricity|Biomass","GW",1,0.5840500000000001,,0.6290100354286341,0.8011930069606581,1.373811040537357,2.643037327553389,4.820966603598588,8.230757614409432,13.35120114287066,18.37319222696498,26.23803218481452,38.05028786718123,54.82317432616288,78.6455020696512,112.584047817182,127.2049321404258,137.7592055371704,146.8365005310249
"WITCH 6.0","Low - SSP2","Africa (R10)","Capacity|Electricity|Coal","GW",1,47.37638,,56.4910396404163,53.28456193271404,51.6591422532961,47.00486986376251,42.51791275721922,40.59000179973249,41.68191556922396,40.79018340765142,34.88969277774741,29.84273568863779,25.52584452534679,21.83341184033114,18.67510679680579,15.97366533561493,13.66300000479078,11.68658321109909
"WITCH 6.0","Low - SSP2","Africa (R10)","Capacity|Electricity|Fossil","GW",1,75.64196000000001,,150.9533996085401,187.8413246203853,229.6933421382564,295.2691989240465,357.4970212666112,294.4335742963331,248.5871240539853,212.7961693141412,182.6421411122656,163.343202816567,154.9303697004715,158.3785111928556,175.8316994970759,143.4968694452451,118.9882391171742,101.3313470935745
"WITCH 6.0","Low - SSP2","Africa (R10)","Capacity|Electricity|Gas","GW",1,20.17764,,86.05294405473462,127.8656472551437,172.7102836709788,244.0282515124798,311.6085909674581,251.1617546185563,204.7713678975166,170.3081541152077,146.4015354271906,132.4255869822311,128.5492758682678,135.8646035969681,156.6151430087972,127.0923891251099,104.9824527855829,89.37201927037188
"WITCH 6.0","Low - SSP2","Africa (R10)","Capacity|Electricity|Hydro","GW",1,29.36673,,32.59239266335994,43.98465547144454,53.78816635682846,62.22409521895106,69.48287354010908,75.72845995630138,81.10201472720996,85.72506491001056,89.70223073422196,93.12357392852388,96.06662035007648,98.59810202670171,100.7754574822699,102.6481238377627,104.2586495457717,105.6436526220541
"WITCH 6.0","Low - SSP2","Africa (R10)","Capacity|Electricity|Nuclear","GW",1,1.860029999999999,,1.715504868863742,1.860049590363399,1.860060114834823,1.860080976996328,1.860118845800576,1.860218063709422,1.860336414317245,1.860528573369535,1.860729201591235,1.97740082456116,2.142659712876166,2.260795713845685,2.427102370685809,2.350435559859116,2.64436914867113,3.028214651146964
"WITCH 6.0","Low - SSP2","Africa (R10)","Capacity|Electricity|Oil","GW",1,8.087940000000001,,8.409415913389234,6.691115432527496,5.323916213981576,4.236077547804201,3.37051754193383,2.681817878044373,2.133840587244633,1.697831791282131,1.350912907327605,1.074880145698169,0.8552493068570071,0.680495755556346,0.5414496914729751,0.430814984520362,0.342786326800491,0.27274461210348
"WITCH 6.0","Low - SSP2","Africa (R10)","Capacity|Electricity|Solar|CSP","GW",1,0.557999999999999,,0.6592,0.651999999999999,0.7005452497193451,3.405195771060842,15.88482568704656,29.05504454752472,58.41162935145666,88.3283570534614,106.2677658743769,122.7164193215504,183.1244956576608,234.3518778997555,287.0156080691575,356.175260080369,375.2954976042052,402.5859409129694
"WITCH 6.0","Low - SSP2","Africa (R10)","Capacity|Electricity|Solar|PV","GW",1,6.875574666666668,,15.10611999999997,24.42406010455315,32.12050610782122,58.23044017297043,118.9756187105403,534.2126877075335,1159.006371262762,1873.183767793975,2769.791868912983,3770.216825343992,4657.415512707717,5802.496112683855,6860.420103058266,8457.920248422488,9686.560966877592,10372.82850472994
"WITCH 6.0","Low - SSP2","Africa (R10)","Capacity|Electricity|Wind|Offshore","GW",1,0.00002,,0.161999999999999,0.191779803673073,0.256663366336633,0.31726353229474,0.387757361861249,2.084203542891424,4.230435817377138,6.687919066857058,9.47933725690894,12.91156175062892,15.75572816501316,20.18093820119006,23.42693954307476,26.21450415061713,30.79110555529886,34.70404501704358
"WITCH 6.0","Low - SSP2","Africa (R10)","Capacity|Electricity|Wind|Onshore","GW",1,3.419314999999999,,4.663950000000002,14.87906907980101,23.82354083123429,31.72635322947403,38.77573618612499,208.4203542891425,423.0435817377138,668.791906685706,947.933725690894,1291.156175062893,1575.572816501316,2018.093820119006,2342.693954307476,2621.450415061713,3079.110555529885,3470.40450170436
"WITCH 6.0","Low - SSP2","China+ (R10)","Capacity|Electricity|Biomass","GW",1,11.62362,,18.41051591338923,14.64868528535223,11.6555115347548,12.04893458801689,9.586969297003376,7.628058699322116,6.069413358660861,4.829246859566586,3.842484248886182,3.057347373677953,2.432637938865981,4.710575719186653,3.748061246507675,2.982217874208854,2.372859690469993,1.888011992467534
"WITCH 6.0","Low - SSP2","China+ (R10)","Capacity|Electricity|Coal","GW",1,1069.260839999999,,1164.918034213813,996.4071972609333,852.2722402726248,728.9870783110185,623.53569110082,533.3402875909497,456.1901228557159,390.2000899484357,333.7558236523305,285.4764842226611,244.1809768360044,208.8590575540384,178.6466189446788,152.8045507536007,130.7006584784023,111.7941975055047
"WITCH 6.0","Low - SSP2","China+ (R10)","Capacity|Electricity|Fossil","GW",1,1192.951669999999,,1339.801970517197,1135.557004709227,962.989492652554,817.0814149066043,693.6296644735118,589.1119216487265,500.5659089013446,425.5085477412881,361.8496852557678,307.8299119601043,261.9669166497023,223.0107867103949,189.9067176638161,161.763867439489,137.8293131625405,117.4662503402624
"WITCH 6.0","Low - SSP2","China+ (R10)","Capacity|Electricity|Gas","GW",1,77.49552,,123.7542283466895,98.46746024449354,78.34755108196097,62.33875379032892,49.60104266776506,39.46603491632727,31.40191875500637,24.9855477903121,19.88023735914042,15.81809775685633,12.58597732639355,10.01427780352611,7.968055028661973,6.339938054986857,5.044495099053074,4.013750699717717
"WITCH 6.0","Low - SSP2","China+ (R10)","Capacity|Electricity|Hydro","GW",1,344.280758,,372.7043228937254,405.2003048492817,433.355933141369,457.7509308246637,478.8875897474982,497.2011127172572,513.0685743055959,526.8166847960331,538.7285171332339,549.0493353815511,557.9916447005075,565.7395668159786,572.4526310778189,578.2690591616284,583.308611046516,587.6750508674037
"WITCH 6.0","Low - SSP2","China+ (R10)","Capacity|Electricity|Nuclear","GW",1,49.14534333333334,,80.85278522393307,116.0055261102398,99.22478470023282,84.87145594642918,74.43429168606967,63.66702358511744,55.56405513737155,49.86357037525428,45.36248360602976,41.50837874414091,40.29596007873721,38.94327373454468,37.16794496626814,35.90045761109745,33.21543154737004,28.41066416854252
"WITCH 6.0","Low - SSP2","China+ (R10)","Capacity|Electricity|Oil","GW",1,46.19531,,51.12970795669461,40.68234720380018,32.36970129796812,25.7555828052567,20.49293070492665,16.3055991414495,12.97386729062238,10.32291000254028,8.213624244296868,6.535329980586846,5.199962487304351,4.137451352830452,3.292043690475301,2.619378630901414,2.084159585085083,1.658302135040022
"WITCH 6.0","Low - SSP2","China+ (R10)","Capacity|Electricity|Solar|CSP","GW",1,0.4974000000000011,,0.5916800000000011,0.4772243312208531,0.4486581290747421,0.483414787765621,0.770211850759266,2.003432775895521,1.9783535774815,1.948368139988697,1.834655495941542,2.346471429886872,2.332481025755925,2.766749288432905,3.64869210498996,3.648991007433943,3.550518229327345,3.28928071122798
"WITCH 6.0","Low - SSP2","China+ (R10)","Capacity|Electricity|Solar|PV","GW",1,272.1139959999992,,1118.777911999998,1752.990320648081,2171.332656996183,2426.541881407386,2559.716370181107,2602.780316290518,2580.435948197736,2511.709085447785,2411.171901286252,2299.49317666325,2391.30516574915,2408.190476992392,2371.075587282462,2296.049388373229,2195.407819942734,2078.47943554905
"WITCH 6.0","Low - SSP2","China+ (R10)","Capacity|Electricity|Wind|Offshore","GW",1,15.52084,,38.93900000000008,116.656346636665,102.8173530758538,91.44313543764702,82.09430071313213,74.41004690006707,68.09399164798846,62.9025241459632,58.63540903234025,55.12806329903962,52.24520831031939,49.87565209375739,47.92800065609001,46.32713290874676,45.01130324081551,43.9297599853701
"WITCH 6.0","Low - SSP2","China+ (R10)","Capacity|Electricity|Wind|Onshore","GW",1,259.2746859999999,,405.1736199999994,600,1422.071410874586,2105.19997787189,2674.162003191987,3653.012310421262,3653.001247673472,3652.992154672643,3652.98468070093,3652.978537486579,3495.160451231455,3365.442227853539,3254.556272980383,3128.383813555144,2952.537779055943,2788.237725897504
"WITCH 6.0","Low - SSP2","Europe (R10)","Capacity|Electricity|Biomass","GW",1,14.60282,,15.06701591338923,12.13615297284913,9.6563663023081,11.54502734066913,12.90977870007408,15.6027757329228,26.92274682250932,25.73539790442758,24.73850442900645,24.44394198949342,25.08658507321892,25.47840477028854,25.41111285166421,26.80040485321115,27.91531796377141,28.68430515524288
"WITCH 6.0","Low - SSP2","Europe (R10)","Capacity|Electricity|Coal","GW",1,149.9856666666667,,123.9434342138131,106.01443730522,90.67895357614562,77.56181922648285,66.34213965283513,56.74924922192174,48.54198061932188,41.52015630098443,35.51407168112089,30.37679526610762,25.98264988943939,22.22413817399671,19.0093127405626,16.25962040056036,13.90759033341175,11.89579240578962
"WITCH 6.0","Low - SSP2","Europe (R10)","Capacity|Electricity|Fossil","GW",1,380.0066136666667,,361.135155083897,294.7406461557862,240.8426345699534,197.0424744409608,161.4092482639355,132.3912443503484,109.0992198214434,89.70370221544367,73.85224771886645,60.8813111543851,50.2541616239056,41.53623884898947,34.37536148780426,28.48591613483815,23.63568047817668,19.63613665407659
"WITCH 6.0","Low - SSP2","Europe (R10)","Capacity|Electricity|Gas","GW",1,203.770567,,211.0185429133892,167.9010104363109,133.5937065829557,106.2964325955787,84.57682529775659,67.29519705202952,53.91594687024269,42.89927242014812,34.13364099135958,27.1590957514659,21.60966309524406,17.1941490012512,13.68085927921259,10.88544193748684,8.661213726132065,6.891463262635142
"WITCH 6.0","Low - SSP2","Europe (R10)","Capacity|Electricity|Hydro","GW",1,189.687228,,192.299801962349,201.2534192742361,209.0111390208765,215.7326922848869,221.5564755300208,226.6024001778107,230.974361578065,234.7623782092063,238.0444451544836,240.8881400170471,243.3520143396006,245.4867991778958,247.3364496507705,248.9390499739664,250.3275976123297,251.5306826960512
"WITCH 6.0","Low - SSP2","Europe (R10)","Capacity|Electricity|Nuclear","GW",1,118.8366766666666,,158.7391260624669,135.776769738395,116.136025552632,99.33640678849926,84.96693137805218,72.67606772986737,62.16313493981983,54.24066268754821,52.32823188978518,50.69520533034976,49.74240819754392,44.86500116591581,44.3696197157532,45.0529264780697,45.69693886535497,47.42924461597325
"WITCH 6.0","Low - SSP2","Europe (R10)","Capacity|Electricity|Oil","GW",1,26.25038,,26.17317795669462,20.82519841425543,16.56997441085205,13.18422261889928,10.49028331334382,8.346798076397116,6.641292331878811,5.284273494311117,4.204535046385995,3.345420136811575,2.661848639222145,2.117951673741556,1.685189468029067,1.340853796790938,1.066876418632866,0.848880985651829
"WITCH 6.0","Low - SSP2","Europe (R10)","Capacity|Electricity|Solar|CSP","GW",1,2.347180000000002,,2.811416000000002,4.627140180029686,7.331009203369048,11.13853709840585,20.92784943940036,63.90195559799982,62.26700537883386,60.07483492251407,60.22474768117657,60.03295591191635,60.58634967521129,64.82752717711445,64.77169634769898,64.72727346171499,64.69192752793951,64.66380384784124
"WITCH 6.0","Low - SSP2","Europe (R10)","Capacity|Electricity|Solar|PV","GW",1,160.9028593333334,,498.212359999999,704.4901503603725,682.424080666127,665.6726195791573,614.4896433954655,573.7649122901678,541.3614874161126,602.9148419718192,639.0756124253047,651.9124075114445,647.7845502410175,631.5926074736849,683.1587853022072,706.1266775169184,708.1459612871165,695.122633720459
"WITCH 6.0","Low - SSP2","Europe (R10)","Capacity|Electricity|Wind|Offshore","GW",1,24.43447999999999,,32.92710000000007,32.9271,32.9271,32.9271,32.9271,32.9271,32.9271,32.9271,32.9271,32.9271,32.9271,32.9271,32.9271,32.9271,32.9271,32.9271
"WITCH 6.0","Low - SSP2","Europe (R10)","Capacity|Electricity|Wind|Onshore","GW",1,183.565008,,220.7540799999999,600,919.0961730790597,1105.238305596185,1266.844817573079,1460.11818584803,1425.441939260071,1397.381584220212,1404.303375560328,1399.128015803151,1407.755391443945,1608.747550900044,1654.507483459537,1595.785978923001,1538.220923921918,1457.205252345054
"WITCH 6.0","Low - SSP2","India+ (R10)","Capacity|Electricity|Biomass","GW",1,0.7810400000000001,,5.737473434018074,4.565132398428676,3.782336437780795,3.871823131254619,5.168682736852048,7.960144568680068,12.70734486312965,11.27582532635687,9.800149189714116,9.836838940928335,11.60434953931971,12.33042576880522,10.66918004843271,9.294637627979096,8.340484116942616,7.589281571351124
"WITCH 6.0","Low - SSP2","India+ (R10)","Capacity|Electricity|Coal","GW",1,234.94558,,284.3477553176981,243.2155238413474,209.9956190168289,179.6187714810744,153.6360768830367,131.4119004677494,112.4025550176775,96.143000211786,82.23546598446771,70.33972156876295,60.16475216794655,51.46163963546221,44.01747299777106,37.65013984852414,32.20387119190612,27.54543074520701
"WITCH 6.0","Low - SSP2","India+ (R10)","Capacity|Electricity|Fossil","GW",1,301.1654328,,365.977385410345,334.9909037723616,317.3786637375651,289.5721955442082,242.1384895536479,201.8305675113655,168.5825379137972,140.8436969577811,117.8024452993622,98.63928085246627,82.68184726790793,69.37780457138328,58.27281830701916,48.99268277624999,41.22878621685754,34.72628002447215
"WITCH 6.0","Low - SSP2","India+ (R10)","Capacity|Electricity|Gas","GW",1,47.807073,,61.41187317925773,75.68872817213521,94.58338717613145,99.76912743542013,80.39907885563898,63.97109178955428,51.04984416482598,40.61880202351941,32.3191403385842,25.71535299392361,20.46092107260129,16.28013005452984,12.9536023159445,10.30678578104815,8.200794693662838,6.52512189894076
"WITCH 6.0","Low - SSP2","India+ (R10)","Capacity|Electricity|Hydro","GW",1,62.207574,,65.31853589726248,65.53478923299492,65.72215850671418,65.88450164290293,66.02516127905591,66.1470335904278,66.25262792214478,66.34411845650197,66.42338897927395,66.4920716667748,66.55158069229127,66.60314134384373,66.64781525280868,66.68652225285847,66.72005931929316,66.74911697872419
"WITCH 6.0","Low - SSP2","India+ (R10)","Capacity|Electricity|Nuclear","GW",1,7.57302,,12.73406846807899,16.48333914354921,22.88877512597657,30.23919309874858,41.82683823041357,58.95361023339922,68.00290993078065,77.65179706081055,87.63750858107704,97.72720712452804,108.6938647073792,120.778012938573,128.4648363352379,141.7788616105231,160.1645973705741,179.3172493326889
"WITCH 6.0","Low - SSP2","India+ (R10)","Capacity|Electricity|Oil","GW",1,18.4127798,,20.21775691338923,16.08665175887903,12.79965754460467,10.18429662771363,8.103333814972213,6.447575254061866,5.130138731293707,4.081894722475661,3.247838976310277,2.584206289779705,2.056174027360095,1.636034881391238,1.301742993303597,1.035757146677719,0.8241203312885961,0.6557273803243711
"WITCH 6.0","Low - SSP2","India+ (R10)","Capacity|Electricity|Solar|CSP","GW",1,0.437074241473102,,0.514242523659741,0.995358824224682,2.217760262408724,5.775587770116259,15.25047677315938,59.03242916832878,88.86684136331606,126.0433807412821,146.6424048082044,163.8910931909775,181.5355112413046,192.6867529955482,220.2446157320737,240.0011241947362,228.0120959668067,248.6957963222625
"WITCH 6.0","Low - SSP2","India+ (R10)","Capacity|Electricity|Solar|PV","GW",1,42.98778400000001,,132.2132379999999,193.4068359402569,234.4086131086466,364.4059016759858,592.7591035728879,847.915429792324,1109.99582983728,1502.686655204676,1827.611253518535,2116.473638356854,2423.149042171762,2695.353091651059,3024.366922584663,3318.623359695336,3582.792677487081,3717.678084040369
"WITCH 6.0","Low - SSP2","India+ (R10)","Capacity|Electricity|Wind|Offshore","GW",1,0.00002,,0.161999999999999,2.809098013001536,4.703747202862479,6.303950444149333,9.045717783711481,13.04368564305924,17.49671592760258,20.08789519490628,21.72746535052725,24.30188740969595,26.91054137532818,29.13468744383111,32.61466222900044,34.58743588061147,34.33273840429199,35.74078520845806
"WITCH 6.0","Low - SSP2","India+ (R10)","Capacity|Electricity|Wind|Onshore","GW",1,40.22698600000003,,46.88604000000002,278.1978287700865,470.374720286248,630.3950444149332,763.994675247876,1304.368564305924,1749.671592760258,2008.789519490629,2172.746535052725,2430.188740969595,2691.054137532818,2913.468744383112,3261.466222900043,3458.743588061147,3433.273840429199,3574.078520845806
"WITCH 6.0","Low - SSP2","Latin America (R10)","Capacity|Electricity|Biomass","GW",1,15.18226,,26.93083398387431,25.44602711619311,27.28994534277361,32.0761729254732,40.64939399191156,52.75190652840145,71.52281663923554,94.01849264883242,126.6059071719977,166.6479382624049,180.1694322100141,182.7157574910798,184.6135124355575,185.6475447541126,187.3298546864565,189.0435105471013
"WITCH 6.0","Low - SSP2","Latin America (R10)","Capacity|Electricity|Coal","GW",1,17.74932,,21.7420331991777,18.5969465030795,15.90681129359517,13.60581671233757,11.66993932160866,10.08585171744124,8.73828897748319,7.476252044023189,6.394777251627802,5.469742841351644,4.678518980923355,4.001749349051877,3.422877606767044,2.927742366893405,2.504230753082248,2.141982073148449
"WITCH 6.0","Low - SSP2","Latin America (R10)","Capacity|Electricity|Fossil","GW",1,152.04119,,190.7443543379266,153.4912117590929,124.1307768056802,101.6117484080593,86.08970266142686,71.61486425580176,59.77072356097813,52.19173084472659,44.53339709109278,36.20141376961644,29.13077104376548,23.45765958382044,18.90335122901445,15.24508247986543,12.30476212962833,9.939965597327387
"WITCH 6.0","Low - SSP2","Latin America (R10)","Capacity|Electricity|Gas","GW",1,100.35158,,130.580097268665,104.3228750742272,83.89924394450502,68.65149358146125,59.02002798506712,49.27591339922121,41.28301778801365,36.95816558772233,31.96636261150633,25.8205943425809,20.54465839982989,16.34675728860513,13.00661557141187,10.34896680948574,8.234356849851267,6.551826281686745
"WITCH 6.0","Low - SSP2","Latin America (R10)","Capacity|Electricity|Hydro","GW",1,197.629256,,201.1021251676045,219.1968673710613,234.8747698335398,248.4586398251241,260.2281685863773,270.4256901577547,279.2611710260332,286.9165333243424,293.5494006002795,299.2963432772985,304.2756906332697,308.5899671947121,312.3280037119458,315.5667661800387,318.3729405650044,320.8043058646875
"WITCH 6.0","Low - SSP2","Latin America (R10)","Capacity|Electricity|Nuclear","GW",1,5.074363333333332,,6.408220966757963,5.755777488824386,5.606214351688614,7.305905777018241,9.892487416746448,9.661783203723358,10.01268125012347,10.9867608835073,12.36513723077165,13.59786638521698,14.56083110054607,15.45728827854198,16.31293841600346,17.21605680706633,18.87780123199217,20.80506691693937
"WITCH 6.0","Low - SSP2","Latin America (R10)","Capacity|Electricity|Oil","GW",1,33.94029,,38.42222387008385,30.57139018178622,24.32472156757997,19.35443811426044,15.39973535475107,12.25309913913933,9.749416795481277,7.757313212981069,6.172257227958639,4.911076585683897,3.90759366301223,3.109152946163432,2.473858050835541,1.968373303486283,1.566174526694811,1.246157242492193
"WITCH 6.0","Low - SSP2","Latin America (R10)","Capacity|Electricity|Solar|CSP","GW",1,0.256269999999999,,0.291923999999999,0.552720474116813,1.036817086166629,2.471073182370956,7.271694656358028,34.73510719023808,57.22949310651889,59.71052528283307,65.15694411646417,68.13280030938714,72.89556989232362,84.73230548802249,97.31714688468753,144.7195729737606,162.1471614014943,158.1369734370341
"WITCH 6.0","Low - SSP2","Latin America (R10)","Capacity|Electricity|Solar|PV","GW",1,26.50736099999996,,116.5694640000001,216.9194564927209,262.0255920014633,348.3958845604271,407.7937655710071,441.9966095728048,457.4583556422361,459.183623649658,469.0792628977399,492.0171212715607,530.1561027745477,611.1787983396565,714.5055273963799,797.15018511517,848.4124433720102,875.9522166378194
"WITCH 6.0","Low - SSP2","Latin America (R10)","Capacity|Electricity|Wind|Offshore","GW",1,0.00003,,0.242999999999999,2.816697618573037,4.755641952094028,6.378329599461003,9.164011474659624,11.34074876990813,13.39777775853267,14.13920088179833,15.41056338669801,16.59243388735199,18.16278147104976,19.94857502674088,22.36485602391463,24.142083355487,24.69681566643356,33.46172026860656
"WITCH 6.0","Low - SSP2","Latin America (R10)","Capacity|Electricity|Wind|Onshore","GW",1,33.931598,,49.28125999999999,281.6697618573037,475.564195209403,637.8329599461002,774.1215943812755,1134.074876990813,1339.777775853266,1413.920088179833,1541.056338669801,1659.243388735199,1816.278147104976,1994.857502674088,2236.485602391463,2414.208335548699,2469.681566643357,2489.499824520992
"WITCH 6.0","Low - SSP2","Middle East (R10)","Capacity|Electricity|Biomass","GW",1,0.08001999999999901,,0.08371139855611501,0.066606603422417,0.448565596080455,1.924091121974941,4.780122871627261,9.467310292213057,10.0919241309865,10.35769252858735,10.63565423192146,10.94023500578237,11.26476451222914,11.5933326041685,11.94149705718678,12.30092894262152,12.66617628534998,13.03090351043563
"WITCH 6.0","Low - SSP2","Middle East (R10)","Capacity|Electricity|Coal","GW",1,10.21704,,17.7891206614689,15.21584123469535,13.01479870114827,11.13214725487389,9.521830137354536,8.147222535793963,6.968688726525098,5.960635339693156,5.098401585590033,4.360893972971191,3.73007028266401,3.190498186804939,2.728977715866409,2.334218337592417,1.996562747974974,1.707750617156462
"WITCH 6.0","Low - SSP2","Middle East (R10)","Capacity|Electricity|Fossil","GW",1,408.8396,,478.8438382803612,382.0630001898821,304.9038801718063,243.3793755677206,194.9464715882361,155.6839471741208,124.3591549918814,99.36464443491647,79.41711921756216,63.49402802110347,50.78049921592748,40.62708764614541,32.51612869668092,26.03494472233693,20.85450695104171,16.71244092887965
"WITCH 6.0","Low - SSP2","Middle East (R10)","Capacity|Electricity|Gas","GW",1,356.29808,,415.8389796621977,330.8703770774517,263.2634548024,209.4706913525578,167.3020465496263,133.1171293096946,105.9172346131324,84.27510904320789,67.05513064220419,53.35371969839601,42.45192542900454,33.77770065174933,26.87588489307166,21.38432086401444,17.01485106944359,13.53819739033777
"WITCH 6.0","Low - SSP2","Middle East (R10)","Capacity|Electricity|Hydro","GW",1,18.929204,,19.34904210814196,21.61949633510998,23.58669539855541,25.29114383413935,26.76793615452422,28.04747944372942,29.15611943755292,30.11668298102508,30.94894803206803,31.67005088871379,32.29483902467005,32.83617679810153,33.30521032815606,33.71159699303057,34.06370427493135,34.36878204613687
"WITCH 6.0","Low - SSP2","Middle East (R10)","Capacity|Electricity|Nuclear","GW",1,2.26001,,3.968494796501351,4.110398141578958,4.25898262901039,4.354077492075045,4.823661066750806,4.125895953960041,3.555219963953606,3.80282191712282,3.62653476108202,3.742541937352352,3.872198517490145,4.097822474570575,4.346278203731642,4.606481998576538,4.906093798608641,5.446517048788617
"WITCH 6.0","Low - SSP2","Middle East (R10)","Capacity|Electricity|Oil","GW",1,42.32447999999999,,45.21573795669462,35.97678187773507,28.62562666825808,22.77653696028899,18.12259490125527,14.41959532863227,11.47323165222391,9.128900052015426,7.263586989767938,5.77941434973626,4.598503504258924,3.658888807591137,2.911266087742856,2.316405520730076,1.843093133623145,1.466492921385429
"WITCH 6.0","Low - SSP2","Middle East (R10)","Capacity|Electricity|Solar|CSP","GW",1,1.038627999999997,,1.241153599999998,11.6616180942687,37.66805283314054,97.91199626101107,282.0298962583406,577.5568673394176,690.283044035971,776.2108068577437,930.3720146565718,1023.016872519736,1101.395853184747,1174.201133620784,1227.808122028362,1295.206040714085,1347.64131622221,1379.689600762741
"WITCH 6.0","Low - SSP2","Middle East (R10)","Capacity|Electricity|Solar|PV","GW",1,9.773837999999984,,37.04120000000002,102.9733707733425,289.9714077260821,433.7216475588774,531.6705332929209,590.9485264561312,621.3229657480196,630.3788548531303,707.3073216386608,765.1074122382175,812.0541976749406,853.8996504634199,904.6445786461065,940.6812589815488,974.9396872611794,985.0529701529321
"WITCH 6.0","Low - SSP2","Middle East (R10)","Capacity|Electricity|Wind|Offshore","GW",1,0.00001,,0.080999999999999,1.680705533951713,3.032155884946004,4.161240416351881,5.107643356706307,6.192961097481987,6.96175512340621,7.551558350992151,8.14097328735728,8.638937689178023,9.218806127176558,9.754293303699928,10.35680148758589,10.78006386716268,11.15528808546502,11.29805854469986
"WITCH 6.0","Low - SSP2","Middle East (R10)","Capacity|Electricity|Wind|Onshore","GW",1,3.99585,,5.860920000000003,168.0705533951713,303.2155884946004,416.124041635188,510.7643356706306,619.2961097481987,696.1755123406209,755.155835099215,814.0973287357278,863.8937689178024,921.8806127176556,975.4293303699928,1035.680148758589,1078.006386716268,1115.528808546502,1129.805854469986
"WITCH 6.0","Low - SSP2","North America (R10)","Capacity|Electricity|Biomass","GW",1,8.45684,,8.921074887868281,9.975209522886463,14.28263770625618,27.33498379985058,51.5383511274634,65.9927952848404,90.89326182891301,94.00133980118008,96.79566641790056,100.2018639574453,104.5924189531526,108.6193506501736,112.7064129077621,116.5735041833547,118.0393348153137,119.3637311865128
"WITCH 6.0","Low - SSP2","North America (R10)","Capacity|Electricity|Coal","GW",1,256.54572,,218.7968296240677,187.1468458486246,160.0751801169436,136.9195573309218,117.7431541411317,100.7110567170546,86.57644043356524,74.05275377975944,63.34067691976433,54.17815203180954,46.34102918255944,39.63758277391914,33.90382121143293,28.99947505106544,24.804565479297,21.2164691786077
"WITCH 6.0","Low - SSP2","North America (R10)","Capacity|Electricity|Fossil","GW",1,828.8124700000001,,847.0200705080151,687.0048937135547,563.0088302032045,471.2038657967881,391.7447498774629,319.1083279263547,262.7884877917014,214.2592986359882,174.8987429841617,142.9414983990569,116.9673132001024,95.8327601559108,78.61660774582168,64.57607384138248,53.11177868583106,43.73965427122727
"WITCH 6.0","Low - SSP2","North America (R10)","Capacity|Electricity|Gas","GW",1,545.07374,,602.0712349705582,479.0496953989733,386.3770794820226,321.1107508465593,263.5197982374713,210.0572250363451,169.576127309634,134.9265459237398,107.3569321563152,85.42063241231907,67.96658860460285,54.07893896464677,43.02896025215448,34.23682963883354,27.24119980704905,21.6749907849485
"WITCH 6.0","Low - SSP2","North America (R10)","Capacity|Electricity|Hydro","GW",1,165.965164,,167.4547710950658,176.344568449233,184.0469924054698,190.7206355086839,196.5029077546845,201.5128658554954,205.8536646114242,209.6146808635209,212.8733537585071,215.6967792171443,218.1430914360681,220.2626598681472,222.0991263271352,223.6903035705518,225.0689538625704,226.2634635474892
"WITCH 6.0","Low - SSP2","North America (R10)","Capacity|Electricity|Nuclear","GW",1,111.4993533333333,,123.6148009061205,111.5127956682,106.8198960469977,103.016243444563,95.99292599384049,82.10710070339871,70.22992492541208,65.82262068721998,61.00171723188665,52.58954821861865,46.04376476804113,45.78310410036535,46.72594130122162,47.86348842475996,48.74582868025539,50.68425420725187
"WITCH 6.0","Low - SSP2","North America (R10)","Capacity|Electricity|Oil","GW",1,27.19301,,26.15200591338924,20.80835246595678,16.55657060423842,13.17355761930707,10.48179749885987,8.34004617295508,6.63592004850203,5.279998932488928,4.201133908082178,3.342713954928407,2.65969541294006,2.116238417344898,1.683826282234283,1.339769151483486,1.066013399485013,0.8481943076710711
"WITCH 6.0","Low - SSP2","North America (R10)","Capacity|Electricity|Solar|CSP","GW",1,1.723359999999997,,2.057632000000002,4.01192187256375,8.093666962123958,18.10367561141198,45.13052016398066,208.6743855812577,261.1243643530607,275.4377653331445,291.4907172544571,528.931473074633,965.9458200152952,1150.87696230468,1168.535736639531,1173.855727877856,1176.618363758581,1164.985275596382
"WITCH 6.0","Low - SSP2","North America (R10)","Capacity|Electricity|Solar|PV","GW",1,82.92155600000005,,258.5487219999999,403.8399613769363,543.0924855556353,655.7966875653916,732.8140934601187,772.9930645302074,785.970960677171,779.2049205973506,758.438448981303,848.0273782136861,894.8546895192821,910.1034736887214,902.802660395965,896.0184327846401,889.7427559672633,870.1014274117239
"WITCH 6.0","Low - SSP2","North America (R10)","Capacity|Electricity|Wind|Offshore","GW",1,0.03411,,0.194299999999999,5.043397364433035,7.879804043211712,10.22985910103406,12.21673553722495,12.58380816710911,13.40085524691122,13.42410878818363,13.54336318149071,16.76665905876452,17.61727723534222,17.6595361298511,17.11608338890689,16.7309766693701,16.21025832869912,15.40214280527038
"WITCH 6.0","Low - SSP2","North America (R10)","Capacity|Electricity|Wind|Onshore","GW",1,132.0117959999999,,165.0039799999999,504.3397364433035,787.9804043211711,1022.985910103406,1221.673553722495,1258.380816710911,1340.085524691122,1342.410878818363,1354.336318149071,1676.665905876451,1761.727723534222,1765.95361298511,1711.608338890688,1673.09766693701,1621.025832869912,1540.214280527037
"WITCH 6.0","Low - SSP2","Pacific OECD (R10)","Capacity|Electricity|Biomass","GW",1,2.67744,,3.828678649913832,5.941452562653168,6.249728517834784,7.267459196805003,9.93473463699457,12.90048395681418,13.5892398436439,13.78198120765415,14.1038900201056,14.26058379252563,14.33884917348593,14.45846999214844,14.61201118072301,14.79447853415609,14.99395438499994,15.20819708207978
"WITCH 6.0","Low - SSP2","Pacific OECD (R10)","Capacity|Electricity|Coal","GW",1,117.15988,,124.6190684276262,106.592337872974,91.17325812642234,77.98462031382884,66.70378058727704,57.09783510877796,48.83836645966294,41.77366854460024,35.73091219411288,30.56226878566626,26.14129379773313,22.35983349966154,19.12537910330747,16.35880364899707,13.99242626150927,11.96835642047562
"WITCH 6.0","Low - SSP2","Pacific OECD (R10)","Capacity|Electricity|Fossil","GW",1,289.849264,,295.8114416594694,242.8048813195185,199.5534192393802,164.219404759216,135.5215626120307,112.0395118683864,92.61340224147833,76.66938958728359,63.52101653069175,52.69840051112853,43.7713819935536,36.40296280244996,30.31256054915085,25.2601022872992,21.08812678302802,17.62732236943796
"WITCH 6.0","Low - SSP2","Pacific OECD (R10)","Capacity|Electricity|Gas","GW",1,32.8805,,34.82451731845401,27.70880494670612,22.04704991468034,17.54216433640124,14.16116196387959,11.45307330061822,9.17248208005157,7.363525767373152,5.883577344058867,4.705777186884652,3.761287383886566,3.008148027141109,2.406983835022905,1.915163532192933,1.537046162684717,1.236114427816618
"WITCH 6.0","Low - SSP2","Pacific OECD (R10)","Capacity|Electricity|Hydro","GW",1,48.427192,,49.47926282548471,53.16708271176322,56.3623357762262,59.13081212832455,61.52951456518958,63.6078322565295,65.40855766529748,66.96876764247956,68.32058683770268,69.49184914425078,70.50667079761098,71.38594692762145,72.14778178820632,72.80786152310763,73.37977714284298,73.87530436296916
"WITCH 6.0","Low - SSP2","Pacific OECD (R10)","Capacity|Electricity|Nuclear","GW",1,57.29203,,49.00447015245668,41.91574456207989,36.45168954930428,34.61665245325448,36.48267643346971,31.20528703072629,26.691297670215,22.83027858438088,19.52777350123777,16.70299141402492,14.28682718241352,12.22017260168759,10.45246979533066,8.940471661707498,7.858695973086914,6.754685321104139
"WITCH 6.0","Low - SSP2","Pacific OECD (R10)","Capacity|Electricity|Oil","GW",1,139.808884,,136.3678559133892,108.5037384998384,86.33311119827742,68.69262010898582,54.65662006087408,43.48860345899025,34.60255370176383,27.5321952753102,21.90652699252002,17.43035453857762,13.8688008119339,11.03498127564732,8.78019761082046,6.986135106109193,5.558654358834033,4.422851521145725
"WITCH 6.0","Low - SSP2","Pacific OECD (R10)","Capacity|Electricity|Solar|CSP","GW",1,0.105137338718653,,0.11597632811523,0.105209153505417,0.104757915272975,0.104398941123732,0.122228291562067,2.719116214292401,2.27017867539027,3.003878479885065,7.071261721661841,9.839984561322346,20.3366359881073,29.04739296298632,34.44345899764435,39.13754853944157,42.89380965702021,46.10019899073876
"WITCH 6.0","Low - SSP2","Pacific OECD (R10)","Capacity|Electricity|Solar|PV","GW",1,105.6819440000001,,262.7952100000002,365.4194300737374,421.8769046289933,445.7215081992007,455.1606881576362,459.7897388811526,460.8796583171302,459.4129265529825,456.1453402423272,451.6549242279072,446.1114778949922,435.80255190396,426.221881725106,417.3597511632458,409.3801382276633,396.5385846566622
"WITCH 6.0","Low - SSP2","Pacific OECD (R10)","Capacity|Electricity|Wind|Offshore","GW",1,0.197209999999999,,0.481767306678452,7.053324818521697,7.250621037681204,7.418140744484882,7.57929455567505,7.74388445846373,7.780138708058196,7.796213556614346,7.844861853725368,7.893102825506218,7.914270331317319,7.943687140034207,7.947539943666943,8.13028474533821,8.085567582210777,8.08309648749033
"WITCH 6.0","Low - SSP2","Pacific OECD (R10)","Capacity|Electricity|Wind|Onshore","GW",1,15.7422,,21.30223999999999,58.9035864651068,92.89309692787276,123.9293135664475,152.5536010383263,233.977355009278,221.6710080710488,210.8898237858879,205.5719926214355,203.3856073762285,199.5905777834575,197.3349467950123,193.3969184000149,206.170035133461,197.1764854348987,192.6088302852986
"WITCH 6.0","Low - SSP2","Reforming Economies (R10)","Capacity|Electricity|Biomass","GW",1,0.26642,,1.213216309257044,1.913429653429607,3.517358614693022,6.610703803576191,11.68073491383593,16.82710744312658,17.32428322535799,17.77775143657266,18.23447619856783,18.71637291272783,19.21405600972939,19.71755822266958,20.24089996452324,20.7698506223904,21.30279197693626,21.83778966468626
"WITCH 6.0","Low - SSP2","Reforming Economies (R10)","Capacity|Electricity|Coal","GW",1,101.15094,,124.4500321645558,106.4477534952113,91.04958855450136,77.87884012335613,66.68739542891763,58.09523326191321,49.69148630941222,42.50338062171652,36.35506800955408,31.09613754591565,26.59793594720786,22.75042022846637,19.45946563669898,16.64456300424983,14.2368491907591,12.17742243089626
"WITCH 6.0","Low - SSP2","Reforming Economies (R10)","Capacity|Electricity|Fossil","GW",1,290.57217,,320.5198960346397,262.4545565248809,215.1794375335602,176.7910101424826,146.5462710329089,123.5745728338742,101.791397175288,83.96373867506988,69.37300770295838,57.38512045174914,47.51527682300006,39.39370958208373,32.70202271663862,27.20949039340733,22.66447745153288,18.88302887206245
"WITCH 6.0","Low - SSP2","Reforming Economies (R10)","Capacity|Electricity|Gas","GW",1,188.23522,,194.8838559133892,155.0631327172636,123.3789993296196,98.3147418827833,79.38352028037752,65.10111385753271,51.79896821529761,41.22090717658276,32.8274159431946,26.13738897607418,20.79672221531246,16.5473167689695,13.16619462518052,10.50416811588967,8.379283962523031,6.667140359403573
"WITCH 6.0","Low - SSP2","Reforming Economies (R10)","Capacity|Electricity|Hydro","GW",1,105.423182,,123.4187754748883,123.5601366774018,123.6582293028188,123.7432201027033,123.8168590336046,123.8806623176266,123.9359436613692,123.983841305085,124.0253414589925,124.0612986092974,124.0924531120238,124.1194464369089,124.1428343752353,124.1630984835468,124.180655998875,124.19586842963
"WITCH 6.0","Low - SSP2","Reforming Economies (R10)","Capacity|Electricity|Nuclear","GW",1,42.69434333333334,,59.35240927451038,64.73023944805284,62.86422124000442,66.79354867219732,77.88754786460879,77.70689232258967,79.80565509873266,80.11661282120558,82.72058873230095,85.87578427608692,88.23614642770016,91.89268052709357,96.2907026850379,102.3804469801567,111.2040265245516,118.8655549086119
"WITCH 6.0","Low - SSP2","Reforming Economies (R10)","Capacity|Electricity|Oil","GW",1,1.18601,,1.186007956694616,0.9436703124059691,0.7508496494393061,0.597428136343226,0.4753553236138151,0.378225714428316,0.300942650578223,0.239450876770599,0.190523750209694,0.151593929759303,0.120618660479733,0.09597258464785101,0.076362454759118,0.06075927326782501,0.048344298250751,0.03846608176262
"WITCH 6.0","Low - SSP2","Reforming Economies (R10)","Capacity|Electricity|Solar|CSP","GW",1,0.05199999999999901,,0.057199999999999,0.052,0.052,0.073255124049262,0.186806439485422,9.809999999999988,11.56825630057226,11.20837905248937,11.56799999999999,11.56799999999999,11.56799999999999,11.56799999999999,11.56799999999999,15.45599999999999,15.45683472054792,15.45625630057227
"WITCH 6.0","Low - SSP2","Reforming Economies (R10)","Capacity|Electricity|Solar|PV","GW",1,15.90446400000003,,43.70933600000003,115.0348860423423,165.9380332292435,249.7307652062763,359.0840690919632,430.055141897152,496.1378032625722,533.3222337839593,555.3587548329958,580.4072260464814,619.7547409277474,669.3933877234723,774.47821165772,833.904844354283,859.4212638682152,860.1331160480596
"WITCH 6.0","Low - SSP2","Reforming Economies (R10)","Capacity|Electricity|Wind|Offshore","GW",1,0.00001,,0.080999999999999,1.170861836375642,3.518351599773839,5.470152059555473,7.096828235905775,9.009004064677882,10.12481987171595,10.61881411939973,11.3813371370658,11.8304514220765,12.46310869988861,13.19025951542437,13.4760938524662,13.66071930305304,13.40626189655386,13.39114470031666
"WITCH 6.0","Low - SSP2","Reforming Economies (R10)","Capacity|Electricity|Wind|Onshore","GW",1,12.45083600000001,,17.94337999999999,117.0861836375642,351.8351599773839,547.0152059555472,709.6828235905775,900.9004064677881,1012.481987171595,1061.881411939973,1138.13371370658,1183.04514220765,1246.310869988861,1319.025951542437,1347.60938524662,1366.071930305304,1340.626189655386,1339.114470031666
"WITCH 6.0","Low - SSP2","Rest of Asia (R10)","Capacity|Electricity|Biomass","GW",1,4.86944,,7.448806863275703,6.570089829846496,12.22773970646418,13.50086647090797,16.28391597126334,21.03945554268872,28.63004410357084,39.74843973469719,56.11396492191466,64.78980903314744,66.3755975596946,67.59456289282856,68.68428981732615,69.43786720668318,70.69197598250199,71.99952849826305
"WITCH 6.0","Low - SSP2","Rest of Asia (R10)","Capacity|Electricity|Coal","GW",1,90.54436,,118.5528702811972,101.6546561932334,87.6493201656067,76.61793929567057,68.5914638150994,60.94033636046341,52.17117434042498,44.62437019222341,38.16924652795493,32.64788666453132,27.92521730496919,23.88570413584978,20.43052542204668,17.47515445418314,14.94729170636105,12.78509611693692
"WITCH 6.0","Low - SSP2","Rest of Asia (R10)","Capacity|Electricity|Fossil","GW",1,193.1967,,238.3043887413236,199.6978369960693,167.1703934756421,142.4769391645287,125.3500304771955,110.3335643932903,93.49080895526444,77.50114162144418,64.32828955156,53.46183834418507,44.48624303255549,37.06280656075259,30.91514341446656,25.81744480773067,21.5849973808269,18.06651581747517
"WITCH 6.0","Low - SSP2","Rest of Asia (R10)","Capacity|Electricity|Gas","GW",1,93.824996,,110.3535825467371,90.56553019408625,73.57133507582697,61.12497485113653,52.99184752484726,46.39616464473667,38.93496280233165,30.97936089197056,24.64933140291794,19.61272024718739,15.60524256040872,12.41661494682844,9.879521330155185,7.860833418042198,6.254625093788664,4.97661418114545
"WITCH 6.0","Low - SSP2","Rest of Asia (R10)","Capacity|Electricity|Hydro","GW",1,50.545122,,55.39203502884352,57.67326768394885,59.2320705668137,60.2207307589797,60.76374266314527,60.96251553220669,60.89931928489098,60.64058810423281,60.23968298275267,59.73919881116896,59.17288839415163,58.56726456596387,57.94293207159104,57.3156928200813,56.69746128902379,56.09702107727578
"WITCH 6.0","Low - SSP2","Rest of Asia (R10)","Capacity|Electricity|Nuclear","GW",1,0.00004,,0.0001173439048254135,0.0001520856171289453,0.0001615020963713445,0.0001918550032931903,0.0002427820067883345,0.000269223205872068,0.0002517863954983777,0.0002506850468880379,0.0002474786300862512,0.0002598307850188316,0.0002861983056082847,0.0003029796454314585,0.0002694140733116137,0.000261445161072822,0.0002760315611272924,0.0003011159479835474
"WITCH 6.0","Low - SSP2","Rest of Asia (R10)","Capacity|Electricity|Oil","GW",1,8.827343999999998,,9.397935913389231,7.477650608749543,5.949738234208427,4.734025017721615,3.766719137248864,2.997063388090266,2.38467181250781,1.89741053725021,1.50971162068715,1.201231432466351,0.955783167177582,0.7604874780743791,0.6050966622646891,0.481456935505331,0.383080580677186,0.304805519392803
"WITCH 6.0","Low - SSP2","Rest of Asia (R10)","Capacity|Electricity|Solar|CSP","GW",1,0.107302594932018,,0.118534115302015,0.107503831727921,0.13140519012571,0.211411646376239,0.588373022867416,7.637371436711404,6.876489845351845,6.152529682581036,5.77961549933714,5.784913466607788,5.371644902303889,5.230066161303377,5.203567948413519,7.682245579708171,7.420653511175558,7.232547390307479
"WITCH 6.0","Low - SSP2","Rest of Asia (R10)","Capacity|Electricity|Solar|PV","GW",1,17.48862847536099,,46.39906599999999,120.5015282573921,241.5414529194349,343.3216388372863,519.8589764149687,643.9742672072805,751.3505143026119,812.8910150350832,852.8039480397287,871.3710434345621,880.527453484657,899.610977015756,1018.106092305439,1090.282092188359,1119.690200168989,1117.87121572314
"WITCH 6.0","Low - SSP2","Rest of Asia (R10)","Capacity|Electricity|Wind|Offshore","GW",1,0.457129999999999,,1.264999999999993,1.372013803254409,3.054363112589405,19.89785274754848,65.21982555850394,65.6936426422307,80.93822262088233,98.47219133760571,114.2620843330715,138.2219621293504,155.6939805026009,163.3193443009825,180.0783383878288,192.5214896,198.2102624909768,201.2659140878515
"WITCH 6.0","Low - SSP2","Rest of Asia (R10)","Capacity|Electricity|Wind|Onshore","GW",1,3.619404000000002,,6.95414,74.31937207628044,130.6770599656096,177.9920663267831,217.879430399557,453.8033098449797,573.5262110598661,587.8884343641156,627.2427724620793,672.0153072701476,653.95323871771,675.5364461535652,745.8272246243549,792.17388,792.17388,792.1746807627378
"WITCH 6.0","Low - SSP2","World","Capacity|Electricity|Biomass","GW",1,59.12394999999999,,88.27033738897047,82.06397895202198,90.48400079948328,118.8230997060819,167.3536508506241,218.4007956634188,291.1022759588783,329.8993596748398,387.1087290148291,450.9452191353143,489.9018652958732,525.8639401810001,565.2110253268654,585.8063667391436,601.4119554399128,615.4817597391652
"WITCH 6.0","Low - SSP2","World","Capacity|Electricity|Coal","GW",1,2094.935726666666,,2255.650217743834,1934.576101488033,1663.474912077113,1427.311459913327,1226.9493838253,1057.168974781797,911.801019309013,785.0444903908734,671.4841365842705,574.350818588415,491.2682889147941,420.204035377582,359.4195581759378,307.4279332012815,262.9570461474946,224.9190807048218
"WITCH 6.0","Low - SSP2","World","Capacity|Electricity|Fossil","GW",1,4113.077070466666,,4589.111900181714,3880.646259760759,3324.850870527602,2898.647627654615,2534.873211806967,2110.122096258602,1761.648765407162,1472.802060028083,1232.218092464289,1036.876006280362,882.4847805508917,765.0803276547862,682.3524113074885,566.8824743278443,473.2906683566378,398.1289419687955
"WITCH 6.0","Low - SSP2","World","Capacity|Electricity|Gas","GW",1,1665.914916,,1970.789856174072,1657.503261516792,1431.772091061081,1288.647382184707,1162.563940329888,937.2946979246158,757.8218704960526,614.5353907397838,502.4733042164719,416.1689663479191,354.3322619555516,315.5286371042155,299.5818201396129,240.8748372770902,195.5503192497712,161.4472385570041
"WITCH 6.0","Low - SSP2","World","Capacity|Electricity|Hydro","GW",1,1212.46141,,1279.111065116725,1367.534588056476,1443.638490309212,1509.157402129359,1565.561228854209,1614.11605200514,1655.912354219583,1691.889340592438,1722.855895671516,1749.508640941771,1772.447493480269,1792.189071155875,1809.178242065938,1823.798074796573,1836.378410657158,1847.203248492422
"WITCH 6.0","Low - SSP2","World","Capacity|Electricity|Nuclear","GW",1,396.2352099999999,,496.3899980635944,498.1507919769008,456.110810812778,432.3937565047847,428.167721697759,401.9641480496974,377.8854671171216,367.175904275466,366.4309522143924,364.4171840856647,367.8749468910331,376.2984545147837,386.5581032033436,406.0898885769775,433.3140591720261,460.7417522869956
"WITCH 6.0","Low - SSP2","World","Capacity|Electricity|Oil","GW",1,352.2264278,,362.6718262638084,288.5668967559342,229.6038673894081,182.688785556581,145.3598876517795,115.6584235521883,92.02587560209659,73.22217889742561,58.26065166354636,46.35622134402813,36.88422968054602,29.34765517298861,23.35103299193788,18.57970384947263,14.78330295937198,11.76262270696955
"WITCH 6.0","Low - SSP2","World","Capacity|Electricity|Solar|CSP","GW",1,7.12235217512377,,8.45895856707699,23.24269676165783,57.78467283140168,139.6785461936918,388.1628825829598,995.1257098516661,1240.875655987953,1408.118825545923,1626.408127108191,1996.260983786018,2605.092361582711,2950.288767898627,3120.556644752558,3340.609784429106,3423.728178599308,3490.835674272077
"WITCH 6.0","Low - SSP2","World","Capacity|Electricity|Solar|PV","GW",1,741.1580054753606,,2529.372627999998,4000.000000069734,5044.73173293963,5991.538974762962,6892.322861848616,7898.430694625272,8963.91989466363,10164.88792489042,11446.78371277583,12846.68115330796,14303.11293314581,15917.62112793598,17679.78035035431,19754.11623859522,21274.49391445984,21969.75818867016
"WITCH 6.0","Low - SSP2","World","Capacity|Electricity|Wind|Offshore","GW",1,40.64386000000003,,74.5361673066786,171.7213254284491,170.1958012753491,184.5470240825269,230.8392145773805,235.0290852858893,255.3518127224747,274.6075254423205,293.3524948191851,325.2121594715922,348.9088022180362,363.9340731555115,388.2364155125346,406.0217904803865,414.8267012507456,430.2037671051071
"WITCH 6.0","Low - SSP2","World","Capacity|Electricity|Wind|Onshore","GW",1,688.2376789999996,,943.8236099999993,2697.466091724617,4977.531349967169,6798.439178645953,8330.452571001928,11226.35228963633,12434.87638061903,13100.10163725658,13858.40678134957,15031.7005897057,15769.28396655642,16833.89013377591,17783.83155195917,18334.09203024175,18539.355862087,18773.34394139044
"WITCH 6.0","Very Low - SSP2","Africa (R10)","Capacity|Electricity|Biomass","GW",1,0.5840500000000001,,0.6290100354286341,0.8011930069606581,1.270200696964423,2.219714320020979,3.802621804241862,6.249944844360479,9.902520064789543,15.44910024291792,23.65289082386619,35.62221562612081,52.95827703203149,77.96781273723799,107.1977359067177,101.5504666401134,104.0626082398905,105.8608313298466
"WITCH 6.0","Very Low - SSP2","Africa (R10)","Capacity|Electricity|Coal","GW",1,47.37638,,56.4910396404163,51.27394032870004,44.48964116123813,39.86447895754728,36.83708158916611,31.50842560893552,26.95058461541654,23.14939207691438,20.24117265176009,17.31319740995279,14.80876529334492,12.66660819685491,10.83436636458232,9.267166874850759,7.926670114350294,6.780082473985485
"WITCH 6.0","Very Low - SSP2","Africa (R10)","Capacity|Electricity|Fossil","GW",1,75.64196000000001,,150.9533996085401,184.2042712644934,218.7733510000064,182.3021104269759,152.2068180441966,126.5290130314199,107.4852905969429,94.60632481627897,87.9899104593723,87.15725815411611,93.56393477381692,79.41584490901793,63.94488904235348,51.5257809154096,41.55075245478378,33.53393257040666
"WITCH 6.0","Very Low - SSP2","Africa (R10)","Capacity|Electricity|Gas","GW",1,20.17764,,86.05294405473462,126.2392155032658,168.9597936247866,138.2015539216243,111.9992189130967,92.33867301742616,78.40069206367073,69.75886650719463,66.39753788766708,68.76884933077503,77.89955369126726,66.06834756148066,52.56866306281345,41.8273763654262,33.280862561577,26.48066252435501
"WITCH 6.0","Very Low - SSP2","Africa (R10)","Capacity|Electricity|Hydro","GW",1,29.36673,,32.59239266335994,43.98465547144454,53.78816635682846,62.22409521895106,69.48287354010908,75.72845995630138,81.10201472720996,85.72506491001056,89.70223073422196,93.12357392852388,96.06662035007648,98.59810202670171,100.7754574822699,102.6481238377627,104.2586495457717,105.6436526220541
"WITCH 6.0","Very Low - SSP2","Africa (R10)","Capacity|Electricity|Nuclear","GW",1,1.860029999999999,,1.715504868863742,1.860049560093577,1.860061349688809,1.860154804887941,1.8603411002417,1.860458253859108,1.860555662760045,1.860624557239699,1.860753925475122,1.993509993371537,2.15080765473104,2.098086562121009,2.259765139336692,2.33099732422597,2.625881942468026,2.931199151382113
"WITCH 6.0","Very Low - SSP2","Africa (R10)","Capacity|Electricity|Oil","GW",1,8.087940000000001,,8.409415913389234,6.691115432527496,5.323916213981576,4.236077547804201,3.37051754193383,2.681914405058239,2.134013917855656,1.698066232169956,1.351199919945125,1.075211413388288,0.855615789204745,0.680889150682353,0.5418596149577151,0.431237675132646,0.343219778856477,0.273187572066166
"WITCH 6.0","Very Low - SSP2","Africa (R10)","Capacity|Electricity|Solar|CSP","GW",1,0.557999999999999,,0.6592,0.651999999999999,0.8917269834318571,4.973968527052586,39.51193456489863,67.49657625614871,102.4710991008408,141.1273395294224,182.8911868452095,228.0197730200681,282.7575566145168,358.9091532404768,361.0454838539312,437.2469445454504,473.3809919441527,508.587507673155
"WITCH 6.0","Very Low - SSP2","Africa (R10)","Capacity|Electricity|Solar|PV","GW",1,6.875574666666668,,15.10611999999997,24.62228292454405,53.75293063715226,262.5663773045804,856.7217086969168,1538.885799214449,2057.973434848202,2665.353683128595,3340.516334436716,4108.477941596413,4927.32335732993,5939.97481497447,8000.715329921631,9313.133085268488,10567.78920420891,11948.99471187746
"WITCH 6.0","Very Low - SSP2","Africa (R10)","Capacity|Electricity|Wind|Offshore","GW",1,0.00002,,0.161999999999999,0.308533585402986,0.530078931700785,0.7184911954235751,6.501787223241276,5.687284240389748,7.334982097330787,9.158197696545816,11.08189208414315,14.3130702819475,16.52038416080052,19.97386154015843,25.92174094911823,31.49254793492696,33.54950324289101,37.19631289320962
"WITCH 6.0","Very Low - SSP2","Africa (R10)","Capacity|Electricity|Wind|Onshore","GW",1,3.419314999999999,,4.663950000000002,30.85335854029866,53.00789317007857,71.84911954235758,87.97014269844098,568.7284240389748,733.4982097330785,915.8197696545817,1108.189208414315,1431.30702819475,1652.038416080052,1997.386154015842,2592.174094911823,3149.254793492697,3354.9503242891,3719.631289320962
"WITCH 6.0","Very Low - SSP2","China+ (R10)","Capacity|Electricity|Biomass","GW",1,11.62362,,18.41051591338923,14.64868528535223,11.6555115347548,9.273934588016894,7.378986540947678,5.871234248497137,4.671561793673987,3.717019057398482,2.957518552312163,3.939281478573683,8.186380729282748,6.513653147662334,5.182714893321208,4.123727969011269,3.281124413059989,2.610690495318857
"WITCH 6.0","Very Low - SSP2","China+ (R10)","Capacity|Electricity|Coal","GW",1,1069.260839999999,,1164.918034213813,996.4071972609333,852.2722402726248,728.9870783110185,623.5357358267878,533.3383780486384,456.1884895376226,390.1986928974366,333.7546286912864,285.4754621183158,244.1801144462712,208.8583199130098,178.6459880068718,152.8040110838957,130.7001968744418,111.793802674714
"WITCH 6.0","Very Low - SSP2","China+ (R10)","Capacity|Electricity|Fossil","GW",1,1192.951669999999,,1339.801970517197,1135.557004709227,962.989492652554,817.0814149066043,693.6297091994794,589.1100121064153,500.5642755832513,425.507150690289,361.8484902947237,307.8288898557589,261.9660542599692,223.0100490693664,189.9060867260091,161.7633277697839,137.82885155858,117.4658555094718
"WITCH 6.0","Very Low - SSP2","China+ (R10)","Capacity|Electricity|Gas","GW",1,77.49552,,123.7542283466895,98.46746024449354,78.34755108196097,62.33875379032892,49.60104266776506,39.46603491632727,31.40191875500637,24.9855477903121,19.88023735914042,15.81809775685633,12.58597732639355,10.01427780352611,7.968055028661973,6.339938054986857,5.044495099053074,4.013750699717717
"WITCH 6.0","Very Low - SSP2","China+ (R10)","Capacity|Electricity|Hydro","GW",1,344.280758,,372.7043228937254,405.2003048492817,433.355933141369,457.7509308246637,478.8875897474982,497.2011127172572,513.0685743055959,526.8166847960331,538.7285171332339,549.0493353815511,557.9916447005075,565.7395668159786,572.4526310778189,578.2690591616284,583.308611046516,587.6750508674037
"WITCH 6.0","Very Low - SSP2","China+ (R10)","Capacity|Electricity|Nuclear","GW",1,49.14534333333334,,80.85278522393307,119.7725735862987,105.5011005301921,91.51540456706934,79.45722409202496,67.96336534793234,58.15924709754908,52.56488525743094,47.96508907465761,43.37732977822834,41.52033160128578,40.14603955070805,37.83345574436353,36.55928968950355,33.3914759096876,28.56124289124966
"WITCH 6.0","Very Low - SSP2","China+ (R10)","Capacity|Electricity|Oil","GW",1,46.19531,,51.12970795669461,40.68234720380018,32.36970129796812,25.7555828052567,20.49293070492665,16.3055991414495,12.97386729062238,10.32291000254028,8.213624244296868,6.535329980586846,5.199962487304351,4.137451352830452,3.292043690475301,2.619378630901414,2.084159585085083,1.658302135040022
"WITCH 6.0","Very Low - SSP2","China+ (R10)","Capacity|Electricity|Solar|CSP","GW",1,0.4974000000000011,,0.5916800000000011,0.4772243312208531,0.460293837149726,0.503413578164497,1.529780107720134,2.894232811361661,3.30472685104687,3.276953244395115,3.163641881419515,3.073483490242834,3.001747211672803,3.212149297432231,3.657507528211825,3.652373427171933,3.552749286308688,3.291055895135216
"WITCH 6.0","Very Low - SSP2","China+ (R10)","Capacity|Electricity|Solar|PV","GW",1,272.1139959999992,,1118.777911999998,1790.785528174019,2235.420836194327,2508.14900654358,2652.201373790757,2701.165244980306,2720.145045646604,2763.67025504052,2783.616592607354,2838.494023434104,2819.792970596053,2748.784300140048,2641.768937115424,2511.155741642331,2366.312905447839,2214.239769208117
"WITCH 6.0","Very Low - SSP2","China+ (R10)","Capacity|Electricity|Wind|Offshore","GW",1,15.52084,,38.93900000000008,116.6559133988305,109.7362848470948,97.13013594792488,99.37465035670563,88.6135916795558,79.76856354408167,72.49841243113747,66.52272796800654,61.61102747539759,57.57386623005317,54.25553056497035,51.52803197947895,49.28617061142192,47.44347766915117,45.92888032255158
"WITCH 6.0","Very Low - SSP2","China+ (R10)","Capacity|Electricity|Wind|Onshore","GW",1,259.2746859999999,,405.1736199999994,600,1549.613338372335,2338.213694038514,2994.510208055761,3914.390178273181,3920.330404383208,3917.070033135474,3867.840202146966,3829.578553278561,3745.045279479442,3570.834504103956,3423.377995527946,3267.146451197749,3066.593419023176,2829.504712312087
"WITCH 6.0","Very Low - SSP2","Europe (R10)","Capacity|Electricity|Biomass","GW",1,14.60282,,15.06701591338923,11.98836444035323,9.942912598320351,15.3464200607703,12.92501568182649,10.94225590258555,13.76623395109205,12.45994107302697,11.52869808451506,11.40404358186605,12.38864693549202,13.39195925982415,14.4013211492692,15.40711626724448,16.40212608973522,17.38101779456946
"WITCH 6.0","Very Low - SSP2","Europe (R10)","Capacity|Electricity|Coal","GW",1,149.9856666666667,,123.9434342138131,106.01443730522,90.67895357614562,77.56181922648285,66.34235023034748,56.74561927212024,48.53710028957408,41.51598193373894,35.510501155603,30.37374123378985,25.98003763716694,22.22190379622172,19.00740157597333,16.25789212226453,13.90611205864712,11.89452797037722
"WITCH 6.0","Very Low - SSP2","Europe (R10)","Capacity|Electricity|Fossil","GW",1,380.0066136666667,,361.135155083897,294.7406461557862,240.8426345699534,197.0424744409608,161.4094588414479,132.3876144005469,108.7231258309129,89.40416447456916,73.61366557686448,60.6912655556999,50.10276589269004,41.41562200062263,34.27925700657136,28.40924111099823,23.5745693667332,19.58742419160776
"WITCH 6.0","Very Low - SSP2","Europe (R10)","Capacity|Electricity|Gas","GW",1,203.770567,,211.0185429133892,167.9010104363109,133.5937065829557,106.2964325955787,84.57682529775659,67.29519705202952,53.54473320945998,42.60390904651909,33.89862937487549,26.97210418509847,21.46087961630095,17.07576653065935,13.58666596256897,10.81049519194276,8.60158088945321,6.844015235578711
"WITCH 6.0","Very Low - SSP2","Europe (R10)","Capacity|Electricity|Hydro","GW",1,189.687228,,192.299801962349,201.2534192742361,209.0111390208765,215.7326922848869,221.5564755300208,226.6024001778107,230.974361578065,234.7623782092063,238.0444451544836,240.8881400170471,243.3520143396007,245.4867991778958,247.3364496507706,248.9390499739665,250.3275976123298,251.5306826960512
"WITCH 6.0","Very Low - SSP2","Europe (R10)","Capacity|Electricity|Nuclear","GW",1,118.8366766666666,,158.7391260624669,135.776769738395,116.136025552632,99.33640678849926,84.96693137805218,72.67606772986737,62.16313493981983,53.17094700155568,50.73835398851772,51.22882116917479,48.93769317506431,46.80513688267787,46.49053658604545,46.77714871991108,46.15930382802609,48.42142746207574
"WITCH 6.0","Very Low - SSP2","Europe (R10)","Capacity|Electricity|Oil","GW",1,26.25038,,26.17317795669462,20.82519841425543,16.56997441085205,13.18422261889928,10.49028331334382,8.346798076397116,6.641292331878811,5.284273494311117,4.204535046385995,3.345420136811575,2.661848639222145,2.117951673741556,1.685189468029067,1.340853796790938,1.066876418632866,0.848880985651829
"WITCH 6.0","Very Low - SSP2","Europe (R10)","Capacity|Electricity|Solar|CSP","GW",1,2.347180000000002,,2.811416000000002,5.013924874873824,8.13850849098413,12.10341231732571,35.91428231659599,67.61882372190213,68.30747580743115,67.5405852009239,66.93039376490607,65.797074586667,66.05857704306824,71.63507848264186,70.18825703006615,69.03706538380365,68.12109734637555,67.39228955115411
"WITCH 6.0","Very Low - SSP2","Europe (R10)","Capacity|Electricity|Solar|PV","GW",1,160.9028593333334,,498.212359999999,729.5807768008334,712.4210685818774,836.7185620888805,908.6318372288418,941.5632340023946,945.9067206165605,929.6895821575216,899.0802940269665,858.7901925457585,812.3908860848961,762.5648420973953,806.898648498735,822.1590380552399,816.2880643142686,795.4048300830237
"WITCH 6.0","Very Low - SSP2","Europe (R10)","Capacity|Electricity|Wind|Offshore","GW",1,24.43447999999999,,32.92710000000007,32.9271,32.9271,32.9271,32.9271,32.9271,32.9271,32.9271,32.9271,32.9271,32.9271,32.9271,32.9271,32.9271,32.9271,32.9271
"WITCH 6.0","Very Low - SSP2","Europe (R10)","Capacity|Electricity|Wind|Onshore","GW",1,183.565008,,220.7540799999999,600,920.6722390345612,1193.244820996307,1426.327071114513,1662.607261093753,1662.607261093753,1662.60747770391,1626.549864826361,1541.113949734885,1582.783398808322,1662.607261093753,1662.607261093753,1662.607261093753,1648.690054423092,1526.976610723467
"WITCH 6.0","Very Low - SSP2","India+ (R10)","Capacity|Electricity|Biomass","GW",1,0.7810400000000001,,5.737473434018074,4.715132398428675,4.53005564200955,5.571875988182303,4.433371567851288,3.527498368649822,2.956722727925553,3.417918380078064,5.098972938982761,8.121758498422837,8.976123253662914,8.88614561010677,8.828858995184756,8.797033857954156,7.590119999760132,6.633056059744578
"WITCH 6.0","Very Low - SSP2","India+ (R10)","Capacity|Electricity|Coal","GW",1,234.94558,,284.3477553176981,243.2155238413474,208.0332618463236,177.9402784447745,152.2325545255405,130.2114041774936,111.3757161253573,95.26469836334235,81.48421460243596,69.69714220950885,59.61512491558435,50.99151853339338,43.61535710984788,37.30619190275297,31.90980435624662,27.29402948400245
"WITCH 6.0","Very Low - SSP2","India+ (R10)","Capacity|Electricity|Fossil","GW",1,301.1654328,,365.977385410345,328.3519446684398,276.089324092397,232.0904088535611,195.3181596357273,164.4933044000225,138.6527772194711,116.9682228792635,98.75325004899767,83.43779012559742,70.54834262483809,59.69115354062971,50.53779857103783,42.8145747319271,36.29306391495494,30.7820628158187
"WITCH 6.0","Very Low - SSP2","India+ (R10)","Capacity|Electricity|Gas","GW",1,47.807073,,61.41187317925773,69.0497690682135,55.25640470146865,43.96583378107307,34.98227129521456,27.83432496846703,22.14692236282009,17.62162979344543,14.02099269099994,11.15607570613004,8.876548751130455,7.063002545299708,5.620019212044019,4.471881440114531,3.558343277232902,2.831468858983735
"WITCH 6.0","Very Low - SSP2","India+ (R10)","Capacity|Electricity|Hydro","GW",1,62.207574,,65.31853589726248,65.53478923299492,65.72215850671418,65.88450164290293,66.02516127905591,66.1470335904278,66.25262792214478,66.34411845650197,66.42338897927397,66.4920716667748,66.55158069229127,66.60314134384373,66.6478152528087,66.68652225285847,66.72005931929316,66.7491169787242
"WITCH 6.0","Very Low - SSP2","India+ (R10)","Capacity|Electricity|Nuclear","GW",1,7.57302,,12.73406846807899,18.29642020444597,28.42460850007526,45.73688129959418,72.02434195180776,71.40695949632955,73.72311933212038,76.94204236606681,88.98546939979961,98.2745382421011,108.6734671851628,120.5441367126852,133.1768593207634,144.970209808423,162.0924434554995,176.374314491205
"WITCH 6.0","Very Low - SSP2","India+ (R10)","Capacity|Electricity|Oil","GW",1,18.4127798,,20.21775691338923,16.08665175887903,12.79965754460467,10.18429662771363,8.103333814972213,6.447575254061866,5.130138731293707,4.081894722475661,3.248042755561772,2.58457220995853,2.056668958123279,1.636632461936626,1.302422249145928,1.036501389059599,0.8249162814754131,0.6565644728325041
"WITCH 6.0","Very Low - SSP2","India+ (R10)","Capacity|Electricity|Solar|CSP","GW",1,0.437074241473102,,0.514242523659741,0.961363205627459,2.171516774371096,8.100598451354765,41.19603809244821,79.69466973216223,102.4510281422687,126.7894330345202,152.2589118148602,171.5770644657097,190.0903783560173,207.169937731371,223.1221121958475,244.4465335420333,244.1568435234285,257.9458222901075
"WITCH 6.0","Very Low - SSP2","India+ (R10)","Capacity|Electricity|Solar|PV","GW",1,42.98778400000001,,132.2132379999999,194.2797138686957,267.9234275984043,620.834619747263,900.6861656217786,1082.685359196964,1320.641898379984,1622.687319560706,1947.501820110325,2249.568063357094,2562.891685960198,2826.448778114263,3147.971874916564,3440.088432420491,3671.529563737326,3962.211098468125
"WITCH 6.0","Very Low - SSP2","India+ (R10)","Capacity|Electricity|Wind|Offshore","GW",1,0.00002,,0.161999999999999,3.253249253451329,5.564739358172461,7.487645961690103,10.75627770466532,14.15702672133475,18.14606960893488,20.80862527065559,22.42439375336697,25.4467614609314,28.67988417238391,31.59132478409417,33.61824438834073,36.23583197409609,36.96561051757383,37.80220396484155
"WITCH 6.0","Very Low - SSP2","India+ (R10)","Capacity|Electricity|Wind|Onshore","GW",1,40.22698600000003,,46.88604000000002,325.3249253451328,556.4739358172461,748.7645961690102,909.1272367077047,1415.702672133475,1814.606960893487,2080.862527065559,2242.439375336696,2544.67614609314,2867.988417238391,3159.132478409417,3361.824438834073,3623.58319740961,3696.561051757383,3780.220396484156
"WITCH 6.0","Very Low - SSP2","Latin America (R10)","Capacity|Electricity|Biomass","GW",1,15.18226,,26.93083398387431,25.44602711619311,27.2899453427736,32.0761729254732,40.64939399191156,52.83903079445294,70.00500894650058,91.97578295385598,117.4180208957218,121.1418972341749,121.8874488391302,122.9194474039256,124.1026955154516,125.288408649414,126.4578942938536,127.6225491916901
"WITCH 6.0","Very Low - SSP2","Latin America (R10)","Capacity|Electricity|Coal","GW",1,17.74932,,21.7420331991777,18.5969465030795,15.90681129359517,13.61355440996525,11.67356939108951,9.98493303166737,8.540565812114224,7.305133059953426,6.248411428190138,5.344549518196732,4.571435456952714,3.910155957191975,3.34453362702744,2.860731209900467,2.446913073070874,2.092955663378618
"WITCH 6.0","Very Low - SSP2","Latin America (R10)","Capacity|Electricity|Fossil","GW",1,152.04119,,190.7443543379266,153.1809347668376,123.5413280074687,101.0169125745635,82.17057699919103,66.07724912255583,53.26113564749151,43.34616150855517,34.92515713090202,28.16176033310923,22.72639330221916,18.35550149206276,14.83825393198631,12.00593345720728,9.723664275817622,7.883196415066293
"WITCH 6.0","Very Low - SSP2","Latin America (R10)","Capacity|Electricity|Gas","GW",1,100.35158,,130.580097268665,104.0125980819718,83.30979514629357,68.04892005033778,55.09727225335044,43.83921695174912,34.97115303989602,28.28371523562068,22.50448847475325,17.9061342292286,14.24736418225421,11.33619258870735,9.019862254123325,7.176828943820533,5.710480149038069,4.543830685749509
"WITCH 6.0","Very Low - SSP2","Latin America (R10)","Capacity|Electricity|Hydro","GW",1,197.629256,,201.1021251676045,219.1968673710613,234.8747698335398,248.4586398251241,260.2281685863773,270.4256901577546,279.2611710260332,286.9165333243424,293.5494006002793,299.2963432772985,304.2756906332697,308.5899671947121,312.3280037119458,315.5667661800387,318.3729405650043,320.8043058646874
"WITCH 6.0","Very Low - SSP2","Latin America (R10)","Capacity|Electricity|Nuclear","GW",1,5.074363333333332,,6.408220966757963,5.710399139517958,6.089011922002778,8.823306674780534,10.21985423093286,9.12287488866711,9.290747025887994,11.15890727063497,12.56717553266766,13.14578645437453,14.76515093351493,15.43840827683704,15.97630650523473,16.49597449786575,18.18452364187018,20.65169160538438
"WITCH 6.0","Very Low - SSP2","Latin America (R10)","Capacity|Electricity|Oil","GW",1,33.94029,,38.42222387008385,30.57139018178622,24.32472156757997,19.35443811426044,15.39973535475107,12.25309913913933,9.749416795481277,7.757313212981069,6.172257227958639,4.911076585683897,3.90759366301223,3.109152946163432,2.473858050835541,1.968373303486283,1.566271053708677,1.246410065938165
"WITCH 6.0","Very Low - SSP2","Latin America (R10)","Capacity|Electricity|Solar|CSP","GW",1,0.256269999999999,,0.291923999999999,0.577243668354265,1.077485175335669,2.70895239006965,19.11418784778264,50.64490833874832,74.92771282113146,103.3902189643135,125.9966099122018,150.1949768520227,164.9483027760367,180.0144864415012,206.5736039731464,270.5594384466302,268.4656143299868,251.0538389826573
"WITCH 6.0","Very Low - SSP2","Latin America (R10)","Capacity|Electricity|Solar|PV","GW",1,26.50736099999996,,116.5694640000001,174.0603436432341,235.1372472008181,358.5163028121265,439.5431159381577,488.5857564496182,513.7223595824942,521.2261716484039,515.9497718804516,549.2316413747724,621.6509642065199,706.1126663000286,791.9439827791207,851.5922320251474,895.2873284010268,910.7172471403788
"WITCH 6.0","Very Low - SSP2","Latin America (R10)","Capacity|Electricity|Wind|Offshore","GW",1,0.00003,,0.242999999999999,3.191422777308928,5.440248994565317,7.319530146351138,10.53418392803286,13.06486537699324,14.89585396221705,15.32607390147683,16.8262062206062,18.58620340143424,19.78782741423225,21.66338446084884,24.09514544757128,26.35098877195229,27.16695680227365,35.18150083800322
"WITCH 6.0","Very Low - SSP2","Latin America (R10)","Capacity|Electricity|Wind|Onshore","GW",1,33.931598,,49.28125999999999,319.1422777308929,544.0248994565316,731.9530146351137,889.5219183636921,1306.486537699324,1489.585396221705,1532.607390147683,1682.62062206062,1858.620340143423,1978.782741423224,2166.338446084884,2409.514544757128,2635.098877195228,2716.695680227363,2701.438436089011
"WITCH 6.0","Very Low - SSP2","Middle East (R10)","Capacity|Electricity|Biomass","GW",1,0.08001999999999901,,0.08371139855611501,0.7122634228311401,2.278874623251528,5.270532423307988,10.15629615732003,10.54338534942837,10.88059710098068,11.12592601920653,11.3038419218919,11.50442806366341,11.76574736804523,12.03102892974978,12.33849671436091,12.65290100963704,12.97506997043207,13.27474964910918
"WITCH 6.0","Very Low - SSP2","Middle East (R10)","Capacity|Electricity|Coal","GW",1,10.21704,,17.7891206614689,15.21584123469535,13.01479870114827,11.13214725487389,9.522814594268278,8.145294966022302,6.967039988727849,5.959225099522325,5.097195343249531,4.359862219221641,3.729187776915402,3.189743339636545,2.728332060868091,2.333666079606553,1.996090376687298,1.707346576582793
"WITCH 6.0","Very Low - SSP2","Middle East (R10)","Capacity|Electricity|Fossil","GW",1,408.8396,,478.8438382803612,382.0630001898821,304.9038801718063,243.7361395248875,194.5987078994585,155.4045313550184,124.1367173281272,99.18755918889308,79.27613373789104,63.38177819683838,50.69112388788695,40.55592176270485,32.45945913035829,25.98981594898859,20.81856640777371,16.68381594700099
"WITCH 6.0","Very Low - SSP2","Middle East (R10)","Capacity|Electricity|Gas","GW",1,356.29808,,415.8389796621977,330.8703770774517,263.2634548024,209.8274553097247,166.953298403935,132.8396410603638,105.6964456871755,84.09943403735532,66.91535140487358,53.24250162788048,42.36343260671261,33.70728961547717,26.81986098174735,21.33974434865196,16.97938289746326,13.50997644903276
"WITCH 6.0","Very Low - SSP2","Middle East (R10)","Capacity|Electricity|Hydro","GW",1,18.929204,,19.34904210814196,21.61949633510998,23.58669539855541,25.29114383413935,26.76793615452422,28.04747944372942,29.15611943755292,30.11668298102508,30.94894803206803,31.67005088871379,32.29483902467005,32.83617679810153,33.30521032815606,33.71159699303057,34.06370427493135,34.36878204613687
"WITCH 6.0","Very Low - SSP2","Middle East (R10)","Capacity|Electricity|Nuclear","GW",1,2.26001,,3.968494796501351,3.87673710276553,4.064646770824311,5.681752993443223,4.859860873856623,4.156859289817431,3.555550169819791,3.511179185741962,3.683644011517516,3.80835318903384,3.935331743292939,4.194946586485688,4.540723085095546,5.004588593765712,5.301019694223651,5.736761062331508
"WITCH 6.0","Very Low - SSP2","Middle East (R10)","Capacity|Electricity|Oil","GW",1,42.32447999999999,,45.21573795669462,35.97678187773507,28.62562666825808,22.77653696028899,18.12259490125527,14.41959532863227,11.47323165222391,9.128900052015426,7.263586989767938,5.77941434973626,4.598503504258924,3.658888807591137,2.911266087742856,2.316405520730076,1.843093133623145,1.466492921385429
"WITCH 6.0","Very Low - SSP2","Middle East (R10)","Capacity|Electricity|Solar|CSP","GW",1,1.038627999999997,,1.241153599999998,11.36759546546002,38.0524065167514,147.3427859572319,406.479149444626,572.67204689781,774.8120092056804,853.685287745885,980.0903033600666,1088.164069292278,1181.802287384118,1239.47708331052,1320.634361365683,1355.368049958547,1393.439159424006,1417.028920757073
"WITCH 6.0","Very Low - SSP2","Middle East (R10)","Capacity|Electricity|Solar|PV","GW",1,9.773837999999984,,37.04120000000002,102.4780979867693,334.448605885863,529.6264017148421,658.5720298247523,737.4538830644474,778.873144031361,792.6190264462497,786.26706251287,787.4664850870635,841.7742222063504,919.6894094675074,956.69281017377,963.6430851366521,1032.479173065684,1064.675437982811
"WITCH 6.0","Very Low - SSP2","Middle East (R10)","Capacity|Electricity|Wind|Offshore","GW",1,0.00001,,0.080999999999999,1.92847771411849,3.484825196089207,4.783572026729561,5.870682325378448,6.270075944334378,7.685721361549905,7.858585588580125,8.317433846940245,9.000277817951153,9.647846565903938,10.36279303450066,10.80040322761124,11.12343341040603,11.56980958133104,12.03512172613391
"WITCH 6.0","Very Low - SSP2","Middle East (R10)","Capacity|Electricity|Wind|Onshore","GW",1,3.99585,,5.860920000000003,192.847771411849,348.4825196089207,478.3572026729561,587.0682325378448,627.0075944334377,768.5721361549904,785.8585588580125,831.7433846940245,900.0277817951152,964.7846565903938,1036.279303450066,1080.040322761124,1112.343341040603,1156.980958133104,1203.512172613391
"WITCH 6.0","Very Low - SSP2","North America (R10)","Capacity|Electricity|Biomass","GW",1,8.45684,,8.921074887868281,13.95892475793784,25.54215290495796,47.90778262753437,65.26541714990293,71.48894251328655,86.6541473863749,85.14101824191157,83.18828665757812,86.46444730938474,89.39092506188462,92.02109818534666,94.42664716806664,96.6312167665189,97.03565013350699,99.75194041221263
"WITCH 6.0","Very Low - SSP2","North America (R10)","Capacity|Electricity|Coal","GW",1,256.54572,,218.7968296240677,187.1468458486246,160.0751801169436,136.9195573309218,117.113849718171,100.1727887135408,85.68232674948091,73.28797781799629,62.68652937443318,53.61863310752647,45.86244794570158,39.22823054923575,33.55368369882709,28.69998656574299,24.54839940279407,20.99735872205623
"WITCH 6.0","Very Low - SSP2","North America (R10)","Capacity|Electricity|Fossil","GW",1,828.8124700000001,,847.0200705080151,687.0048937135547,557.7969639589,455.2813789058056,370.6125199087415,301.8740067198668,246.1698938619577,200.9831015114755,164.289707266803,134.4612465311432,110.1865142150878,90.4089932973126,74.27672120991032,61.10213146751077,50.32986416172947,41.51095047604235
"WITCH 6.0","Very Low - SSP2","North America (R10)","Capacity|Electricity|Gas","GW",1,545.07374,,602.0712349705582,479.0496953989733,381.165213237718,305.1882639555766,243.0168726917106,193.3611042644612,153.8515257325471,122.4149606523688,97.40184583915932,77.49967424175107,61.66412408134064,49.06426041040686,39.03893366659626,31.06208733356641,24.71515430616603,19.66509352117849
"WITCH 6.0","Very Low - SSP2","North America (R10)","Capacity|Electricity|Hydro","GW",1,165.965164,,167.4547710950658,176.344568449233,184.0469924054698,190.7206355086839,196.5029077546845,201.5128658554954,205.8536646114242,209.6146808635209,212.8733537585071,215.6967792171443,218.1430914360681,220.2626598681472,222.0991263271352,223.6903035705518,225.0689538625704,226.2634635474892
"WITCH 6.0","Very Low - SSP2","North America (R10)","Capacity|Electricity|Nuclear","GW",1,111.4993533333333,,123.6148009061205,112.2475955323442,105.0493060241241,107.6551527924856,92.08233190161923,78.76219231962122,67.52939591681545,58.02652812304463,50.54113424515581,48.37893811320068,46.84297135311239,46.58756925199226,47.36299424006132,48.27587475144107,49.06696713275735,50.52273262943648
"WITCH 6.0","Very Low - SSP2","North America (R10)","Capacity|Electricity|Oil","GW",1,27.19301,,26.15200591338924,20.80835246595678,16.55657060423842,13.17355761930707,10.48179749885987,8.340113741864787,6.636041379929745,5.280163041110405,4.201332053210386,3.342939181865601,2.659942188045631,2.116502337670001,1.68410384448698,1.340057568201367,1.066310452769364,0.848498232807616
"WITCH 6.0","Very Low - SSP2","North America (R10)","Capacity|Electricity|Solar|CSP","GW",1,1.723359999999997,,2.057632000000002,4.383785885570279,8.55942253715457,23.29323542538495,110.0743683015673,306.2872049188508,410.1521680686965,533.9199935880174,765.5777330716766,935.1815013234909,1209.0786184202,1374.332760404453,1393.874373592689,1410.700659072737,1423.056599823773,1429.488051830912
"WITCH 6.0","Very Low - SSP2","North America (R10)","Capacity|Electricity|Solar|PV","GW",1,82.92155600000005,,258.5487219999999,406.4713815259673,562.8975350251728,796.7836283605548,947.9895680249887,1036.898442691219,1079.37955258283,1087.745604525917,1071.510833666654,1037.991077662797,1005.630862777009,978.9867015487008,956.7939812086631,938.2424139356885,922.677350706104,909.5689723094036
"WITCH 6.0","Very Low - SSP2","North America (R10)","Capacity|Electricity|Wind|Offshore","GW",1,0.03411,,0.194299999999999,5.95941166087224,9.593159035225597,12.67203763415304,15.29530464551839,16.92947841457202,18.85648632083545,19.56173905577268,19.56639674479848,19.21805578754532,19.43244257774307,19.09631877574824,18.62922561316766,18.18058113195488,17.55063440838429,16.413657207376
"WITCH 6.0","Very Low - SSP2","North America (R10)","Capacity|Electricity|Wind|Onshore","GW",1,132.0117959999999,,165.0039799999999,595.9411660872239,959.3159035225598,1267.203763415304,1529.530464551839,1692.947841457201,1885.648632083545,1956.173905577269,1956.639674479849,1921.805578754532,1943.244257774307,1909.631877574824,1862.922561316766,1818.058113195488,1755.06344083843,1641.3657207376
"WITCH 6.0","Very Low - SSP2","Pacific OECD (R10)","Capacity|Electricity|Biomass","GW",1,2.67744,,3.828678649913832,5.941452562653168,6.249728517834784,7.267459196805003,9.934734636994571,12.90048395681418,13.83165867677188,14.01779546655304,14.30070354938099,14.42151154041754,14.47682875242371,14.57543898396234,14.71713496641869,14.88678125765611,15.07810843587249,15.27984202289648
"WITCH 6.0","Very Low - SSP2","Pacific OECD (R10)","Capacity|Electricity|Coal","GW",1,117.15988,,124.6190684276262,106.592337872974,91.17325812642234,77.98462031382884,66.71415819611732,57.06364347829714,48.80912080829815,41.74904771548523,35.71219606557718,30.5477680514933,26.12889066251576,22.34922453590941,19.11630477573452,16.35104196530908,13.9857873416347,11.96267785138254
"WITCH 6.0","Very Low - SSP2","Pacific OECD (R10)","Capacity|Electricity|Fossil","GW",1,289.849264,,295.8114416594694,242.8048813195185,199.5534192393802,164.219404759216,135.4717562458195,111.7720259285612,92.33891216836338,76.4267095332033,63.34237830919422,52.56308651944553,43.66281527057317,36.31867093630611,30.24339092881176,25.21400607888744,21.04965896106985,17.60373218039269
"WITCH 6.0","Very Low - SSP2","Pacific OECD (R10)","Capacity|Electricity|Gas","GW",1,32.8805,,34.82451731845401,27.70880494670612,22.04704991468034,17.54216433640124,14.10097798882812,11.21977899127378,8.927237658301411,7.145466542407861,5.723655251096999,4.584963929374621,3.665123796123515,2.934465124749389,2.346888542256793,1.876829007469164,1.505217260601114,1.218202807864419
"WITCH 6.0","Very Low - SSP2","Pacific OECD (R10)","Capacity|Electricity|Hydro","GW",1,48.427192,,49.47926282548471,53.16708271176322,56.3623357762262,59.13081212832455,61.52951456518958,63.6078322565295,65.40855766529748,66.96876764247956,68.32058683770268,69.49184914425078,70.50667079761098,71.38594692762145,72.14778178820632,72.80786152310763,73.37977714284298,73.87530436296916
"WITCH 6.0","Very Low - SSP2","Pacific OECD (R10)","Capacity|Electricity|Nuclear","GW",1,57.29203,,49.00447015245668,42.45428431709385,39.65316397698997,41.76916531463767,36.58005864383201,31.28858223363321,26.76254261161221,22.89121883574519,19.5798986634254,16.74757631549308,14.32496264764399,12.25279161954428,10.48036989610513,9.476210021042888,8.105434065424713,6.932947884580546
"WITCH 6.0","Very Low - SSP2","Pacific OECD (R10)","Capacity|Electricity|Oil","GW",1,139.808884,,136.3678559133892,108.5037384998384,86.33311119827742,68.69262010898582,54.65662006087408,43.48860345899025,34.60255370176383,27.5321952753102,21.90652699252002,17.43035453857762,13.8688008119339,11.03498127564732,8.78019761082046,6.986135106109193,5.558654358834033,4.422851521145725
"WITCH 6.0","Very Low - SSP2","Pacific OECD (R10)","Capacity|Electricity|Solar|CSP","GW",1,0.105137338718653,,0.11597632811523,0.105209153505417,0.104757916221091,0.104398944282887,0.523113447252024,17.76377358890189,21.72833670302206,19.63319075463471,25.19629534701852,31.76738646776315,38.14401516071855,41.3336869612837,45.26021365259895,47.09814335797218,48.80798777140231,50.36099640669917
"WITCH 6.0","Very Low - SSP2","Pacific OECD (R10)","Capacity|Electricity|Solar|PV","GW",1,105.6819440000001,,262.7952100000002,369.6993509553414,436.7259230670215,464.6368673383851,470.2110617806694,471.7648615592981,470.4078977315428,466.9942556782415,462.1775723059505,456.4545870664681,450.1995348456086,443.422166135958,432.2872343151618,422.7336181108992,416.0586471991235,409.472585015196
"WITCH 6.0","Very Low - SSP2","Pacific OECD (R10)","Capacity|Electricity|Wind|Offshore","GW",1,0.197209999999999,,0.481767306678452,7.112353944760505,7.358464758851229,7.566404731044701,7.761080596285181,8.042999835500893,8.089521023174632,7.99237288784253,8.007755725754464,8.032116301721825,8.057307113657618,8.105686398071079,8.148931560779236,8.189864373579788,8.182015782929302,8.129773908931476
"WITCH 6.0","Very Low - SSP2","Pacific OECD (R10)","Capacity|Electricity|Wind|Onshore","GW",1,15.7422,,21.30223999999999,73.74949484738171,120.0159446813099,161.2179149886891,198.2730462611231,312.3627875744742,297.3809115996777,266.9122372596865,266.2322384101222,264.7271099916814,252.8844621456618,245.5859086808809,239.8803576060362,235.7410737652235,226.2102706334203,213.8171238199303
"WITCH 6.0","Very Low - SSP2","Reforming Economies (R10)","Capacity|Electricity|Biomass","GW",1,0.26642,,1.213216309257044,1.913429653429607,3.517358614693022,6.61070380357619,11.68073491383593,17.45395565710237,17.93511876724817,18.38821007589085,18.76430771191843,19.1637919493015,19.61095231472781,20.0668404680359,20.55473622229123,21.04984761238275,21.55086771850356,22.04172606129572
"WITCH 6.0","Very Low - SSP2","Reforming Economies (R10)","Capacity|Electricity|Coal","GW",1,101.15094,,124.4500321645558,106.4477534952113,91.04958855450136,77.87884012335613,66.9067242877735,57.22835398499311,48.95000517055897,41.86915819431181,35.81258881979989,30.6333998183296,26.20213539414828,22.41187407486116,19.16989176613486,16.39687734715249,14.02499242131982,11.99621173309792
"WITCH 6.0","Very Low - SSP2","Reforming Economies (R10)","Capacity|Electricity|Fossil","GW",1,290.57217,,320.5198960346397,262.4545565248809,215.1794375335602,177.2903756278774,146.5235657482708,120.577043367479,99.35462274722838,81.97457312579576,67.85842365331413,56.2445541855036,46.62463916457555,38.69894415986612,32.15410982643487,26.75044108896619,22.29666345559056,18.6305603073231
"WITCH 6.0","Very Low - SSP2","Reforming Economies (R10)","Capacity|Electricity|Gas","GW",1,188.23522,,194.8838559133892,155.0631327172636,123.3789993296196,98.8141073681781,79.1414861368835,62.97046366805761,50.10367492609118,39.86596405471336,31.85531108330455,25.45956043741469,20.30188510994754,16.19109750035711,12.90785560554089,10.29280446854587,8.223326736019988,6.595882492462556
"WITCH 6.0","Very Low - SSP2","Reforming Economies (R10)","Capacity|Electricity|Hydro","GW",1,105.423182,,123.4187754748883,123.5601366774018,123.6582293028188,123.7432201027033,123.8168590336046,123.8806623176266,123.9359436613692,123.983841305085,124.0253414589925,124.0612986092974,124.0924531120238,124.1194464369089,124.1428343752353,124.1630984835468,124.180655998875,124.19586842963
"WITCH 6.0","Very Low - SSP2","Reforming Economies (R10)","Capacity|Electricity|Nuclear","GW",1,42.69434333333334,,59.35240927451038,63.0878205082912,66.30875085236983,77.54976177157936,80.23838188450306,74.13727949718759,73.22815873310421,79.39092447767402,82.11468798567834,84.44452514918025,87.1994084429699,90.92751230523099,95.85649464171635,101.1965946971809,109.2752276206389,120.4093275074396
"WITCH 6.0","Very Low - SSP2","Reforming Economies (R10)","Capacity|Electricity|Oil","GW",1,1.18601,,1.186007956694616,0.9436703124059691,0.7508496494393061,0.597428136343226,0.4753553236138151,0.378225714428316,0.300942650578223,0.239450876770599,0.190523750209694,0.151593929759303,0.120618660479733,0.09597258464785101,0.076362454759118,0.06075927326782501,0.048344298250751,0.03846608176262
"WITCH 6.0","Very Low - SSP2","Reforming Economies (R10)","Capacity|Electricity|Solar|CSP","GW",1,0.05199999999999901,,0.057199999999999,0.052,0.052,0.083056139372968,0.3414047422858441,11.56799999999999,14.00699999999999,15.45599999999999,15.45599999999999,15.45599999999999,15.45599999999999,15.45599999999999,30.22400000000001,27.92119523270189,26.08892380323987,23.9158848971243
"WITCH 6.0","Very Low - SSP2","Reforming Economies (R10)","Capacity|Electricity|Solar|PV","GW",1,15.90446400000003,,43.70933600000003,97.46987394047095,162.6306802636809,360.1643325540418,494.2595015860239,615.126494804862,689.1108208350971,728.0106252424969,786.720679303985,857.9318122665397,945.9053150431558,1052.177295555922,1106.779813733173,1123.266003765106,1112.120132122937,1081.414615803428
"WITCH 6.0","Very Low - SSP2","Reforming Economies (R10)","Capacity|Electricity|Wind|Offshore","GW",1,0.00001,,0.080999999999999,1.334392038118849,4.059680355310967,6.324050142833789,8.209690843985854,10.35617063048211,11.51464444225659,11.62204361835358,12.1745217388259,12.71164097307262,13.30151504764087,13.94828763399531,14.38005112835077,14.57569750335722,14.4485281902542,13.88660878985935
"WITCH 6.0","Very Low - SSP2","Reforming Economies (R10)","Capacity|Electricity|Wind|Onshore","GW",1,12.45083600000001,,17.94337999999999,133.4392038118849,405.9680355310967,632.4050142833788,820.9690843985853,1035.61706304821,1151.464444225659,1162.204361835358,1217.45217388259,1271.164097307262,1330.151504764087,1394.828763399531,1438.005112835077,1457.569750335722,1444.85281902542,1388.660878985935
"WITCH 6.0","Very Low - SSP2","Rest of Asia (R10)","Capacity|Electricity|Biomass","GW",1,4.86944,,7.448806863275703,6.570089829846496,12.22773970646418,13.50086647090797,16.28391597126334,21.03945554268871,28.63004410357085,37.70202888650174,37.72464231726514,38.93086797795013,40.1750215786848,41.08016165159626,42.25524748200614,43.41535512479294,44.55557926799712,45.67041024958668
"WITCH 6.0","Very Low - SSP2","Rest of Asia (R10)","Capacity|Electricity|Coal","GW",1,90.54436,,118.5528702811972,101.8264385644423,88.20686987201954,77.68432986054171,66.4749812973686,56.85906463555256,48.6341352510906,41.59898033465757,35.58149345000271,30.43446416107949,26.03197670928456,22.26632963886221,19.04540101288757,16.29039476306944,13.93391304058475,11.91830741037213
"WITCH 6.0","Very Low - SSP2","Rest of Asia (R10)","Capacity|Electricity|Fossil","GW",1,193.1967,,238.3043887413236,197.7523664714573,165.8857600092898,142.0775608360805,119.9277486983487,99.38990654898664,82.47473459175828,68.52501904591648,57.00582742777111,47.48125969543992,39.59580583930041,33.0588687650171,27.63301656585501,23.12372721583539,19.37141600344626,16.24519147445777
"WITCH 6.0","Very Low - SSP2","Rest of Asia (R10)","Capacity|Electricity|Gas","GW",1,93.824996,,110.3535825467371,88.44827729826542,71.7291519030619,59.65920595781716,49.68604826373124,39.53367127310619,31.45573493859208,25.02836768413335,19.91430784100472,15.84520659881917,12.60754700408385,10.03144013736174,7.981817825823113,6.351103196870001,5.053593365959648,4.021204417324401
"WITCH 6.0","Very Low - SSP2","Rest of Asia (R10)","Capacity|Electricity|Hydro","GW",1,50.545122,,55.39203502884352,57.67326768394885,59.2320705668137,60.2207307589797,60.76374266314527,60.96251553220669,60.89931928489098,60.64058810423281,60.23968298275267,59.73919881116896,59.17288839415163,58.56726456596387,57.94293207159104,57.3156928200813,56.69746128902379,56.09702107727578
"WITCH 6.0","Very Low - SSP2","Rest of Asia (R10)","Capacity|Electricity|Nuclear","GW",1,0.00004,,0.0001173439048254135,0.0001445632489733477,0.0001507608149440024,0.0003125405877299691,0.0003238043252098263,0.0002769645165301581,0.0002524770918357018,0.0002649372283027635,0.0002549586992247784,0.0002705565947717032,0.0002976463357382676,0.0002781445763754307,0.0002936202205186003,0.0002939017933699991,0.0003214257045944928,0.0003472643768446303
"WITCH 6.0","Very Low - SSP2","Rest of Asia (R10)","Capacity|Electricity|Oil","GW",1,8.827343999999998,,9.397935913389231,7.477650608749543,5.949738234208427,4.734025017721615,3.766719137248864,2.997170640327895,2.384864402075613,1.89767102712557,1.51002613676367,1.201588935541262,0.956282125931989,0.7610989887931371,0.60579772714433,0.4822292558959481,0.383909596901861,0.305679646761241
"WITCH 6.0","Very Low - SSP2","Rest of Asia (R10)","Capacity|Electricity|Solar|CSP","GW",1,0.107302594932018,,0.118534115302015,0.107522729478979,0.130648411818202,0.307359297704908,1.355175277117888,3.312103757141983,3.363590283081429,3.598290455248431,4.272448975777373,4.507313753590898,4.443498916182967,24.53300000000004,22.01252396422317,24.55072540523236,20.84157205051072,17.89071985868956
"WITCH 6.0","Very Low - SSP2","Rest of Asia (R10)","Capacity|Electricity|Solar|PV","GW",1,17.48862847536099,,46.39906599999999,110.5527338467307,245.1119294470535,492.1251680945121,658.9568351858567,764.9613967557284,825.2415181390551,851.5465459205406,889.2238168545715,919.8609319536304,943.7651125685658,1076.463312245605,1149.493879615553,1184.646390583997,1189.554512142387,1168.763484542651
"WITCH 6.0","Very Low - SSP2","Rest of Asia (R10)","Capacity|Electricity|Wind|Offshore","GW",1,0.457129999999999,,1.264999999999993,1.401661485376688,1.699782429897417,58.78670140056504,95.20940989780196,84.01430271416166,101.8945623644228,127.9938033655815,145.8514145238637,157.7097786775662,167.3471470840493,192.2217401620577,207.5708317506662,227.0177814166524,235.5521298001617,241.8865259388517
"WITCH 6.0","Very Low - SSP2","Rest of Asia (R10)","Capacity|Electricity|Wind|Onshore","GW",1,3.619404000000002,,6.95414,95.83119000228727,169.9782429897418,232.0234926174115,284.1272042583477,522.8306148204372,598.4284276694017,671.1763838510693,757.3357832350906,770.6830876584949,772.6194098092328,795.9548043864095,795.281424309299,833.3200973335895,825.9935653181783,819.9715386980848
"WITCH 6.0","Very Low - SSP2","World","Capacity|Electricity|Biomass","GW",1,59.12394999999999,,88.27033738897047,86.69556247398617,104.5044801820242,145.0454624045952,182.5104884160957,212.8561871778661,259.2336135189282,293.3947403973411,325.9378834534326,350.7142432598756,379.8163518653656,409.4535863774478,444.0055890130881,443.8028551547251,448.9891485626117,456.1268132662703
"WITCH 6.0","Very Low - SSP2","World","Capacity|Electricity|Coal","GW",1,2094.935726666666,,2255.650217743834,1932.737262255228,1654.900603520962,1419.566704233311,1217.35381965663,1041.257905917261,890.6350843482412,761.8982874933589,652.1289315823379,557.7982198474144,477.1101162378857,408.093908535177,349.0612599987548,298.5679599145449,255.3788790597773,218.4373005599494
"WITCH 6.0","Very Low - SSP2","World","Capacity|Electricity|Fossil","GW",1,4113.077070466666,,4589.111900181714,3868.114499784078,3265.555591235316,2712.138180856532,2251.869021220682,1867.614706980872,1553.161485575505,1296.92898677424,1088.902943905833,921.4088891526521,789.6683892309571,660.9295699329064,550.2729829393284,458.6989797855145,382.8370705604793,319.9267218875881
"WITCH 6.0","Very Low - SSP2","World","Capacity|Electricity|Gas","GW",1,1665.914916,,1970.789856174072,1646.810340772916,1381.051120324945,1109.882691066641,889.1553139122718,710.6981061632617,570.5000383735604,461.8078613440706,378.5123572068754,317.2531680433285,275.6724361655546,223.4861398180254,177.8586221421761,141.5490883513943,112.6724365425643,89.72408769224734
"WITCH 6.0","Very Low - SSP2","World","Capacity|Electricity|Hydro","GW",1,1212.46141,,1279.111065116725,1367.534588056476,1443.638490309212,1509.157402129359,1565.561228854209,1614.11605200514,1655.912354219583,1691.889340592438,1722.855895671516,1749.508640941771,1772.447493480269,1792.189071155875,1809.178242065938,1823.798074796573,1836.378410657159,1847.203248492422
"WITCH 6.0","Very Low - SSP2","World","Capacity|Electricity|Nuclear","GW",1,396.2352099999999,,496.3899980635944,503.082794252495,473.0868262397141,479.9282995475649,462.2896498611955,411.3749160214315,376.2727039665808,359.5175220123622,358.036461785594,361.399648960753,368.3504223831138,378.9949058928588,393.9777987789427,411.0871820051533,434.2025987163006,460.5419919494619
"WITCH 6.0","Very Low - SSP2","World","Capacity|Electricity|Oil","GW",1,352.2264278,,362.6718262638084,288.5668967559342,229.6038673894081,182.688785556581,145.3598876517795,115.6586949003495,92.02636285370312,73.22283793681028,58.2616551166201,46.35750126190919,36.88583682751693,29.34952157970386,23.3531007983973,18.5819315195753,14.78575495813767,11.76533363539132
"WITCH 6.0","Very Low - SSP2","World","Capacity|Electricity|Solar|CSP","GW",1,7.12235217512377,,8.45895856707699,23.6978693140911,59.63876664321774,199.5211810279447,656.0394341422946,1179.952340023028,1575.525146983199,1868.417292517361,2321.833524973136,2693.738643251834,3155.780981882532,3516.07333586968,3676.592437156397,3890.581128372281,3969.911539303184,4026.955088142707
"WITCH 6.0","Very Low - SSP2","World","Capacity|Electricity|Solar|PV","GW",1,741.1580054753606,,2529.372627999998,4000.000083666604,5246.470183901371,7230.121266558766,8987.773197678744,10379.09047271929,11401.40239239373,12429.54306934919,13482.56477770584,14664.26675634464,15931.32491161829,17454.6242865799,19991.34649227779,21570.66004094404,22990.0968813456,24465.46275243059
"WITCH 6.0","Very Low - SSP2","World","Capacity|Electricity|Wind|Offshore","GW",1,40.64386000000003,,74.5361673066786,174.0725158582405,180.3943639069077,235.7156691867158,292.4401675216149,280.0628955573246,301.1135047248037,325.7469538159461,343.6998426063056,359.5560321775679,373.2753203664647,404.1460273544449,427.6197060450842,455.3799971283476,465.3557659949501,481.3876855897585
"WITCH 6.0","Very Low - SSP2","World","Capacity|Electricity|Wind|Onshore","GW",1,688.2376789999996,,943.8236099999993,2967.12938777695,5627.55295218438,7855.232633359043,9727.424608947851,13058.68097457247,14322.12278405851,14951.2926450886,15557.04252748664,16333.70367295184,17090.32254411311,17938.57950119957,18865.62811395303,19794.72295605966,19892.59158366867,19825.09887978463
"WITCH 6.0","Medium-to-Low - SSP2","Africa (R10)","Capacity|Electricity|Biomass","GW",1,0.5840500000000001,,0.6290100354286341,0.5004840762567231,0.464501244742494,0.405949285494843,0.362564626493917,0.5374170318960021,1.008276607696135,1.894615554045605,3.225660517992571,5.203521849006851,7.519817092602255,8.245688811635508,9.358254162502218,11.0421259755573,13.53141004070319,17.14128805449873
"WITCH 6.0","Medium-to-Low - SSP2","Africa (R10)","Capacity|Electricity|Coal","GW",1,47.37638,,56.4910396404163,54.78682781906633,53.97072885428275,57.15302970912452,71.57943771685034,61.95759530323348,54.94878581327141,50.70700733001257,49.66822219075893,52.32867670009858,59.79185181883958,62.90808473974145,62.15496193176539,55.91316234492905,52.07259356362772,50.24298281535806
"WITCH 6.0","Medium-to-Low - SSP2","Africa (R10)","Capacity|Electricity|Fossil","GW",1,75.64196000000001,,150.9533996085401,192.3116012418276,235.9024162623315,309.2331435149647,916.6487208902208,735.0861219670264,591.889073908029,480.1762338054628,394.9033736876559,332.3751722909332,290.6024125284693,258.3225960502568,234.8319872412383,218.2884861481021,217.4344559824695,234.0362041118999
"WITCH 6.0","Medium-to-Low - SSP2","Africa (R10)","Capacity|Electricity|Gas","GW",1,20.17764,,86.05294405473462,130.8336579902338,176.6077711940672,247.8440362580359,841.6987656314367,670.4465157317209,534.8061008462909,427.7709258023924,343.8836724606317,278.9709719396017,229.9546116755609,194.7333622763711,172.1349535345456,161.9439061425167,165.0184897129714,183.5198992776481
"WITCH 6.0","Medium-to-Low - SSP2","Africa (R10)","Capacity|Electricity|Hydro","GW",1,29.36673,,32.59239266335994,43.98465547144454,53.78816635682846,62.22409521895106,69.48287354010908,75.72845995630138,81.10201472720996,85.72506491001056,89.70223073422196,93.12357392852388,96.06662035007648,98.59810202670171,100.7754574822699,102.6481238377627,104.2586495457717,105.6436526220541
"WITCH 6.0","Medium-to-Low - SSP2","Africa (R10)","Capacity|Electricity|Nuclear","GW",1,1.860029999999999,,1.715504868863742,1.860047353206182,1.860057333086475,1.860074894952382,1.86006406104756,1.860087135773759,1.860176164698501,1.860321471760153,1.860506260921245,2.051217883754637,2.383935096383716,2.562935675720231,2.770844209487397,3.004894937627869,3.265430201645018,3.573760301238568
"WITCH 6.0","Medium-to-Low - SSP2","Africa (R10)","Capacity|Electricity|Oil","GW",1,8.087940000000001,,8.409415913389234,6.691115432527496,5.323916213981576,4.236077547804201,3.37051754193383,2.682010932072105,2.134187248466679,1.698300673057781,1.351479036265341,1.07552365123301,0.855949034068844,0.6811490341441501,0.542071774927196,0.431417660656304,0.343372705870278,0.27332201889375
"WITCH 6.0","Medium-to-Low - SSP2","Africa (R10)","Capacity|Electricity|Solar|CSP","GW",1,0.557999999999999,,0.6592,0.656259289303739,0.9207207044203131,2.354321247320784,10.69254853220594,29.40628059351641,36.64627055652617,47.73648395804613,90.69230290435857,108.4838441921343,125.7577362887764,140.77563118837,156.6059095958706,172.8050132832358,190.1506652316572,210.7523665457307
"WITCH 6.0","Medium-to-Low - SSP2","Africa (R10)","Capacity|Electricity|Solar|PV","GW",1,6.875574666666668,,15.10611999999997,23.20776259972315,34.35929506741678,54.08689977579819,67.10913125796101,96.76069736293324,205.2893916816352,897.1460695594589,1717.883813787518,2671.6237096014,3681.204367968363,4988.697145073702,6253.253545534873,7531.609796076066,8689.47429811609,9907.695731308155
"WITCH 6.0","Medium-to-Low - SSP2","Africa (R10)","Capacity|Electricity|Wind|Offshore","GW",1,0.00002,,0.161999999999999,0.179888969057882,0.520142202360456,0.45156683542245,0.406248905370765,0.7523107040851411,1.335282749218727,3.524518884663861,6.139692491418765,8.997896573168187,12.31592655814438,16.54108317531424,20.98447030434765,24.65004765824568,28.02846945873566,31.49743851451192
"WITCH 6.0","Medium-to-Low - SSP2","Africa (R10)","Capacity|Electricity|Wind|Onshore","GW",1,3.419314999999999,,4.663950000000002,11.68675191360522,20.12128329809767,28.67932434943826,36.29435773363121,75.23107040851411,133.5282749218728,352.4518884663863,613.9692491418766,899.7896573168188,1231.592655814438,1654.108317531424,2098.447030434766,2465.004765824567,2802.846945873567,3149.743851451192
"WITCH 6.0","Medium-to-Low - SSP2","China+ (R10)","Capacity|Electricity|Biomass","GW",1,11.62362,,18.41051591338923,14.64868528535223,11.6555115347548,9.273934588016894,7.378986540947678,5.871234248497137,4.671561793673987,5.189203017328797,9.017400837543253,7.17487046981539,5.708825324066892,4.542337972206767,3.614199608940378,2.875708257111207,2.288113240774246,1.820581830462074
"WITCH 6.0","Medium-to-Low - SSP2","China+ (R10)","Capacity|Electricity|Coal","GW",1,1069.260839999999,,1164.918034213813,996.4071972609333,852.2722402726248,728.9870783110185,623.53569110082,533.338339792491,456.1884568154056,390.2312685208823,333.7824920985848,285.4992949535513,244.2004878880838,208.8757462412653,178.6608935353173,152.8167604580026,130.7111019920102,111.8031303160699
"WITCH 6.0","Medium-to-Low - SSP2","China+ (R10)","Capacity|Electricity|Fossil","GW",1,1192.951669999999,,1339.801970517197,1164.260749555665,985.8281858616197,835.2534656368614,708.088610294981,600.6145154879425,509.7180553123175,432.8231353388162,367.6715398399249,312.463775325453,265.6553014690428,225.9466862128499,192.2437191522256,163.624200004181,139.3102515974432,118.6452110532011
"WITCH 6.0","Medium-to-Low - SSP2","China+ (R10)","Capacity|Electricity|Gas","GW",1,77.49552,,123.7542283466895,127.1712050909314,101.1862442910267,80.51080452058606,64.05998848923429,50.97057655400209,40.55573120628954,32.26895681539361,25.67542349704327,20.42915039131489,16.2548510936547,12.93348861875412,10.29078192643305,8.18806091527705,6.514990020347879,5.1837786020912
"WITCH 6.0","Medium-to-Low - SSP2","China+ (R10)","Capacity|Electricity|Hydro","GW",1,344.280758,,372.7043228937254,405.2003048492817,433.355933141369,457.7509308246637,478.8875897474982,497.2011127172572,513.0685743055959,526.8166847960331,538.7285171332339,549.0493353815511,557.9916447005075,565.7395668159786,572.4526310778189,578.2690591616284,583.308611046516,587.6750508674037
"WITCH 6.0","Medium-to-Low - SSP2","China+ (R10)","Capacity|Electricity|Nuclear","GW",1,49.14534333333334,,80.85278522393307,111.6716726134175,95.51784336249095,81.70074099458895,69.88234704727567,59.77353900816291,51.12740778060865,46.50721823592753,45.21589227553777,43.26165462663736,41.75779596909308,39.5069884416739,35.99571140565968,32.94488791305877,29.8760030983479,25.55429964879396
"WITCH 6.0","Medium-to-Low - SSP2","China+ (R10)","Capacity|Electricity|Oil","GW",1,46.19531,,51.12970795669461,40.68234720380018,32.36970129796812,25.7555828052567,20.49293070492665,16.3055991414495,12.97386729062238,10.32291000254028,8.213624244296868,6.535329980586846,5.199962487304351,4.137451352830452,3.292043690475301,2.619378630901414,2.084159585085083,1.658302135040022
"WITCH 6.0","Medium-to-Low - SSP2","China+ (R10)","Capacity|Electricity|Solar|CSP","GW",1,0.4974000000000011,,0.5916800000000011,0.4772243312208531,0.4412049327222271,0.4757662650250331,0.6560402868952061,1.558032773616088,1.600690494468035,1.63600447207865,1.71219259757263,1.747830273576042,1.674922225792338,1.615724327421822,1.514118027199519,1.396564584974602,1.212022079100584,1.065187242801795
"WITCH 6.0","Medium-to-Low - SSP2","China+ (R10)","Capacity|Electricity|Solar|PV","GW",1,272.1139959999992,,1118.777911999998,1702.21619720077,2085.236526424952,2316.910779554021,2435.471914397165,2470.609894651162,2445.290367812592,2377.194423320521,2279.857586643471,2163.570162341984,2036.08828177404,1903.194867043022,1769.14165738286,1636.997032106352,1508.919267150371,1391.099292313856
"WITCH 6.0","Medium-to-Low - SSP2","China+ (R10)","Capacity|Electricity|Wind|Offshore","GW",1,15.52084,,38.93900000000008,116.6592329586779,109.7384792022748,97.13104934547853,86.76893469312078,78.25217380619104,71.25201927352869,65.49825789641966,60.76896658855565,56.8817361650759,53.68663580404328,51.06043020137811,48.90182637424042,47.12756678170776,45.66921807403852,44.47053161232562
"WITCH 6.0","Medium-to-Low - SSP2","China+ (R10)","Capacity|Electricity|Wind|Onshore","GW",1,259.2746859999999,,405.1736199999994,600,1070.744626844748,1620.020465866868,2826.822992526522,3264.412931114874,3398.328485240639,3458.943073988924,3335.673791635495,3234.356788621,3151.075240095297,3043.327809787204,2954.765050190012,2809.832224431563,2670.941214126924,2483.330908757467
"WITCH 6.0","Medium-to-Low - SSP2","Europe (R10)","Capacity|Electricity|Biomass","GW",1,14.60282,,15.06701591338923,11.98836444035323,9.538775480220272,7.589712351067844,12.89385938836473,14.12681670420153,16.86992515965106,24.36966537262381,36.50791631907806,48.80080416632075,67.53433259310323,101.7997359525793,106.8712463269836,106.8868259965894,111.4813373461283,116.0820885231844
"WITCH 6.0","Medium-to-Low - SSP2","Europe (R10)","Capacity|Electricity|Coal","GW",1,149.9856666666667,,123.9434342138131,106.01443730522,90.67895357614562,77.56181922648285,66.9048951442643,57.22678943563955,48.94866694058009,41.87217671327718,35.87393799911272,30.72614097311958,26.33143042804534,22.58399293350841,19.33850451156744,16.55356608945825,14.165698087841,12.12179708981142
"WITCH 6.0","Medium-to-Low - SSP2","Europe (R10)","Capacity|Electricity|Fossil","GW",1,380.0066136666667,,361.135155083897,294.7406461557862,240.8426345699534,197.0424744409608,164.4415324669849,134.8337131445498,110.8325034567109,91.87946906328403,76.48902344688221,63.75825016421156,53.47331190728974,45.3337505424612,37.99109899722136,31.81477308320163,26.71245166422083,22.4699147209449
"WITCH 6.0","Medium-to-Low - SSP2","Europe (R10)","Capacity|Electricity|Gas","GW",1,203.770567,,211.0185429133892,167.9010104363109,133.5937065829557,106.2964325955787,87.04635400937683,69.26012563251311,55.24254418425203,44.72301885569574,36.41055040138352,29.68668905428041,24.48003284002225,20.63180593521124,16.96740501762487,13.92035319695244,11.47987715774696,9.499236645481645
"WITCH 6.0","Medium-to-Low - SSP2","Europe (R10)","Capacity|Electricity|Hydro","GW",1,189.687228,,192.299801962349,201.2534192742361,209.0111390208765,215.7326922848869,221.5564755300208,226.6024001778107,230.974361578065,234.7623782092063,238.0444451544836,240.8881400170471,243.3520143396006,245.4867991778958,247.3364496507705,248.9390499739664,250.3275976123297,251.5306826960512
"WITCH 6.0","Medium-to-Low - SSP2","Europe (R10)","Capacity|Electricity|Nuclear","GW",1,118.8366766666666,,158.7391260624669,135.776769738395,116.136025552632,99.33640678849926,84.96693137805218,72.67606772986737,62.16313493981983,53.73334475211854,52.09701656622035,50.37847832718501,49.10773289460388,48.43594282424881,48.77806877527427,49.33794672264076,49.41230389911322,49.47212610331379
"WITCH 6.0","Medium-to-Low - SSP2","Europe (R10)","Capacity|Electricity|Oil","GW",1,26.25038,,26.17317795669462,20.82519841425543,16.56997441085205,13.18422261889928,10.49028331334382,8.346798076397116,6.641292331878811,5.284273494311117,4.204535046385995,3.345420136811575,2.661848639222145,2.117951673741556,1.685189468029067,1.340853796790938,1.066876418632866,0.848880985651829
"WITCH 6.0","Medium-to-Low - SSP2","Europe (R10)","Capacity|Electricity|Solar|CSP","GW",1,2.347180000000002,,2.811416000000002,5.185910863173357,7.804969631698738,11.27875610421134,21.66096560185515,59.40516129572205,56.94945074835921,57.99169211318916,58.26006488509385,57.8954253699017,56.90151743936611,55.51377138976894,54.96606752843144,54.03504574192644,51.92874907783196,47.12402726533801
"WITCH 6.0","Medium-to-Low - SSP2","Europe (R10)","Capacity|Electricity|Solar|PV","GW",1,160.9028593333334,,498.212359999999,705.4171248250625,724.1002416553915,652.8065037634349,614.4896433954655,573.7649122901678,541.3614874161126,515.579071791226,495.0647910311507,478.7422043028147,465.7548205080796,465.3925440586358,474.8520785910856,471.9236397757579,460.1839790323866,442.3744572218959
"WITCH 6.0","Medium-to-Low - SSP2","Europe (R10)","Capacity|Electricity|Wind|Offshore","GW",1,24.43447999999999,,32.92710000000007,34.32007823937706,33.68469750956969,33.16262578858991,32.9271,32.9271,32.9271,32.9271,32.9271,32.9271,32.9271,32.9271,32.9271,32.9271,32.9271,32.9271
"WITCH 6.0","Medium-to-Low - SSP2","Europe (R10)","Capacity|Electricity|Wind|Onshore","GW",1,183.565008,,220.7540799999999,407.6942582830255,630.7117101658149,902.5463459727167,1148.730135797921,1293.839879430376,1331.682813133051,1344.140811216936,1345.880763254306,1334.427119077898,1311.935977799896,1284.922624696193,1244.453830498666,1194.715549670516,1153.833280876118,1119.334588656771
"WITCH 6.0","Medium-to-Low - SSP2","India+ (R10)","Capacity|Electricity|Biomass","GW",1,0.7810400000000001,,5.737473434018074,4.565132398428676,3.632336437780795,2.89563538591954,3.153968648625236,4.579801463932515,7.466169920319118,12.27781090599988,19.71696013389284,30.81965266593017,47.09543796629312,68.43386868275388,77.58363663512964,88.3005843013184,101.7389881883987,105.0994570837628
"WITCH 6.0","Medium-to-Low - SSP2","India+ (R10)","Capacity|Electricity|Coal","GW",1,234.94558,,284.3477553176981,331.9578334343352,375.8943492907442,431.9112126152139,370.4166582948997,316.8495765783402,272.0379094096001,235.1536159272078,206.1583181975723,185.2445211260552,158.8935196090041,135.908829536992,116.2489822842872,99.43309492627651,85.04970425007414,72.74699455177203
"WITCH 6.0","Medium-to-Low - SSP2","India+ (R10)","Capacity|Electricity|Fossil","GW",1,301.1654328,,365.977385410345,434.2071899713632,498.141143462592,581.0967285387519,605.1830941318354,504.0118121496828,422.3319947910455,357.5616122265745,305.3104421464246,267.3473468969564,228.2039371901106,196.9260491434145,173.3741933683751,157.347279479719,147.6205694145814,123.0481137313368
"WITCH 6.0","Medium-to-Low - SSP2","India+ (R10)","Capacity|Electricity|Gas","GW",1,47.807073,,61.41187317925773,86.1627047781491,109.4471366272432,139.0012192958243,226.6631020219636,180.7144565380292,145.1635807299729,118.3256066461278,95.90368739199667,79.51794022527913,67.25349931136448,59.38038877484433,55.82263099827617,56.87755757856795,61.74584895823415,49.64447519962224
"WITCH 6.0","Medium-to-Low - SSP2","India+ (R10)","Capacity|Electricity|Hydro","GW",1,62.207574,,65.31853589726248,65.53478923299492,65.72215850671418,65.88450164290293,66.02516127905591,66.1470335904278,66.25262792214478,66.34411845650197,66.42338897927397,66.4920716667748,66.55158069229127,66.60314134384373,66.6478152528087,66.68652225285847,66.72005931929316,66.7491169787242
"WITCH 6.0","Medium-to-Low - SSP2","India+ (R10)","Capacity|Electricity|Nuclear","GW",1,7.57302,,12.73406846807899,16.4849723912165,19.26642645893951,22.14413593272543,25.79628027970565,33.95541335431645,42.41724806527517,52.35903636013884,67.21842637704052,88.85707535579982,100.6919342103203,114.916062817336,127.6256888517096,139.6209161410329,150.2495067354367,163.9980600031877
"WITCH 6.0","Medium-to-Low - SSP2","India+ (R10)","Capacity|Electricity|Oil","GW",1,18.4127798,,20.21775691338923,16.08665175887903,12.79965754460467,10.18429662771363,8.103333814972213,6.447779033313361,5.130504651472532,4.082389653238847,3.248436556855665,2.584885545622036,2.056918269741975,1.636830831578054,1.302580085811729,1.036626974874504,0.8250162062731481,0.6566439799425231
"WITCH 6.0","Medium-to-Low - SSP2","India+ (R10)","Capacity|Electricity|Solar|CSP","GW",1,0.437074241473102,,0.514242523659741,0.7823483417357171,1.405207001880834,2.980654677327441,8.531647626113052,39.86431398383751,46.27724192017087,58.12123135716082,81.27870266888986,126.2818319946865,152.3669707652098,172.2600038694015,187.3302149033289,199.26957868266,227.7559279511963,240.9179971257932
"WITCH 6.0","Medium-to-Low - SSP2","India+ (R10)","Capacity|Electricity|Solar|PV","GW",1,42.98778400000001,,132.2132379999999,223.2041821581818,283.8028423328167,321.3993021321597,341.7556188497618,512.6638998778815,739.5681538931831,974.4656351887146,1217.712908126868,1568.280164390495,1909.014843500767,2270.173597200053,2566.593872088982,2804.066370867864,3097.436635843503,3278.587843249144
"WITCH 6.0","Medium-to-Low - SSP2","India+ (R10)","Capacity|Electricity|Wind|Offshore","GW",1,0.00002,,0.161999999999999,1.200903407097516,1.968320324740974,2.873205583530448,6.996780815574393,9.352119568732219,11.91975377633406,15.05403606520809,18.65369090754548,20.92216179517475,23.96740117811109,26.84186511156417,29.15041051422774,30.55659397915633,32.10298166503388,32.52596775876433
"WITCH 6.0","Medium-to-Low - SSP2","India+ (R10)","Capacity|Electricity|Wind|Onshore","GW",1,40.22698600000003,,46.88604000000002,114.9606081365956,192.8777029430038,284.952910790841,696.6616933778866,935.2119568732217,1191.975377633406,1505.403606520809,1865.369090754547,2092.216179517474,2396.740117811109,2684.186511156416,2915.041051422775,3055.659397915634,3210.298166503388,3252.596775876433
"WITCH 6.0","Medium-to-Low - SSP2","Latin America (R10)","Capacity|Electricity|Biomass","GW",1,15.18226,,26.93083398387431,23.54487094492766,22.00322340290665,20.77658153310555,21.47558005693374,24.43643095741435,30.24451746602697,39.82195409745904,54.55757853879855,75.41531936684504,99.83127336957129,135.0613983504102,175.5027795126383,201.5471769129198,207.7449006441967,213.9183906803925
"WITCH 6.0","Medium-to-Low - SSP2","Latin America (R10)","Capacity|Electricity|Coal","GW",1,17.74932,,21.7420331991777,19.40134482475488,17.37559970417378,16.78719093473427,14.35884532464248,12.70605063331161,11.07525113390375,9.473164306140806,8.316064053582005,7.123865411921866,6.129151952122161,5.289618194174653,4.57876060384901,3.94032547163893,3.370338980236775,2.882803698187591
"WITCH 6.0","Medium-to-Low - SSP2","Latin America (R10)","Capacity|Electricity|Fossil","GW",1,152.04119,,190.7443543379266,168.3402701863738,149.6708463650183,144.9549795890382,116.7623201023675,95.21893159862307,78.63624722077172,66.88985593462016,60.93088804365684,56.27934732149141,48.44428165198323,41.40371130524868,35.93532016447836,30.74242040677654,25.793131077797,21.46313087785548
"WITCH 6.0","Medium-to-Low - SSP2","Latin America (R10)","Capacity|Electricity|Gas","GW",1,100.35158,,130.580097268665,118.3675351798327,107.9705250932646,108.8133505400435,87.00373942297391,70.25960580632331,57.81126321791953,49.65903039847896,46.44211383575298,44.24386892436125,38.40693322027923,33.00428450232637,28.88200379924957,24.83299046482939,20.85585978390504,17.33339096938408
"WITCH 6.0","Medium-to-Low - SSP2","Latin America (R10)","Capacity|Electricity|Hydro","GW",1,197.629256,,201.1021251676045,219.1968673710613,234.8747698335398,248.4586398251241,260.2281685863773,270.4256901577546,279.2611710260332,286.9165333243424,293.5494006002793,299.2963432772985,304.2756906332697,308.5899671947121,312.3280037119458,315.5667661800387,318.3729405650043,320.8043058646875
"WITCH 6.0","Medium-to-Low - SSP2","Latin America (R10)","Capacity|Electricity|Nuclear","GW",1,5.074363333333332,,6.408220966757963,7.084204743370629,7.582495359121074,8.549447689495699,8.145847514207906,8.631744240645473,9.7435958369246,10.61337443257818,12.11374587963726,13.22761241304392,14.32650768930352,15.62563962600984,16.93593715684097,18.18091546093489,19.49938993996781,21.20340277620384
"WITCH 6.0","Medium-to-Low - SSP2","Latin America (R10)","Capacity|Electricity|Oil","GW",1,33.94029,,38.42222387008385,30.57139018178622,24.32472156757997,19.35443811426044,15.39973535475107,12.25327515898814,9.749732868948438,7.757661230000387,6.172710154321857,4.911612985208297,3.908196479581849,3.109808608747664,2.47455576137977,1.969104470308206,1.566932313655195,1.246936210283816
"WITCH 6.0","Medium-to-Low - SSP2","Latin America (R10)","Capacity|Electricity|Solar|CSP","GW",1,0.256269999999999,,0.291923999999999,0.6455937888467851,1.28060036563161,3.072526560630158,5.616208848395623,20.97903365769908,24.46855311294618,30.67391518938239,48.17029392725758,57.2218215969864,62.02824970634076,66.55577666925319,69.87137242980728,73.70125154509876,78.08701114382198,83.0347423614109
"WITCH 6.0","Medium-to-Low - SSP2","Latin America (R10)","Capacity|Electricity|Solar|PV","GW",1,26.50736099999996,,116.5694640000001,182.5251153761638,235.8925912957604,304.4768137133545,355.5071814033897,388.9996711985971,414.139614781187,431.9270166006116,438.3404817118873,444.9856833862535,460.27349440935,497.6019813786824,531.463770538807,557.9341317472395,581.9496969432673,605.4376915920782
"WITCH 6.0","Medium-to-Low - SSP2","Latin America (R10)","Capacity|Electricity|Wind|Offshore","GW",1,0.00003,,0.242999999999999,50.35238642663243,83.41277824486342,117.9819174365296,99.23769213075319,83.93731044368106,71.23129328681875,60.77502960216671,52.40665435211897,45.51377409840148,39.98936155682735,35.4031527388317,31.56440712370078,28.60319767876011,26.20565340597472,25.30980794489795
"WITCH 6.0","Medium-to-Low - SSP2","Latin America (R10)","Capacity|Electricity|Wind|Onshore","GW",1,33.931598,,49.28125999999999,101.6208620599855,163.2006745431703,237.5030755802123,609.3471192232289,863.5318462537198,1077.689975294454,1257.650039745018,1438.549360007641,1589.723176812728,1740.393895489207,1844.279313510399,1936.499721813906,2033.891062617783,2119.926580354296,2174.968945953757
"WITCH 6.0","Medium-to-Low - SSP2","Middle East (R10)","Capacity|Electricity|Biomass","GW",1,0.08001999999999901,,0.08371139855611501,0.066606603422417,0.052996840286896,0.042167967379785,0.033551763903598,0.026696113922305,0.021241282592486,0.4445835760337981,1.967026235080476,4.880472544850157,9.642176200088624,10.36017103851387,10.76822892696501,11.15892348095492,11.54621057698899,11.92279497720638
"WITCH 6.0","Medium-to-Low - SSP2","Middle East (R10)","Capacity|Electricity|Coal","GW",1,10.21704,,17.7891206614689,16.62887697450764,14.2234322185151,12.16594628638074,10.40608530832886,8.900796444041509,7.613254647725429,6.511961788533466,5.571631952789511,4.76566935629524,4.076293015399306,3.486638183457681,2.982279678232168,2.550878987499769,2.181882422484617,1.866262934806417
"WITCH 6.0","Medium-to-Low - SSP2","Middle East (R10)","Capacity|Electricity|Fossil","GW",1,408.8396,,478.8438382803612,408.7676613957858,326.2362877078214,260.4250470388444,207.9382703516925,166.0711237744019,132.6688843807219,106.0149073734497,85.0310333023018,67.9890884504329,54.38123684917894,43.51274576159673,34.82983063424196,27.89100271127446,22.34424502371432,17.90883913115146
"WITCH 6.0","Medium-to-Low - SSP2","Middle East (R10)","Capacity|Electricity|Gas","GW",1,356.29808,,415.8389796621977,356.1620025435431,283.3872288210482,225.4825637921747,179.4095901421084,142.7507320017281,113.5823980807726,90.3740455329008,72.19581435974435,57.4440047444014,45.70644032952071,36.36721877054791,28.93628538056753,23.02371861066655,18.31926979193888,14.57608353302094
"WITCH 6.0","Medium-to-Low - SSP2","Middle East (R10)","Capacity|Electricity|Hydro","GW",1,18.929204,,19.34904210814196,21.61949633510998,23.58669539855541,25.29114383413935,26.76793615452422,28.04747944372942,29.15611943755292,30.11668298102508,30.94894803206803,31.67005088871379,32.29483902467005,32.83617679810153,33.30521032815606,33.71159699303057,34.06370427493135,34.36878204613687
"WITCH 6.0","Medium-to-Low - SSP2","Middle East (R10)","Capacity|Electricity|Nuclear","GW",1,2.26001,,3.968494796501351,4.722110989290253,5.354222539282565,4.949412007178277,4.233456433259192,3.621067178547798,3.310881716527111,3.526509031814624,3.772960973618134,3.906442962950313,4.063062331175097,4.23464225504528,4.397390926951663,4.622225119861742,4.898320218021701,5.213185163157438
"WITCH 6.0","Medium-to-Low - SSP2","Middle East (R10)","Capacity|Electricity|Oil","GW",1,42.32447999999999,,45.21573795669462,35.97678187773507,28.62562666825808,22.77653696028899,18.12259490125527,14.41959532863227,11.47323165222391,9.128900052015426,7.263586989767938,5.77941434973626,4.598503504258924,3.658888807591137,2.911265575442268,2.316405113108143,1.843092809290821,1.466492663324103
"WITCH 6.0","Medium-to-Low - SSP2","Middle East (R10)","Capacity|Electricity|Solar|CSP","GW",1,1.038627999999997,,1.241153599999998,10.51832078608714,40.02063256412902,104.1431071846256,196.2594653712441,449.9504348042929,540.3809178864409,670.7774812489859,790.8549644361337,897.169026830054,966.887793434829,1040.800712122917,1105.441630413792,1154.893489107746,1198.871120722808,1256.42196037142
"WITCH 6.0","Medium-to-Low - SSP2","Middle East (R10)","Capacity|Electricity|Solar|PV","GW",1,9.773837999999984,,37.04120000000002,91.53449353379877,264.530117989872,383.00776338083,460.0240873549864,505.776176073547,528.2050123892046,549.2668944223177,641.2029067787555,699.7511430215465,749.6360159118041,780.1960824168485,823.4684153623743,858.710680270384,892.3950606072967,918.1356697775911
"WITCH 6.0","Medium-to-Low - SSP2","Middle East (R10)","Capacity|Electricity|Wind|Offshore","GW",1,0.00001,,0.080999999999999,0.6966590139809531,1.410259095342305,2.238217993164925,4.652293287357276,4.822713767309389,5.803282613784509,6.79917233800818,7.699083287357274,8.14097328735728,8.489509809525448,8.860920655902925,9.390135253291936,9.828071124012634,10.21960297292844,10.4103503024075
"WITCH 6.0","Medium-to-Low - SSP2","Middle East (R10)","Capacity|Electricity|Wind|Onshore","GW",1,3.99585,,5.860920000000003,69.6659013980953,141.0259095342305,223.8217993164925,465.2293287357276,482.2713767309388,580.3282613784509,679.9172338008179,769.9083287357274,814.0973287357278,848.9509809525446,886.0920655902926,939.0135253291935,982.8071124012635,1021.960297292844,1041.03503024075
"WITCH 6.0","Medium-to-Low - SSP2","North America (R10)","Capacity|Electricity|Biomass","GW",1,8.45684,,8.921074887868281,7.098226853295382,6.198667966939304,4.932090804150207,10.3620110227868,11.57551962850958,14.34748882837513,25.6516735396675,44.02233858257082,64.00591692578406,80.17322697516782,108.0909379894983,111.6945921967263,101.2010647292679,80.52259669070267,64.06937115888257
"WITCH 6.0","Medium-to-Low - SSP2","North America (R10)","Capacity|Electricity|Coal","GW",1,256.54572,,218.7968296240677,187.1468458486246,160.0751801169436,136.9195573309218,123.3135035800047,106.911922070214,91.44661297621283,78.21843310729398,66.90377126763212,57.22582813301374,48.94784469487096,41.8673102415273,35.81104035769187,30.63080603596928,26.19991681452633,22.40997642314827
"WITCH 6.0","Medium-to-Low - SSP2","North America (R10)","Capacity|Electricity|Fossil","GW",1,828.8124700000001,,847.0200705080151,718.9180435660234,605.2649473326775,491.1434597398553,406.5643134925976,340.504027537165,295.3068136575891,246.6773944160834,202.8050473473875,167.9495489202915,137.9746600621151,112.7032960653665,92.17313863191433,75.47647399572575,61.88231286593759,50.80143684837003
"WITCH 6.0","Medium-to-Low - SSP2","North America (R10)","Capacity|Electricity|Gas","GW",1,545.07374,,602.0712349705582,510.962845251442,428.6331966114955,341.0503447896265,272.769012413733,225.2519917250862,197.2241593014466,163.1787982676791,131.699944026545,107.3807816054121,86.36687317919849,68.71948348616922,54.67799442973548,43.50561039155511,34.6160855986419,27.54296219241415
"WITCH 6.0","Medium-to-Low - SSP2","North America (R10)","Capacity|Electricity|Hydro","GW",1,165.965164,,167.4547710950658,176.344568449233,184.0469924054698,190.7206355086839,196.5029077546845,201.5128658554954,205.8536646114242,209.6146808635209,212.8733537585071,215.6967792171443,218.1430914360681,220.2626598681472,222.0991263271352,223.6903035705518,225.0689538625704,226.2634635474892
"WITCH 6.0","Medium-to-Low - SSP2","North America (R10)","Capacity|Electricity|Nuclear","GW",1,111.4993533333333,,123.6148009061205,115.9724012512663,105.9410732469794,92.12508376376536,86.11829988246296,74.09043625158131,70.26470438773896,66.83206486473895,64.38326313748733,62.03268118966654,60.88233186823629,60.12086062040148,59.98171681697862,60.37114052404627,61.24297782095672,64.27407089672397
"WITCH 6.0","Medium-to-Low - SSP2","North America (R10)","Capacity|Electricity|Oil","GW",1,27.19301,,26.15200591338924,20.80835246595678,16.55657060423842,13.17355761930707,10.48179749885987,8.340113741864787,6.636041379929745,5.280163041110405,4.201332053210386,3.342939181865601,2.659942188045631,2.116502337670001,1.68410384448698,1.340057568201367,1.066310452769364,0.848498232807616
"WITCH 6.0","Medium-to-Low - SSP2","North America (R10)","Capacity|Electricity|Solar|CSP","GW",1,1.723359999999997,,2.057632000000002,3.413479558949084,6.25300001714307,13.25466646736865,33.40432986729752,108.7080717339611,145.4923421245995,156.4974610381842,180.2862790295711,202.2376286045838,204.7417744908697,235.3078404094437,275.1593993331404,322.0306967213865,380.7863642555392,420.4796281756618
"WITCH 6.0","Medium-to-Low - SSP2","North America (R10)","Capacity|Electricity|Solar|PV","GW",1,82.92155600000005,,258.5487219999999,517.9316192062913,693.0936769637885,804.3658882514798,867.5923059867845,897.8768887154961,901.2176305792862,885.1955586647256,855.6351069547597,816.9837977190155,772.6122668236502,729.8892883983684,687.1131892440753,642.441539046882,597.3252582130661,574.7246202125772
"WITCH 6.0","Medium-to-Low - SSP2","North America (R10)","Capacity|Electricity|Wind|Offshore","GW",1,0.03411,,0.194299999999999,2.79142503016449,3.794572445366455,5.302227138212816,9.374148210398504,11.315119283926,12.02482071097517,11.91700212960017,11.93653659012994,11.8122076280761,11.70169986454204,11.58817368060054,11.5903797381338,11.62925870038094,11.49315839575661,10.99140714814917
"WITCH 6.0","Medium-to-Low - SSP2","North America (R10)","Capacity|Electricity|Wind|Onshore","GW",1,132.0117959999999,,165.0039799999999,260.0727316515498,379.4572445366455,530.2227138212816,937.4148210398504,1131.5119283926,1202.482071097516,1191.700212960017,1193.653659012994,1181.220762807611,1170.169986454205,1158.817368060054,1159.03797381338,1162.925870038094,1149.315839575661,1099.140714814917
"WITCH 6.0","Medium-to-Low - SSP2","Pacific OECD (R10)","Capacity|Electricity|Biomass","GW",1,2.67744,,3.828678649913832,5.538423658978568,5.081045347665507,4.717123392936458,5.579144355775658,6.095074579648475,9.254823637163238,12.13235295682437,15.5799111942112,15.76797032457822,16.56081054898564,18.08231786302827,19.35418766990252,20.22444688342497,20.51612494976846,19.8877073768933
"WITCH 6.0","Medium-to-Low - SSP2","Pacific OECD (R10)","Capacity|Electricity|Coal","GW",1,117.15988,,124.6190684276262,106.592337872974,91.17325812642234,77.98462031382884,66.81838958269181,57.1527973077624,49.08549673010996,41.98505026666332,35.91171656235773,30.71691895720127,26.27357309932289,22.47297798217583,19.22215670773669,16.44158192073361,14.06323026944169,12.02891829781526
"WITCH 6.0","Medium-to-Low - SSP2","Pacific OECD (R10)","Capacity|Electricity|Fossil","GW",1,289.849264,,295.8114416594694,242.8048813195185,199.5534192393802,164.219404759216,135.4327740971404,111.7471676952498,93.76118255287567,77.53212915373672,64.56634725855456,53.55535188373005,44.48092269581892,36.98663843726772,30.80051266523463,25.68407061521847,21.44449873274781,17.93401336971969
"WITCH 6.0","Medium-to-Low - SSP2","Pacific OECD (R10)","Capacity|Electricity|Gas","GW",1,32.8805,,34.82451731845401,27.70880494670612,22.04704991468034,17.54216433640124,13.95776445357448,11.10576692849716,10.07313212100187,8.014883611763203,6.748103703676808,5.408078387951155,4.338548784562135,3.478679179444574,2.79809077776778,2.256232256947957,1.822449995850608,1.482045405630498
"WITCH 6.0","Medium-to-Low - SSP2","Pacific OECD (R10)","Capacity|Electricity|Hydro","GW",1,48.427192,,49.47926282548471,53.16708271176322,56.3623357762262,59.13081212832455,61.52951456518958,63.6078322565295,65.40855766529748,66.96876764247956,68.32058683770268,69.49184914425078,70.50667079761098,71.38594692762145,72.14778178820632,72.80786152310763,73.37977714284298,73.87530436296919
"WITCH 6.0","Medium-to-Low - SSP2","Pacific OECD (R10)","Capacity|Electricity|Nuclear","GW",1,57.29203,,49.00447015245668,41.91574456207989,35.85243662571405,30.66621452519207,27.40986634743065,26.89854123664677,25.18773321066634,21.82669407251403,18.66936237809253,15.96875339172358,13.65880021773391,11.68299256485429,9.992994907028761,8.54746348327867,7.311035011749233,6.253462039833086
"WITCH 6.0","Medium-to-Low - SSP2","Pacific OECD (R10)","Capacity|Electricity|Oil","GW",1,139.808884,,136.3678559133892,108.5037384998384,86.33311119827742,68.69262010898582,54.65662006087408,43.48860345899025,34.60255370176383,27.5321952753102,21.90652699252002,17.43035453857762,13.8688008119339,11.03498127564732,8.780265179730167,6.98625643753691,5.55881846745551,4.423049666273933
"WITCH 6.0","Medium-to-Low - SSP2","Pacific OECD (R10)","Capacity|Electricity|Solar|CSP","GW",1,0.105137338718653,,0.11597632811523,0.105209153505417,0.10475791244726,0.10439893930005,0.118164443471817,0.178782879349226,0.523,0.523,3.337686199272838,6.868229325955587,9.1737483664342,12.69793017419715,14.45099370555425,15.11183266596747,16.39808505171596,21.25334144641609
"WITCH 6.0","Medium-to-Low - SSP2","Pacific OECD (R10)","Capacity|Electricity|Solar|PV","GW",1,105.6819440000001,,262.7952100000002,361.4682052488253,421.876904614219,432.9010313670049,441.8500450382143,449.1964470403864,452.4487218649253,452.7027280122989,450.7963018063969,442.7606792441121,434.6666560789272,424.5677767409094,408.6611120323673,388.9204993469779,367.0290018868355,344.8770260373134
"WITCH 6.0","Medium-to-Low - SSP2","Pacific OECD (R10)","Capacity|Electricity|Wind|Offshore","GW",1,0.197209999999999,,0.481767306678452,6.910439244597436,7.020963003498645,7.157751159778011,7.465572845926115,7.594505148281534,7.683542329445392,7.724549989544119,7.768630091031533,7.79936838925711,7.814976127671026,7.833672736313332,7.848170157723541,7.860635328035946,7.86783428088467,7.861104921345888
"WITCH 6.0","Medium-to-Low - SSP2","Pacific OECD (R10)","Capacity|Electricity|Wind|Onshore","GW",1,15.7422,,21.30223999999999,35.0192730537278,54.00669016406383,79.03370446455537,118.0272658516242,151.3228599266239,177.1844255555063,175.5319851780846,174.776712747541,173.4871790646214,170.8521410710007,168.9380496906644,167.2263552419918,164.576066542353,162.092991061126,158.7875584816346
"WITCH 6.0","Medium-to-Low - SSP2","Reforming Economies (R10)","Capacity|Electricity|Biomass","GW",1,0.26642,,1.213216309257044,1.257799533283126,1.303562706396012,1.312110869424612,1.044006549089295,1.320898881165596,2.702876061974125,5.470189721483574,10.06627957863353,17.16046451160769,18.18439297785454,18.76989917852454,19.32410487950185,19.86358569491711,20.40055321708966,20.93586687370565
"WITCH 6.0","Medium-to-Low - SSP2","Reforming Economies (R10)","Capacity|Electricity|Coal","GW",1,101.15094,,124.4500321645558,119.678978691921,113.4798030539573,97.92181192947665,83.75696427535408,71.64112802237887,61.27790409697462,52.55642300727391,46.10679969249615,39.4372356740759,33.73245525574242,28.852897981606,24.67919146784445,21.10923110374597,18.05568218764163,15.44384339054713
"WITCH 6.0","Medium-to-Low - SSP2","Reforming Economies (R10)","Capacity|Electricity|Fossil","GW",1,290.57217,,320.5198960346397,275.6857817215906,237.6096520330162,201.4996248295678,166.1706669035936,137.3366153543176,114.6722230681283,97.60015011009774,81.94671778673532,67.95396400940155,56.4223451380934,46.90655044900549,39.04393140724643,32.53881599795287,27.17912131327832,22.75376525852892
"WITCH 6.0","Medium-to-Low - SSP2","Reforming Economies (R10)","Capacity|Electricity|Gas","GW",1,188.23522,,194.8838559133892,155.0631327172636,123.3789993296196,102.9803847637479,81.93834730462571,65.31726161751037,53.09337632057547,44.80427622605323,35.64939434402947,28.36513440556635,22.56927122187124,17.95767988275164,14.28837748464286,11.36882562093907,9.07509482738594,7.271455786219166
"WITCH 6.0","Medium-to-Low - SSP2","Reforming Economies (R10)","Capacity|Electricity|Hydro","GW",1,105.423182,,123.4187754748883,123.5601366774018,123.6582293028188,123.7432201027033,123.8168590336046,123.8806623176266,123.9359436613692,123.983841305085,124.0253414589925,124.0612986092974,124.0924531120238,124.1194464369089,124.1428343752353,124.1630984835468,124.180655998875,124.19586842963
"WITCH 6.0","Medium-to-Low - SSP2","Reforming Economies (R10)","Capacity|Electricity|Nuclear","GW",1,42.69434333333334,,59.35240927451038,67.69584721329771,70.09084314316284,74.65641682190777,69.24180233936215,68.7959082995639,73.33464094679111,78.37555022630019,83.57375011992629,86.7315230327918,89.43552899424267,92.87420257174661,96.7723264728894,101.6921707285125,107.4601092737664,113.4193026191129
"WITCH 6.0","Medium-to-Low - SSP2","Reforming Economies (R10)","Capacity|Electricity|Oil","GW",1,1.18601,,1.186007956694616,0.9436703124059691,0.7508496494393061,0.597428136343226,0.4753553236138151,0.378225714428316,0.300942650578223,0.239450876770599,0.190523750209694,0.151593929759303,0.120618660479733,0.09597258464785101,0.076362454759118,0.06075927326782501,0.048344298250751,0.03846608176262
"WITCH 6.0","Medium-to-Low - SSP2","Reforming Economies (R10)","Capacity|Electricity|Solar|CSP","GW",1,0.05199999999999901,,0.057199999999999,0.052,0.052,0.06612376674824,0.139443405207898,0.474573737258718,2.81422970482105,9.809999999999988,11.56799999999999,11.56799999999999,11.56799999999999,11.56799999999999,11.56799999999999,11.56799999999999,11.56799999999999,11.56799999999999
"WITCH 6.0","Medium-to-Low - SSP2","Reforming Economies (R10)","Capacity|Electricity|Solar|PV","GW",1,15.90446400000003,,43.70933600000003,84.6809542112848,134.0912219958737,221.9667185497219,280.3592057030955,316.4456988273284,335.8214562603136,433.7429994552034,495.002249729937,534.2070268034192,561.97759505631,587.6663211395498,605.0368827144848,621.2450995061416,641.1361833978306,671.9145873800618
"WITCH 6.0","Medium-to-Low - SSP2","Reforming Economies (R10)","Capacity|Electricity|Wind|Offshore","GW",1,0.00001,,0.080999999999999,0.7788267913451901,1.455404680636373,19.72949895756589,16.23068371800521,13.35484034983635,10.99104731923133,9.413088486204874,10.61634374514452,11.38769984694445,11.86988651922267,12.2892014377803,12.48792037923838,12.60174169435567,12.68968023572866,12.72159074599073
"WITCH 6.0","Medium-to-Low - SSP2","Reforming Economies (R10)","Capacity|Electricity|Wind|Onshore","GW",1,12.45083600000001,,17.94337999999999,77.88267913451907,145.5404680636373,224.6234957954294,529.2299230380636,751.4145725792031,838.6841768082702,941.3088486204872,1061.634374514451,1138.769984694445,1186.988651922268,1228.92014377803,1248.792037923838,1260.174169435566,1268.968023572866,1272.159074599073
"WITCH 6.0","Medium-to-Low - SSP2","Rest of Asia (R10)","Capacity|Electricity|Biomass","GW",1,4.86944,,7.448806863275703,7.093231071153683,11.29042849428176,11.09515271087573,10.65649298984401,11.23100760755922,13.17259492786948,16.46230893588942,21.81248367182449,30.13938632063089,42.48848971459216,60.16144596026572,85.8311668408868,122.9204061270768,154.1993371405738,153.4646986218573
"WITCH 6.0","Medium-to-Low - SSP2","Rest of Asia (R10)","Capacity|Electricity|Coal","GW",1,90.54436,,118.5528702811972,121.4511116756766,119.1539903828285,129.5042417833985,111.021860635249,95.57340327407374,82.87698226336,72.88294093026661,66.23903848717185,60.07855303259672,51.71954091003946,44.23806764788734,37.8388244517301,32.36526168559321,27.6834753498541,23.67893128412793
"WITCH 6.0","Medium-to-Low - SSP2","Rest of Asia (R10)","Capacity|Electricity|Fossil","GW",1,193.1967,,238.3043887413236,242.5755663836576,238.052256040238,251.4200091807653,208.277526205274,173.5683543949929,146.3344819426586,126.0262183273398,112.3721699227816,99.64547781816533,87.615169653182,75.9706833612941,64.90881436569771,54.37345175711604,45.49152386609963,38.52527097162904
"WITCH 6.0","Medium-to-Low - SSP2","Rest of Asia (R10)","Capacity|Electricity|Gas","GW",1,93.824996,,110.3535825467371,113.6468040992315,112.948527423201,117.1817423796451,93.48894643277617,74.99767322835369,61.07244268765514,51.24534588007224,44.62279078276951,38.36497834695242,34.93906216293139,30.97129039303046,26.46401210169435,21.52581752738931,17.42402490926881,14.540569326405
"WITCH 6.0","Medium-to-Low - SSP2","Rest of Asia (R10)","Capacity|Electricity|Hydro","GW",1,50.545122,,55.39203502884352,57.67326768394885,59.2320705668137,60.2207307589797,60.76374266314527,60.96251553220669,60.89931928489098,60.64058810423281,60.23968298275267,59.73919881116896,59.17288839415163,58.56726456596387,57.94293207159104,57.3156928200813,56.69746128902379,56.09702107727578
"WITCH 6.0","Medium-to-Low - SSP2","Rest of Asia (R10)","Capacity|Electricity|Nuclear","GW",1,0.00004,,0.0001173439048254135,0.0001356615502246459,0.0001479034472022629,0.000152713660144471,0.0001623067850430291,0.0001740994242473315,0.0001832375910585799,0.0002005071615762228,0.0002177829759506669,0.0002428571027793108,0.0002497337449824909,0.0002580841240573112,0.0002698164895588852,0.0002816187678366875,0.0003012196126395648,0.0003235945534340079
"WITCH 6.0","Medium-to-Low - SSP2","Rest of Asia (R10)","Capacity|Electricity|Oil","GW",1,8.827343999999998,,9.397935913389231,7.477650608749543,5.949738234208427,4.734025017721615,3.766719137248864,2.997277892565523,2.385056991643415,1.89793151700093,1.51034065284019,1.201946438616174,0.956566580211139,0.7613253203762901,0.6059778122732501,0.482372544133525,0.384023606976714,0.30577036109612
"WITCH 6.0","Medium-to-Low - SSP2","Rest of Asia (R10)","Capacity|Electricity|Solar|CSP","GW",1,0.107302594932018,,0.118534115302015,0.10724430665932,0.114377221661584,0.141687374190843,0.287568995728628,1.529041250309271,2.262586100171968,2.560618538533048,3.178999999999997,3.418571005186158,3.564363383439673,3.700258354589486,3.803005547774907,3.763900304663162,8.409175129336532,7.485714310991549
"WITCH 6.0","Medium-to-Low - SSP2","Rest of Asia (R10)","Capacity|Electricity|Solar|PV","GW",1,17.48862847536099,,46.39906599999999,109.6829436163193,181.5771300633274,266.7554850735347,362.5689925107734,426.2059362746193,516.9264158607238,610.5412935060959,686.913674796757,770.5888336883758,821.0759572146019,842.4878941635577,849.0341871975485,869.5067242774526,881.0325110833194,884.6044807321064
"WITCH 6.0","Medium-to-Low - SSP2","Rest of Asia (R10)","Capacity|Electricity|Wind|Offshore","GW",1,0.457129999999999,,1.264999999999993,8.08230542063251,29.61780080916634,34.55,28.62299723276083,23.75131055190415,20.73787089188712,49.96174411891921,85.45295525481288,103.5064456669235,120.452819058255,132.3964641450916,143.5818134053229,150.5507033349959,160.0568345987795,160.5543109391457
"WITCH 6.0","Medium-to-Low - SSP2","Rest of Asia (R10)","Capacity|Electricity|Wind|Onshore","GW",1,3.619404000000002,,6.95414,17.16340031676962,29.3598207439093,44.24081823512393,156.1239952333649,332.0019124529082,413.7550405368543,457.0721088769554,502.9286632692753,570.0023425795641,595.8094714095007,620.5609872622922,637.1871366205532,644.9645256416175,707.867613738356,695.3560139145694
"WITCH 6.0","Medium-to-Low - SSP2","World","Capacity|Electricity|Biomass","GW",1,59.12394999999999,,88.27033738897047,76.3018248654517,71.2210494559745,63.04045888837145,72.94016594276466,79.8008972167467,99.75947568534171,143.7143576773558,216.4735556096257,299.3683791453692,394.7387827623255,533.5478017994164,619.9023967601767,686.0208483591376,723.9695720353246,724.3422451808458
"WITCH 6.0","Medium-to-Low - SSP2","World","Capacity|Electricity|Coal","GW",1,2094.935726666666,,2255.650217743834,2060.065791708014,1888.297535596638,1766.896508440581,1542.112330963106,1322.258398861486,1135.499320827144,979.592041897552,854.5319925020581,753.1467043179294,660.09614867147,576.4841636823361,501.5155955300215,431.7546690238472,373.5536239177383,325.2256408016441
"WITCH 6.0","Medium-to-Low - SSP2","World","Capacity|Electricity|Fossil","GW",1,4113.077070466666,,4589.111900181714,4142.612391497591,3717.101788874648,3436.288337268825,3635.507828936688,2998.992383103951,2496.151460290848,2083.181105749465,1752.026582782305,1489.317323081067,1267.253579145284,1084.012707328761,936.1325466278737,817.7809741992678,735.2125615382897,667.5859000746374
"WITCH 6.0","Medium-to-Low - SSP2","World","Capacity|Electricity|Gas","GW",1,1665.914916,,1970.789856174072,1793.979703033644,1599.200385888602,1486.703043271664,1948.035610321803,1561.074705763764,1268.624728696176,1030.364888036557,839.2314948035732,689.8115980251207,570.2701238189654,478.1776818194509,411.2625354505373,367.4430727056416,346.8719907562917,330.593896937917
"WITCH 6.0","Medium-to-Low - SSP2","World","Capacity|Electricity|Hydro","GW",1,1212.46141,,1279.111065116725,1367.534588056476,1443.638490309212,1509.157402129359,1565.561228854209,1614.11605200514,1655.912354219583,1691.889340592438,1722.855895671516,1749.508640941771,1772.447493480269,1792.189071155875,1809.178242065938,1823.798074796573,1836.378410657159,1847.203248492422
"WITCH 6.0","Medium-to-Low - SSP2","World","Capacity|Electricity|Nuclear","GW",1,396.2352099999999,,496.3899980635944,503.1839065170902,457.6015715248562,415.9880861319653,377.655057589589,350.30297853453,339.4097062866414,335.6343139550526,348.9051417514573,366.4156820406557,376.3078790048374,389.9605254811605,403.25094933931,418.3228426497622,433.2153774186174,452.9619931461186
"WITCH 6.0","Medium-to-Low - SSP2","World","Capacity|Electricity|Oil","GW",1,352.2264278,,362.6718262638084,288.5668967559342,229.6038673894081,182.688785556581,145.3598876517795,115.6592784787014,92.02741076752794,73.22417581535596,58.26309547667395,46.35902073801673,36.88730665484848,29.35086182697448,23.35441564731484,18.58323246977914,14.78694686425974,11.76636233507634
"WITCH 6.0","Medium-to-Low - SSP2","World","Capacity|Electricity|Solar|CSP","GW",1,7.12235217512377,,8.45895856707699,21.94359041948142,58.39747035173466,137.8720085867482,277.3663829784149,712.0537267095624,857.415282648504,1036.32788791556,1269.33948664815,1472.892209193064,1594.665076101058,1740.795648505362,1880.710711484899,2008.575372637659,2165.167120643007,2300.102964845564
"WITCH 6.0","Medium-to-Low - SSP2","World","Capacity|Electricity|Solar|PV","GW",1,741.1580054753606,,2529.372627999998,4001.86859797642,5058.560548403419,5758.677185561339,6226.728125897597,6638.300222312118,7080.268252539164,8127.761690521174,9278.409821367502,10591.49340449942,11892.3042992459,13489.86749761333,14968.61871068746,16383.35551302112,17716.88189227397,19019.45139982478
"WITCH 6.0","Medium-to-Low - SSP2","World","Capacity|Electricity|Wind|Offshore","GW",1,40.64386000000003,,74.5361673066786,221.9721455015634,272.6234175178195,320.5780602382727,292.6824518392671,266.0595036239469,245.9060129512237,263.5944995107349,294.369653308115,307.8893634503788,323.2153164763423,335.742063882777,348.4266332502273,356.3349162796509,367.2605330878607,369.2696098875388
"WITCH 6.0","Medium-to-Low - SSP2","World","Capacity|Electricity|Wind|Onshore","GW",1,688.2376789999996,,943.8236099999993,1695.766465947873,2827.046130837321,4175.644654192959,7523.881632557819,9280.750334162978,10345.63890160002,11364.11980937444,12302.34399307386,13028.09051922789,13804.50911881946,14574.15319106297,15300.46371328908,15774.55074451896,16268.05095297515,16446.45346274656
"WITCH 6.0","Medium - SSP2","Africa (R10)","Capacity|Electricity|Biomass","GW",1,0.5840500000000001,,0.6290100354286341,0.5004840762567231,0.464501244742494,0.405949285494843,0.350365226177,0.289053041366939,0.243405893763016,0.217896694256731,0.198313513315348,0.179426171241744,0.155291615881586,0.1353369210167,0.114596379725947,0.10041805503024,0.12288972495466,0.273788396435862
"WITCH 6.0","Medium - SSP2","Africa (R10)","Capacity|Electricity|Coal","GW",1,47.37638,,56.4910396404163,54.78682781906633,53.97072885428275,57.15302970912452,63.18797077469688,71.32821819752859,82.23638381406879,94.91545923288089,109.497862235323,126.1093447882517,145.1191326683679,165.7085694382689,189.2156073885967,214.8581569979015,236.2312764080518,257.0372647905275
"WITCH 6.0","Medium - SSP2","Africa (R10)","Capacity|Electricity|Fossil","GW",1,75.64196000000001,,150.9533996085401,192.3116012418276,235.9024162623315,309.2331435149647,405.0599043229894,517.6291240142779,656.374090599516,813.7370710479117,993.6501877994415,1190.619063408127,1407.243615966123,1636.104407866856,1875.02462256627,2113.215890241459,2342.361448925743,2537.607146042686
"WITCH 6.0","Medium - SSP2","Africa (R10)","Capacity|Electricity|Gas","GW",1,20.17764,,86.05294405473462,130.8336579902338,176.6077711940672,247.8440362580359,338.5014160063586,443.6190879387048,572.0038661982026,717.1237800237487,882.8014126567908,1063.434838474177,1261.269233990899,1469.715342673031,1685.2675654862,1897.926918259038,2105.787386190892,2280.297136640055
"WITCH 6.0","Medium - SSP2","Africa (R10)","Capacity|Electricity|Hydro","GW",1,29.36673,,32.59239266335994,43.98465547144454,53.78816635682846,62.22409521895106,69.48287354010908,75.72845995630138,81.10201472720996,85.72506491001056,89.70223073422196,93.12357392852388,96.06662035007648,98.59810202670171,100.7754574822699,102.6481238377627,104.2586495457717,105.6436526220541
"WITCH 6.0","Medium - SSP2","Africa (R10)","Capacity|Electricity|Nuclear","GW",1,1.860029999999999,,1.715504868863742,1.860047353206182,1.860057333086475,1.860074894952382,1.860095979414644,1.86012071863273,1.860152650966012,1.860192494523703,1.860244564656938,1.903391322586274,2.289370516151651,2.516072645814112,2.753547919688236,3.002692994264547,3.273152318818578,3.592166606086411
"WITCH 6.0","Medium - SSP2","Africa (R10)","Capacity|Electricity|Oil","GW",1,8.087940000000001,,8.409415913389234,6.691115432527496,5.323916213981576,4.236077547804201,3.37051754193383,2.681817878044373,2.133840587244633,1.697831791282131,1.350912907327605,1.074880145698169,0.8552493068570071,0.680495755556346,0.5414496914729751,0.430814984520362,0.342786326800491,0.27274461210348
"WITCH 6.0","Medium - SSP2","Africa (R10)","Capacity|Electricity|Solar|CSP","GW",1,0.557999999999999,,0.6592,0.656259289303739,0.9207207044203131,2.354321247320784,9.895139343374572,40.57676137784724,57.86031654855898,73.12598545021018,93.2563476868366,105.496469455609,119.334924945614,133.2333140671604,145.7822528376214,157.4025454636225,168.4998709243283,180.0656428898333
"WITCH 6.0","Medium - SSP2","Africa (R10)","Capacity|Electricity|Solar|PV","GW",1,6.875574666666668,,15.10611999999997,23.20776259972315,34.35929506741678,54.08689977579819,68.88691926427256,78.07808498025086,98.27106568012653,129.7929222117479,188.5507918824723,273.3015832929109,376.1356378734754,518.9993735003219,706.5345056885092,947.7776466231774,1173.989579054819,1554.331501597648
"WITCH 6.0","Medium - SSP2","Africa (R10)","Capacity|Electricity|Wind|Offshore","GW",1,0.00002,,0.161999999999999,0.179888969057882,0.520142202360456,0.45156683542245,0.4123424177198131,0.5341333909951971,0.7106569238088101,0.935720155723407,1.222774751456537,1.401070534202316,1.583676506367936,1.820429785380507,2.080772686594231,2.377313266010317,2.726356437554429,3.108196271215253
"WITCH 6.0","Medium - SSP2","Africa (R10)","Capacity|Electricity|Wind|Onshore","GW",1,3.419314999999999,,4.663950000000002,11.68675191360522,20.12128329809767,28.67932434943826,39.56028601914817,53.41333909951978,71.06569238088107,93.57201557234075,122.2774751456538,140.1070534202316,158.3676506367935,182.0429785380508,208.0772686594231,237.7313266010318,272.6356437554429,310.8196271215252
"WITCH 6.0","Medium - SSP2","China+ (R10)","Capacity|Electricity|Biomass","GW",1,11.62362,,18.41051591338923,14.64868528535223,11.6555115347548,9.273934588016894,7.378986540947678,5.871234248497137,4.671561793673987,3.717019057398482,2.957518552312163,2.353207194313538,1.872375101430811,1.489791688946764,1.18538175110254,0.943172059739645,0.7504532050085301,0.59711269761642
"WITCH 6.0","Medium - SSP2","China+ (R10)","Capacity|Electricity|Coal","GW",1,1069.260839999999,,1164.918034213813,996.4071972609333,852.2722402726248,728.9870783110185,623.53569110082,533.338339792491,456.1884568154056,390.1986649086412,333.754604751201,285.4754416412756,244.1800850688879,208.8582947852022,178.645966513919,152.8039926999989,130.7001811498617,111.7937892247678
"WITCH 6.0","Medium - SSP2","China+ (R10)","Capacity|Electricity|Fossil","GW",1,1192.951669999999,,1339.801970517197,1164.260749555665,985.8281858616197,835.2534656368614,708.088610294981,600.6145154879425,509.7180553123175,432.790531726575,367.6436524925412,312.4399220131773,265.6348986498469,225.9292347567869,192.2287921308274,163.6114322461774,139.2993307552946,118.6358699618991
"WITCH 6.0","Medium - SSP2","China+ (R10)","Capacity|Electricity|Gas","GW",1,77.49552,,123.7542283466895,127.1712050909314,101.1862442910267,80.51080452058606,64.05998848923429,50.97057655400209,40.55573120628954,32.26895681539361,25.67542349704327,20.42915039131489,16.2548510936547,12.93348861875412,10.29078192643305,8.18806091527705,6.514990020347879,5.183778602091199
"WITCH 6.0","Medium - SSP2","China+ (R10)","Capacity|Electricity|Hydro","GW",1,344.280758,,372.7043228937254,405.2003048492817,433.355933141369,457.7509308246637,478.8875897474982,497.2011127172572,513.0685743055959,526.8166847960331,538.7285171332339,549.0493353815511,557.9916447005075,565.7395668159786,572.4526310778189,578.2690591616284,583.308611046516,587.6750508674037
"WITCH 6.0","Medium - SSP2","China+ (R10)","Capacity|Electricity|Nuclear","GW",1,49.14534333333334,,80.85278522393307,111.6716726134175,95.51784336249095,81.70074099458895,69.88234704727567,59.77353900816291,51.12701728726012,45.26556943996309,43.10781705303487,40.67225306302598,39.42874266445855,37.47071351356383,35.01389745980362,31.76057526399044,27.99817763291901,23.94811041144048
"WITCH 6.0","Medium - SSP2","China+ (R10)","Capacity|Electricity|Oil","GW",1,46.19531,,51.12970795669461,40.68234720380018,32.36970129796812,25.7555828052567,20.49293070492665,16.3055991414495,12.97386729062238,10.32291000254028,8.213624244296868,6.535329980586846,5.199962487304351,4.137451352830452,3.292043690475301,2.619378630901414,2.084159585085083,1.658302135040022
"WITCH 6.0","Medium - SSP2","China+ (R10)","Capacity|Electricity|Solar|CSP","GW",1,0.4974000000000011,,0.5916800000000011,0.4772243312208531,0.4412049327222271,0.4757662650250331,0.6281795214754861,1.358350616320558,1.467641916897769,1.495353220523381,1.480064841561998,1.460886187952718,1.445626318960409,1.402956690053574,1.308320834230675,1.14180922145292,1.009321016156956,0.9039041971752401
"WITCH 6.0","Medium - SSP2","China+ (R10)","Capacity|Electricity|Solar|PV","GW",1,272.1139959999992,,1118.777911999998,1702.21619720077,2085.236526424952,2316.910779554021,2435.471914397165,2470.609894651162,2445.290367812591,2377.194423320521,2279.857586643471,2163.570162341984,2036.08828177404,1903.194867043022,1769.14165738286,1636.997032106352,1508.919267150371,1386.370810966531
"WITCH 6.0","Medium - SSP2","China+ (R10)","Capacity|Electricity|Wind|Offshore","GW",1,15.52084,,38.93900000000008,116.6592329586779,109.7384792022748,97.13104934547853,86.76893469312078,78.25217380590291,71.25201927317997,65.49825789594514,60.76896658796323,56.88173616437348,53.6866358032428,51.06043020047665,48.90182637322963,47.12756678057514,45.66921807278288,44.47053161094546
"WITCH 6.0","Medium - SSP2","China+ (R10)","Capacity|Electricity|Wind|Onshore","GW",1,259.2746859999999,,405.1736199999994,600,1070.744626844748,1620.020465866868,2278.698713648544,2842.697514875623,3024.706988670589,2978.754411539753,2940.983793440809,2909.938318286837,2863.804595151183,2807.206701120553,2688.547325194118,2571.251718275048,2402.701992859372,2262.852458216834
"WITCH 6.0","Medium - SSP2","Europe (R10)","Capacity|Electricity|Biomass","GW",1,14.60282,,15.06701591338923,11.98836444035323,9.538775480220272,7.589712351067844,6.038902340389459,4.80497017408444,3.823168031618158,3.041978049483351,2.420409036958265,1.925845555389271,1.532336496261629,1.219233355034408,0.9701067472158221,0.7718843132921871,0.614164776006862,0.488672156684671
"WITCH 6.0","Medium - SSP2","Europe (R10)","Capacity|Electricity|Coal","GW",1,149.9856666666667,,123.9434342138131,106.01443730522,90.67895357614562,77.56181922648285,66.34213965283513,56.74543915562902,48.53694622777495,41.51585015769894,35.51038844158293,30.37364482437946,25.97995517382826,22.22183326159031,19.00734124450593,16.28525827835984,13.92951957238962,11.91454947788075
"WITCH 6.0","Medium - SSP2","Europe (R10)","Capacity|Electricity|Fossil","GW",1,380.0066136666667,,361.135155083897,294.7406461557862,240.8426345699534,197.0424744409608,161.4092482639355,132.3874342840557,108.7229717691137,89.40403269852915,73.6135528628444,60.69116914628951,50.10268342935135,41.41555146599122,34.27919667510396,28.43660726709355,23.5979768804757,19.60744569911129
"WITCH 6.0","Medium - SSP2","Europe (R10)","Capacity|Electricity|Gas","GW",1,203.770567,,211.0185429133892,167.9010104363109,133.5937065829557,106.2964325955787,84.57682529775659,67.29519705202952,53.54473320945998,42.60390904651909,33.89862937487549,26.97210418509847,21.46087961630095,17.07576653065935,13.58666596256897,10.81049519194276,8.60158088945321,6.844015235578711
"WITCH 6.0","Medium - SSP2","Europe (R10)","Capacity|Electricity|Hydro","GW",1,189.687228,,192.299801962349,201.2534192742361,209.0111390208765,215.7326922848869,221.5564755300208,226.6024001778107,230.974361578065,234.7623782092063,238.0444451544836,240.8881400170471,243.3520143396006,245.4867991778958,247.3364496507705,248.9390499739664,250.3275976123297,251.5306826960512
"WITCH 6.0","Medium - SSP2","Europe (R10)","Capacity|Electricity|Nuclear","GW",1,118.8366766666666,,158.7391260624669,135.776769738395,116.136025552632,99.33640678849926,84.96693137805218,72.67606772986737,62.16313493981983,53.17094700155568,50.34709895918003,49.11599858267833,48.35735802846502,48.28969718162021,49.22888529607405,49.49811374237091,49.31211627500212,49.00126772722527
"WITCH 6.0","Medium - SSP2","Europe (R10)","Capacity|Electricity|Oil","GW",1,26.25038,,26.17317795669462,20.82519841425543,16.56997441085205,13.18422261889928,10.49028331334382,8.346798076397116,6.641292331878811,5.284273494311117,4.204535046385995,3.345420136811575,2.661848639222145,2.117951673741556,1.685189468029067,1.340853796790938,1.066876418632866,0.848880985651829
"WITCH 6.0","Medium - SSP2","Europe (R10)","Capacity|Electricity|Solar|CSP","GW",1,2.347180000000002,,2.811416000000002,5.185910863173357,7.804969631698738,11.27875610421134,18.32606024932241,56.77191942217865,53.36613943760256,55.23648437454835,56.42299515693072,56.11489601940282,55.36906278550252,54.76853785213044,54.66011775697515,53.00266433531296,49.98396575232742,45.5766225637241
"WITCH 6.0","Medium - SSP2","Europe (R10)","Capacity|Electricity|Solar|PV","GW",1,160.9028593333334,,498.212359999999,705.4171248250625,724.1002416553915,652.8065037634349,614.4896433954655,573.7649122901678,541.3614874161126,515.579071791226,495.0647910311507,478.7422043028147,465.7548205080796,456.8988819800608,463.1494055504874,462.6121802177763,452.7751350187889,436.4794662942094
"WITCH 6.0","Medium - SSP2","Europe (R10)","Capacity|Electricity|Wind|Offshore","GW",1,24.43447999999999,,32.92710000000007,34.32007823937706,33.68469750956969,33.16262578858991,32.9271,32.9271,32.9271,32.9271,32.9271,32.9271,32.9271,32.9271,32.9271,32.9271,32.9271,32.9271
"WITCH 6.0","Medium - SSP2","Europe (R10)","Capacity|Electricity|Wind|Onshore","GW",1,183.565008,,220.7540799999999,407.6942582830255,630.7117101658149,902.5463459727167,1011.662787948997,1123.173300525569,1243.120357602733,1297.476586972387,1313.386690946672,1302.474022819554,1284.00691737337,1268.879849722523,1214.843393078144,1170.377316792544,1132.932922013253,1102.155585387977
"WITCH 6.0","Medium - SSP2","India+ (R10)","Capacity|Electricity|Biomass","GW",1,0.7810400000000001,,5.737473434018074,4.565132398428676,3.632336437780795,2.89563538591954,2.35721652288679,2.211248638558971,2.703506459880142,3.286610011033908,3.177587172211396,3.044176015591758,3.780463010034504,4.069294470878707,3.826649304928342,3.689059371172126,3.814459929722449,3.856445342633694
"WITCH 6.0","Medium - SSP2","India+ (R10)","Capacity|Electricity|Coal","GW",1,234.94558,,284.3477553176981,331.9578334343352,375.8943492907442,431.9112126152139,497.5057911750075,573.479789854639,586.1706649764087,592.1812393715687,578.9491876866599,541.5089219230043,530.4337456604205,552.8490026321799,546.3145940469167,540.7892822178885,531.0808520130103,505.2849412565897
"WITCH 6.0","Medium - SSP2","India+ (R10)","Capacity|Electricity|Fossil","GW",1,301.1654328,,365.977385410345,434.2071899713632,498.141143462592,581.0967285387519,680.4280506325777,793.0742571931457,841.1217398382548,886.2601886492129,914.9207685413221,917.1626500820914,941.8321339510792,998.644104143477,1018.094597275461,1033.002058970044,1032.668155500632,1006.885061245283
"WITCH 6.0","Medium - SSP2","India+ (R10)","Capacity|Electricity|Gas","GW",1,47.807073,,61.41187317925773,86.1627047781491,109.4471366272432,139.0012192958243,174.8189256425979,213.146892084445,249.8209361305522,289.9970545551683,332.7237418783519,373.0695218693073,409.3422142632986,444.159066629906,470.4782602352405,491.1770196054781,500.7631831563335,500.9443926083691
"WITCH 6.0","Medium - SSP2","India+ (R10)","Capacity|Electricity|Hydro","GW",1,62.207574,,65.31853589726248,65.53478923299492,65.72215850671418,65.88450164290293,66.02516127905591,66.1470335904278,66.25262792214478,66.34411845650197,66.42338897927395,66.4920716667748,66.55158069229127,66.60314134384373,66.64781525280868,66.68652225285847,66.72005931929316,66.74911697872419
"WITCH 6.0","Medium - SSP2","India+ (R10)","Capacity|Electricity|Nuclear","GW",1,7.57302,,12.73406846807899,16.4849723912165,19.26642645893951,22.14413593272543,25.4120444739924,30.69245227240158,33.49376496305588,38.60402258172272,44.19591906579159,50.19799130951532,58.03084242134701,66.70498941173258,76.16010426418492,87.52904322118863,97.9310884865578,112.4199848900194
"WITCH 6.0","Medium - SSP2","India+ (R10)","Capacity|Electricity|Oil","GW",1,18.4127798,,20.21775691338923,16.08665175887903,12.79965754460467,10.18429662771363,8.103333814972213,6.447575254061866,5.130138731293707,4.081894722475661,3.247838976310277,2.584206289779705,2.056174027360095,1.636034881391238,1.301742993303597,1.035757146677719,0.8241203312885961,0.6557273803243711
"WITCH 6.0","Medium - SSP2","India+ (R10)","Capacity|Electricity|Solar|CSP","GW",1,0.437074241473102,,0.514242523659741,0.7823483417357171,1.405207001880834,2.980654677327441,7.465986940532985,27.532355541797,34.36244322783607,40.71568823078671,49.53381177440339,57.95161238148377,66.63628815986709,78.4636786401877,87.0038894480286,97.0571055330113,105.3307990388251,120.0865854347029
"WITCH 6.0","Medium - SSP2","India+ (R10)","Capacity|Electricity|Solar|PV","GW",1,42.98778400000001,,132.2132379999999,223.2041821581818,283.8028423328167,321.3993021321597,341.7556188497618,383.8065045590582,481.0746805038472,580.9847740425258,705.7832137743407,811.342594373551,964.7611560057544,1104.325657357383,1283.139599900158,1415.044276127398,1580.078488286069,1763.339471633022
"WITCH 6.0","Medium - SSP2","India+ (R10)","Capacity|Electricity|Wind|Offshore","GW",1,0.00002,,0.161999999999999,1.200903407097516,1.968320324740974,2.873205583530448,3.966813800991811,5.336819880227948,7.047877835710728,9.198035278464895,11.91459595932754,15.32000115144809,17.26204953527577,17.77146789894699,18.24140988483654,18.44109360326274,18.71843568409745,19.33035850581495
"WITCH 6.0","Medium - SSP2","India+ (R10)","Capacity|Electricity|Wind|Onshore","GW",1,40.22698600000003,,46.88604000000002,114.9606081365956,192.8777029430038,284.952910790841,396.4099141591096,533.6819880227948,704.7877835710727,919.8035278464895,1191.459595932754,1532.000115144809,1726.204953527576,1777.146789894699,1824.140988483654,1844.109360326274,1871.843568409746,1933.035850581495
"WITCH 6.0","Medium - SSP2","Latin America (R10)","Capacity|Electricity|Biomass","GW",1,15.18226,,26.93083398387431,23.54487094492766,22.00322340290665,20.77658153310555,19.80058005693374,19.02400548782662,18.40610881850053,17.91446730826765,17.52328317249994,17.21202990179087,16.96437517945158,16.76732387985485,16.61053617838892,16.48578499237149,16.38652428335384,16.30754556844759
"WITCH 6.0","Medium - SSP2","Latin America (R10)","Capacity|Electricity|Coal","GW",1,17.74932,,21.7420331991777,19.40134482475488,17.37559970417378,16.78719093473427,15.57038848988488,13.34886238251764,12.01669558153135,10.84302499879871,9.752326434350614,8.341606845998456,7.186960803758874,6.440892279265079,5.540463104644829,4.73900922767713,4.053489398960393,3.467133216690944
"WITCH 6.0","Medium - SSP2","Latin America (R10)","Capacity|Electricity|Fossil","GW",1,152.04119,,190.7443543379266,168.3402701863738,149.6708463650183,144.9549795890382,137.4916858771858,122.7321010334968,109.0482063185309,95.62826436814676,82.16648408128137,66.69441920755578,56.29317566258516,49.88069671030783,42.25020053696988,33.94782624746311,27.29405311228422,21.95894003472078
"WITCH 6.0","Medium - SSP2","Latin America (R10)","Capacity|Electricity|Gas","GW",1,100.35158,,130.580097268665,118.3675351798327,107.9705250932646,108.8133505400435,106.5215620325498,97.13013951183984,87.2820939415183,77.02792615636696,66.24190041897211,53.44173577587343,45.19862119581406,40.33065148487933,34.23587938148951,27.24044371629969,21.67438918662901,17.24564957553763
"WITCH 6.0","Medium - SSP2","Latin America (R10)","Capacity|Electricity|Hydro","GW",1,197.629256,,201.1021251676045,219.1968673710613,234.8747698335398,248.4586398251241,260.2281685863773,270.4256901577546,279.2611710260332,286.9165333243424,293.5494006002793,299.2963432772985,304.2756906332697,308.5899671947121,312.3280037119458,315.5667661800387,318.3729405650043,320.8043058646874
"WITCH 6.0","Medium - SSP2","Latin America (R10)","Capacity|Electricity|Nuclear","GW",1,5.074363333333332,,6.408220966757963,7.084204743370629,7.582495359121074,8.549447689495699,9.314901614477606,10.5194608140972,11.12880724311263,11.40728012585597,12.56669004137032,13.89344334267521,15.30734201155264,16.80376143042238,18.23273376328101,19.06552854184958,19.77006681323338,21.42205547027599
"WITCH 6.0","Medium - SSP2","Latin America (R10)","Capacity|Electricity|Oil","GW",1,33.94029,,38.42222387008385,30.57139018178622,24.32472156757997,19.35443811426044,15.39973535475107,12.25309913913933,9.749416795481277,7.757313212981069,6.172257227958639,4.911076585683897,3.90759366301223,3.109152946163432,2.473858050835541,1.968373303486283,1.566174526694811,1.246157242492193
"WITCH 6.0","Medium - SSP2","Latin America (R10)","Capacity|Electricity|Solar|CSP","GW",1,0.256269999999999,,0.291923999999999,0.6455937888467851,1.28060036563161,3.072526560630158,7.271694636646406,44.01401978516741,50.79389594849044,56.90371796876297,61.78797237921893,68.27950571480787,74.79591470220416,78.47448865913641,77.20674259810285,76.24835073348218,74.28537443895746,74.87058526669219
"WITCH 6.0","Medium - SSP2","Latin America (R10)","Capacity|Electricity|Solar|PV","GW",1,26.50736099999996,,116.5694640000001,182.5251153761638,235.8925912957604,304.4768137133545,347.3691007442121,380.0209870302324,400.6532136775726,422.0349148094573,457.6775197617943,489.9099208463166,511.6407635580832,537.4207986742854,562.0037515639467,569.823732683055,569.2388927296226,565.251485276006
"WITCH 6.0","Medium - SSP2","Latin America (R10)","Capacity|Electricity|Wind|Offshore","GW",1,0.00003,,0.242999999999999,50.35238642663243,83.41277824486342,117.9819174365296,164.735416855911,173.7963453794221,203.6874754265704,223.741652126267,228.61886905806,204.0085454617771,173.4640452057495,144.9749153286823,121.458911339112,102.3888465220872,86.68112925535121,73.6505989446988
"WITCH 6.0","Medium - SSP2","Latin America (R10)","Capacity|Electricity|Wind|Onshore","GW",1,33.931598,,49.28125999999999,101.6208620599855,163.2006745431703,237.5030755802123,328.8070644736757,442.4378203215614,585.079962443426,765.1730464059856,932.0053036475013,1093.462360946164,1243.409455719106,1376.30618035306,1508.246528422351,1684.259863049306,1878.807854692294,1968.7477106161
"WITCH 6.0","Medium - SSP2","Middle East (R10)","Capacity|Electricity|Biomass","GW",1,0.08001999999999901,,0.08371139855611501,0.066606603422417,0.052996840286896,0.042167967379785,0.033551763903598,0.026696113922305,0.021241282592486,0.016901039884942,0.013447641306437,0.010699877518643,0.008513565784891,0.006773984304715001,0.005389852444902,0.004288540993163,0.003412261103258,0.00271503195501
"WITCH 6.0","Medium - SSP2","Middle East (R10)","Capacity|Electricity|Coal","GW",1,10.21704,,17.7891206614689,16.62887697450764,14.2234322185151,12.16594628638074,10.40608530832886,8.900796444041509,7.613254647725429,6.511961788533466,5.569976087426586,4.764253019594412,4.07508155842036,3.485601969391504,2.981393357372574,2.55012087709402,2.181233976291477,1.865708289385104
"WITCH 6.0","Medium - SSP2","Middle East (R10)","Capacity|Electricity|Fossil","GW",1,408.8396,,478.8438382803612,408.7676613957858,326.2362877078214,260.4250470388444,207.9382703516925,166.0711237744019,132.6688843807219,106.0149073734497,84.74143123273954,67.75856211245502,54.19772956082715,43.3666623215226,34.71353517745259,27.79841707581494,22.27053222009775,17.85014940779385
"WITCH 6.0","Medium - SSP2","Middle East (R10)","Capacity|Electricity|Gas","GW",1,356.29808,,415.8389796621977,356.1620025435431,283.3872288210482,225.4825637921747,179.4095901421084,142.7507320017281,113.5823980807726,90.37404553290078,71.90786815554502,57.21489474312435,45.52414449814787,36.22217154453996,28.82087573233716,22.93189067799084,18.24620511018313,14.51794819702332
"WITCH 6.0","Medium - SSP2","Middle East (R10)","Capacity|Electricity|Hydro","GW",1,18.929204,,19.34904210814196,21.61949633510998,23.58669539855541,25.29114383413935,26.76793615452422,28.04747944372942,29.15611943755292,30.11668298102508,30.94894803206803,31.67005088871379,32.29483902467005,32.83617679810153,33.30521032815606,33.71159699303057,34.06370427493135,34.36878204613687
"WITCH 6.0","Medium - SSP2","Middle East (R10)","Capacity|Electricity|Nuclear","GW",1,2.26001,,3.968494796501351,4.722110989290253,5.354222539282565,4.949412007178277,4.233456433259192,3.621067178547798,3.198299439203728,3.363415261485702,3.560329867096661,3.695887419082737,3.877112438839701,4.098263774879189,4.324858253405428,4.54854258780258,4.794794663594876,5.110314087160337
"WITCH 6.0","Medium - SSP2","Middle East (R10)","Capacity|Electricity|Oil","GW",1,42.32447999999999,,45.21573795669462,35.97678187773507,28.62562666825808,22.77653696028899,18.12259490125527,14.41959532863227,11.47323165222391,9.128900052015426,7.263586989767938,5.77941434973626,4.598503504258924,3.658888807591137,2.911266087742856,2.316405520730076,1.843093133623145,1.466492921385429
"WITCH 6.0","Medium - SSP2","Middle East (R10)","Capacity|Electricity|Solar|CSP","GW",1,1.038627999999997,,1.241153599999998,10.51832078608714,40.02063256412902,104.1431071846256,216.9272378830312,440.7108889907137,512.262401943074,625.3596058774165,713.1991603171147,780.3374167408904,845.647673015573,902.4366210558882,950.4303187317395,980.6933611033121,1010.013341872831,1039.721618206826
"WITCH 6.0","Medium - SSP2","Middle East (R10)","Capacity|Electricity|Solar|PV","GW",1,9.773837999999984,,37.04120000000002,91.53449353379877,264.530117989872,383.00776338083,460.0240873549864,505.776176073547,528.2050123892046,533.4737193701161,565.7028473241882,614.9798340223102,661.2577570728249,700.821828608643,733.7862518595343,754.1665353049546,773.639093870571,793.3912978164973
"WITCH 6.0","Medium - SSP2","Middle East (R10)","Capacity|Electricity|Wind|Offshore","GW",1,0.00001,,0.080999999999999,0.6966590139809531,1.410259095342305,2.238217993164925,3.226872904498256,4.432738299887017,5.427268191060896,6.222468339700744,6.996223737522174,7.600455970760846,7.793275590619734,8.14097328735728,8.25454824124895,8.493721111545918,8.715990333249323,8.825505479118629
"WITCH 6.0","Medium - SSP2","Middle East (R10)","Capacity|Electricity|Wind|Onshore","GW",1,3.99585,,5.860920000000003,69.6659013980953,141.0259095342305,223.8217993164925,322.6872904498256,443.2738299887017,542.7268191060896,622.2468339700744,699.6223737522174,760.0455970760845,779.3275590619734,814.0973287357278,825.4548241248949,849.3721111545917,871.5990333249323,882.550547911863
"WITCH 6.0","Medium - SSP2","North America (R10)","Capacity|Electricity|Biomass","GW",1,8.45684,,8.921074887868281,7.098226853295382,6.198667966939304,4.932090804150207,3.924314034906138,3.122456835466706,2.484443549275219,1.97679586133099,1.572876098760755,1.251489478730057,0.9957719597913871,0.792305339165106,0.630413162669339,0.50160050175295,0.3991082011889721,0.317558207576814
"WITCH 6.0","Medium - SSP2","North America (R10)","Capacity|Electricity|Coal","GW",1,256.54572,,218.7968296240677,187.1468458486246,160.0751801169436,136.9195573309218,117.1135035800047,100.1724880517582,85.68206957982997,73.28775784913705,62.68634122509727,53.61846905288562,45.86230696176336,39.22810995928297,33.55358055277447,28.69989834024885,24.54832393952992,20.99729417490586
"WITCH 6.0","Medium - SSP2","North America (R10)","Capacity|Electricity|Fossil","GW",1,828.8124700000001,,847.0200705080151,718.9180435660234,605.2649473326775,491.1434597398553,398.9586453103405,324.4280602386611,264.1153799719327,215.2616938677666,176.0666375759729,143.9312790819145,117.7214518969093,96.4042371238629,79.04687887257276,64.89752652266769,53.34967126814128,43.91364669841747
"WITCH 6.0","Medium - SSP2","North America (R10)","Capacity|Electricity|Gas","GW",1,545.07374,,602.0712349705582,510.962845251442,428.6331966114955,341.0503447896265,271.3633442314759,215.9155260139479,171.7973903436007,136.6939370861406,109.1791624427935,86.9700960741005,69.19944952220584,55.05988874723504,43.80947203756401,34.85785903093534,27.73533392912636,22.06815821584055
"WITCH 6.0","Medium - SSP2","North America (R10)","Capacity|Electricity|Hydro","GW",1,165.965164,,167.4547710950658,176.344568449233,184.0469924054698,190.7206355086839,196.5029077546845,201.5128658554954,205.8536646114242,209.6146808635209,212.8733537585071,215.6967792171443,218.1430914360681,220.2626598681472,222.0991263271352,223.6903035705518,225.0689538625704,226.2634635474892
"WITCH 6.0","Medium - SSP2","North America (R10)","Capacity|Electricity|Nuclear","GW",1,111.4993533333333,,123.6148009061205,115.9724012512663,105.9410732469794,92.12508376376536,78.79875992514164,67.4001510995893,61.14305901821759,59.82176831266956,58.51951012381718,57.44403713357026,56.88768771506508,57.08276674668847,58.26132265649916,60.45421663283076,61.26095975443133,61.60972963874111
"WITCH 6.0","Medium - SSP2","North America (R10)","Capacity|Electricity|Oil","GW",1,27.19301,,26.15200591338924,20.80835246595678,16.55657060423842,13.17355761930707,10.48179749885987,8.34004617295508,6.63592004850203,5.279998932488928,4.201133908082178,3.342713954928407,2.65969541294006,2.116238417344898,1.683826282234283,1.339769151483486,1.066013399485013,0.8481943076710711
"WITCH 6.0","Medium - SSP2","North America (R10)","Capacity|Electricity|Solar|CSP","GW",1,1.723359999999997,,2.057632000000002,3.413479558949084,6.25300001714307,13.25466646736865,27.45733212661252,78.82925431792331,86.90598162159692,91.03542790265907,111.9331206265169,137.6255186295589,161.5952682364558,188.0567647979588,204.6709795372032,217.9369191217044,235.0298616023202,248.1210666044249
"WITCH 6.0","Medium - SSP2","North America (R10)","Capacity|Electricity|Solar|PV","GW",1,82.92155600000005,,258.5487219999999,517.9316192062913,693.0936769637885,804.3658882514798,867.6127897718047,895.1763190012551,896.6236884958341,879.3396361308553,848.9951314262547,809.9180348462274,765.3859716757335,717.8575192521439,669.1544963741703,620.6055121276381,573.1588393413452,527.4710149839432
"WITCH 6.0","Medium - SSP2","North America (R10)","Capacity|Electricity|Wind|Offshore","GW",1,0.03411,,0.194299999999999,2.79142503016449,3.794572445366455,5.302227138212816,7.193963083015503,9.11958838136478,9.89143063040377,10.27198524254716,10.36231181536061,10.34719390770635,10.24019059934707,10.14992209001854,9.961461942183373,9.580361818261144,9.267117422911058,8.979396850236327
"WITCH 6.0","Medium - SSP2","North America (R10)","Capacity|Electricity|Wind|Onshore","GW",1,132.0117959999999,,165.0039799999999,260.0727316515498,379.4572445366455,530.2227138212816,719.3963083015501,911.9588381364778,989.1430630403768,1027.198524254716,1036.231181536061,1034.719390770635,1024.019059934707,1014.992209001854,996.1461942183374,958.0361818261146,926.7117422911056,897.9396850236326
"WITCH 6.0","Medium - SSP2","Pacific OECD (R10)","Capacity|Electricity|Biomass","GW",1,2.67744,,3.828678649913832,5.538423658978568,5.081045347665507,4.717123392936458,5.176115452101058,4.79276777175091,4.487749729305116,4.394342967262562,4.435674255684882,4.310706330098455,4.10418816154729,3.939867961556954,3.812899671347832,3.710650773543753,3.630461607026509,3.567221663017108
"WITCH 6.0","Medium - SSP2","Pacific OECD (R10)","Capacity|Electricity|Coal","GW",1,117.15988,,124.6190684276262,106.592337872974,91.17325812642234,77.98462031382884,66.70378058727704,57.05476703906697,48.8015283874795,41.74215927169112,35.70396088476321,30.5392161091492,26.12157579859234,22.34296780123262,19.11095310696451,16.34646444043337,13.98187197712163,11.95932886264158
"WITCH 6.0","Medium - SSP2","Pacific OECD (R10)","Capacity|Electricity|Fossil","GW",1,289.849264,,295.8114416594694,242.8048813195185,199.5534192393802,164.219404759216,135.3181651017256,111.6491374265544,92.24060168235879,76.30530333444176,63.20479911381628,52.43516192902894,43.54351122123173,36.20506977972044,30.14060432541016,25.12242108750966,20.96463267789166,17.51529831019603
"WITCH 6.0","Medium - SSP2","Pacific OECD (R10)","Capacity|Electricity|Gas","GW",1,32.8805,,34.82451731845401,27.70880494670612,22.04704991468034,17.54216433640124,13.95776445357448,11.10576692849716,8.836519593115456,7.030948787440447,5.594311236533056,4.46559128130212,3.553134610705495,2.827120702840508,2.249453607625192,1.789821540967099,1.424106341935997,1.133117926408735
"WITCH 6.0","Medium - SSP2","Pacific OECD (R10)","Capacity|Electricity|Hydro","GW",1,48.427192,,49.47926282548471,53.16708271176322,56.3623357762262,59.13081212832455,61.52951456518958,63.6078322565295,65.40855766529748,66.96876764247956,68.32058683770268,69.49184914425078,70.50667079761098,71.38594692762145,72.14778178820632,72.80786152310763,73.37977714284298,73.87530436296916
"WITCH 6.0","Medium - SSP2","Pacific OECD (R10)","Capacity|Electricity|Nuclear","GW",1,57.29203,,49.00447015245668,41.91574456207989,35.85243662571405,30.66621452519207,26.23020330033005,22.92398768580863,20.33636194160094,17.83404396690709,15.32867059287132,13.11130843370645,11.21469803486617,9.673281818051436,8.935145966519094,8.023210279323838,7.07531852512352,6.115619472545467
"WITCH 6.0","Medium - SSP2","Pacific OECD (R10)","Capacity|Electricity|Oil","GW",1,139.808884,,136.3678559133892,108.5037384998384,86.33311119827742,68.69262010898582,54.65662006087408,43.48860345899025,34.60255370176383,27.5321952753102,21.90652699252002,17.43035453857762,13.8688008119339,11.03498127564732,8.78019761082046,6.986135106109193,5.558654358834033,4.422851521145725
"WITCH 6.0","Medium - SSP2","Pacific OECD (R10)","Capacity|Electricity|Solar|CSP","GW",1,0.105137338718653,,0.11597632811523,0.105209153505417,0.10475791244726,0.10439893930005,0.108341458017785,0.165893048273882,0.174107805483309,0.523,0.523,2.844806902611495,6.033724848513335,9.171999999999981,10.70558739834962,13.40737268510414,14.18692527336551,14.9447699807522
"WITCH 6.0","Medium - SSP2","Pacific OECD (R10)","Capacity|Electricity|Solar|PV","GW",1,105.6819440000001,,262.7952100000002,361.4682052488253,421.876904614219,432.9010313670049,433.7725507341225,436.5318618373999,442.3092529886741,440.0000263645703,436.0626997766948,431.0403570760589,423.2154108313161,408.9647482963333,390.4037987169381,369.1354986246079,346.5517323090883,324.3238909224118
"WITCH 6.0","Medium - SSP2","Pacific OECD (R10)","Capacity|Electricity|Wind|Offshore","GW",1,0.197209999999999,,0.481767306678452,6.910439244597436,7.020963003498645,7.157751159778011,7.346902619025577,7.503415729852899,7.571796532467794,7.625300325774042,7.677592604252441,7.710250842151097,7.71889417437687,7.729085412536259,7.736230695188935,7.73052583070346,7.72498000770265,7.703706344548374
"WITCH 6.0","Medium - SSP2","Pacific OECD (R10)","Capacity|Electricity|Wind|Onshore","GW",1,15.7422,,21.30223999999999,35.0192730537278,54.00669016406383,79.03370446455537,100.9959929082688,122.9806516981154,130.1649591225633,135.3370373781912,140.4190528607835,142.2960239373368,142.9515482088491,143.4640278910381,143.7107312547997,141.4574471818126,139.5196931315969,136.2554318841669
"WITCH 6.0","Medium - SSP2","Reforming Economies (R10)","Capacity|Electricity|Biomass","GW",1,0.26642,,1.213216309257044,1.257799533283126,1.303562706396012,1.312110869424612,1.217704946843897,0.9688906394937101,1.220332000303791,0.970980905705847,1.37555700524542,1.850240270958227,1.868451718996576,1.878257740437599,1.860403210805014,1.857877873840747,1.788282642470102,1.701373507939848
"WITCH 6.0","Medium - SSP2","Reforming Economies (R10)","Capacity|Electricity|Coal","GW",1,101.15094,,124.4500321645558,119.678978691921,113.4798030539573,97.92181192947665,83.75696427535408,71.64112802237887,61.27790409697462,52.41376893653962,44.83187234644011,38.34673252597041,32.79969848359636,28.0550688350365,23.99677203533657,20.52552683088657,17.55641346532196,15.01679622184026
"WITCH 6.0","Medium - SSP2","Reforming Economies (R10)","Capacity|Electricity|Fossil","GW",1,290.57217,,320.5198960346397,275.6857817215906,237.6096520330162,201.4996248295678,168.8509476497795,139.3478119628551,128.0268114636307,105.5238361261381,87.08993091494206,71.97017923719348,59.55284822685337,49.34173308847341,40.93392072201618,34.00189880816225,28.27915110136409,23.54855110403502
"WITCH 6.0","Medium - SSP2","Reforming Economies (R10)","Capacity|Electricity|Gas","GW",1,188.23522,,194.8838559133892,155.0631327172636,123.3789993296196,102.9803847637479,84.6186280508116,67.32845822604791,66.44796471607782,52.87061631282786,42.06753481829225,33.47185278146377,26.63253108277728,21.19069166878905,16.86078623192049,13.41561270400785,10.67439333779138,8.49328880043214
"WITCH 6.0","Medium - SSP2","Reforming Economies (R10)","Capacity|Electricity|Hydro","GW",1,105.423182,,123.4187754748883,123.5601366774018,123.6582293028188,123.7432201027033,123.8168590336046,123.8806623176266,123.9359436613692,123.983841305085,124.0253414589925,124.0612986092974,124.0924531120238,124.1194464369089,124.1428343752353,124.1630984835468,124.180655998875,124.19586842963
"WITCH 6.0","Medium - SSP2","Reforming Economies (R10)","Capacity|Electricity|Nuclear","GW",1,42.69434333333334,,59.35240927451038,67.69584721329771,70.09084314316284,74.65641682190777,79.10857305802381,76.52374374001667,78.74628530013345,78.54510532537886,79.51543957467155,82.52525098227102,85.83207597838839,90.12000567363707,94.60819980861726,99.82945909975857,105.6831439716869,109.8980240350244
"WITCH 6.0","Medium - SSP2","Reforming Economies (R10)","Capacity|Electricity|Oil","GW",1,1.18601,,1.186007956694616,0.9436703124059691,0.7508496494393061,0.597428136343226,0.4753553236138151,0.378225714428316,0.300942650578223,0.239450876770599,0.190523750209694,0.151593929759303,0.120618660479733,0.09597258464785101,0.076362454759118,0.06075927326782501,0.048344298250751,0.03846608176262
"WITCH 6.0","Medium - SSP2","Reforming Economies (R10)","Capacity|Electricity|Solar|CSP","GW",1,0.05199999999999901,,0.057199999999999,0.052,0.052,0.06612376674824,0.148434532483782,9.809999999999988,9.810512601144534,9.809999999999988,9.809999999999988,9.809999999999988,9.809999999999988,9.809999999999988,11.56799999999999,11.56799999999999,11.56799999999999,11.46583513082084
"WITCH 6.0","Medium - SSP2","Reforming Economies (R10)","Capacity|Electricity|Solar|PV","GW",1,15.90446400000003,,43.70933600000003,84.6809542112848,134.0912219958737,221.9667185497219,293.2393477791141,338.2861624072395,375.4732540060725,394.4310395624846,399.9474077536268,429.4482133856135,454.8567834827086,478.3394160132976,489.770713370528,499.8540432097489,509.5136125071924,524.5160482389742
"WITCH 6.0","Medium - SSP2","Reforming Economies (R10)","Capacity|Electricity|Wind|Offshore","GW",1,0.00001,,0.080999999999999,0.7788267913451901,1.455404680636373,19.72949895756589,25.95001698773437,88.96506365896778,73.12997701662682,60.11792392032374,49.42483254209768,40.63673827097897,33.41391796749628,27.47749305583015,22.59823991262007,18.58792674280634,15.29165879352369,12.58229871782265
"WITCH 6.0","Medium - SSP2","Reforming Economies (R10)","Capacity|Electricity|Wind|Onshore","GW",1,12.45083600000001,,17.94337999999999,77.88267913451907,145.5404680636373,224.6234957954294,319.5823149937742,435.8666897462746,580.2426814648094,761.1900356736055,917.8064892716839,984.1202667307763,1032.641859499907,1077.379237126471,1101.70631956179,1115.989127402128,1128.148554989411,1150.906981167741
"WITCH 6.0","Medium - SSP2","Rest of Asia (R10)","Capacity|Electricity|Biomass","GW",1,4.86944,,7.448806863275703,7.093231071153683,11.29042849428176,11.09515271087573,10.34534727434762,9.416594018754704,9.088418069348863,8.416493834891625,7.881864240997028,7.60333566002341,7.4732828119164,7.131380034131819,6.859338434998164,6.642883242271342,6.470656455604844,6.490079799592443
"WITCH 6.0","Medium - SSP2","Rest of Asia (R10)","Capacity|Electricity|Coal","GW",1,90.54436,,118.5528702811972,121.4511116756766,119.1539903828285,129.5042417833985,135.6617127817406,127.8185121662069,124.1541412989614,118.6968280892723,114.6190762811394,114.7910980117631,104.9165208544821,96.90016213927784,90.71468413443787,85.24488278375051,74.69247809437809,64.61632491465764
"WITCH 6.0","Medium - SSP2","Rest of Asia (R10)","Capacity|Electricity|Fossil","GW",1,193.1967,,238.3043887413236,242.5755663836576,238.052256040238,251.4200091807653,258.6702724243569,231.5105374876761,218.4734933605095,206.7197006883394,196.5146573429379,188.0911050267038,166.5985172995823,149.5981077209621,136.2807504897996,124.1773110968307,106.3716985680215,90.41216513219769
"WITCH 6.0","Medium - SSP2","Rest of Asia (R10)","Capacity|Electricity|Gas","GW",1,93.824996,,110.3535825467371,113.6468040992315,112.948527423201,117.1817423796451,119.2418405053675,100.6949619333788,91.93468024904031,86.12546206181679,80.3858694411114,72.09877558247432,60.72621327792266,51.93745810360994,44.96096969309706,38.45097137757489,31.29613989296626,25.49103469814724
"WITCH 6.0","Medium - SSP2","Rest of Asia (R10)","Capacity|Electricity|Hydro","GW",1,50.545122,,55.39203502884352,57.67326768394885,59.2320705668137,60.2207307589797,60.76374266314527,60.96251553220669,60.89931928489098,60.64058810423281,60.23968298275267,59.73919881116896,59.17288839415163,58.56726456596387,57.94293207159104,57.3156928200813,56.69746128902379,56.09702107727578
"WITCH 6.0","Medium - SSP2","Rest of Asia (R10)","Capacity|Electricity|Nuclear","GW",1,0.00004,,0.0001173439048254135,0.0001356615502246459,0.0001479034472022629,0.000152713660144471,0.0001591797180218447,0.0001654499442748776,0.0001672737795159137,0.0001768027927386309,0.0001875812248919809,0.0001932184564340532,0.000199941676555225,0.0002101313869009031,0.0002251924290989898,0.0002414649375419425,0.0002598539977377048,0.0002809658295834093
"WITCH 6.0","Medium - SSP2","Rest of Asia (R10)","Capacity|Electricity|Oil","GW",1,8.827343999999998,,9.397935913389231,7.477650608749543,5.949738234208427,4.734025017721615,3.766719137248864,2.997063388090266,2.38467181250781,1.89741053725021,1.50971162068715,1.201231432466351,0.955783167177582,0.7604874780743791,0.6050966622646891,0.481456935505331,0.383080580677186,0.304805519392803
"WITCH 6.0","Medium - SSP2","Rest of Asia (R10)","Capacity|Electricity|Solar|CSP","GW",1,0.107302594932018,,0.118534115302015,0.10724430665932,0.114377221661584,0.141687374190843,0.250333747758181,1.894214594519534,1.990122884958464,2.257115758025007,2.474682936868526,2.680999999999998,2.680999999999998,2.763300246204895,2.835585244689545,2.939210766129187,3.026819474868612,3.097077668801239
"WITCH 6.0","Medium - SSP2","Rest of Asia (R10)","Capacity|Electricity|Solar|PV","GW",1,17.48862847536099,,46.39906599999999,109.6829436163193,181.5771300633274,266.7554850735347,334.9077619553026,416.2560380294378,480.8298017743269,550.6880954593992,613.5894830231002,646.0963035380739,682.049958301229,719.9965397406071,754.9905537332952,780.0140351702098,806.1666967223892,829.0133748947909
"WITCH 6.0","Medium - SSP2","Rest of Asia (R10)","Capacity|Electricity|Wind|Offshore","GW",1,0.457129999999999,,1.264999999999993,8.08230542063251,29.61780080916634,34.55,44.9155392260479,130.2290052641988,159.4755084376091,166.1307882900971,160.7733402446213,147.191307471724,142.8407539810081,133.9728090237418,123.0522586897422,106.8989578778687,108.7166501092895,120.5046620403449
"WITCH 6.0","Medium - SSP2","Rest of Asia (R10)","Capacity|Electricity|Wind|Onshore","GW",1,3.619404000000002,,6.95414,17.16340031676962,29.3598207439093,44.24081823512393,62.6700700125936,85.72815292321229,114.7763358254953,151.5373081121822,198.1976460893935,257.5381237492135,333.0996436815847,409.0806514489195,460.8250406140944,512.9232272962371,541.3082051815838,557.3568810118406
"WITCH 6.0","Medium - SSP2","World","Capacity|Electricity|Biomass","GW",1,59.12394999999999,,88.27033738897047,76.3018248654517,71.2210494559745,63.04045888837145,56.62308415943697,50.52791696972244,47.1499356282613,43.95348572951609,41.55653068929164,39.74115645565598,38.75504962109665,37.42956537532763,35.87571469362683,34.70761972400766,33.98041308644002,33.60251237189946
"WITCH 6.0","Medium - SSP2","World","Capacity|Electricity|Coal","GW",1,2094.935726666666,,2255.650217743834,2060.065791708014,1888.297535596638,1766.896508440581,1679.784027725949,1613.828341106258,1512.67804542616,1422.306714604762,1330.875596373984,1233.868728742272,1166.675063032118,1146.090503100728,1109.081355485469,1082.842592694239,1048.955639994917,1003.953130429887
"WITCH 6.0","Medium - SSP2","World","Capacity|Electricity|Fossil","GW",1,4113.077070466666,,4589.111900181714,4142.612391497591,3717.101788874648,3436.288337268825,3262.213800229564,3139.444102903067,3060.510234696886,3027.645529880511,3039.61210195784,3071.793511244537,3162.72056586439,3326.889804977961,3482.993098771883,3648.211389563224,3796.456651009947,3897.93427363634
"WITCH 6.0","Medium - SSP2","World","Capacity|Electricity|Gas","GW",1,1665.914916,,1970.789856174072,1793.979703033644,1599.200385888602,1486.703043271664,1437.069884851835,1409.957338244621,1455.806313668629,1532.116636378323,1650.475853920309,1791.568561158236,1959.161273151725,2151.451646704244,2350.560710294476,2546.789093019512,2732.717708055658,2882.218520499483
"WITCH 6.0","Medium - SSP2","World","Capacity|Electricity|Hydro","GW",1,1212.46141,,1279.111065116725,1367.534588056476,1443.638490309212,1509.157402129359,1565.561228854209,1614.11605200514,1655.912354219583,1691.889340592438,1722.855895671516,1749.508640941771,1772.447493480269,1792.189071155875,1809.178242065938,1823.798074796573,1836.378410657158,1847.203248492422
"WITCH 6.0","Medium - SSP2","World","Capacity|Electricity|Nuclear","GW",1,396.2352099999999,,496.3899980635944,503.1839065170902,457.6015715248562,415.9880861319653,379.8074723896852,345.9907556970685,323.1970500571497,309.8725213128552,309.0019074237154,312.559754807568,321.2254297508108,332.7597623277962,347.5189205805019,363.7116238283174,377.0990782953652,393.1175533043485
"WITCH 6.0","Medium - SSP2","World","Capacity|Electricity|Oil","GW",1,352.2264278,,362.6718262638084,288.5668967559342,229.6038673894081,182.688785556581,145.3598876517795,115.6584235521883,92.02587560209659,73.22217889742561,58.26065166354636,46.35622134402813,36.88422968054602,29.34765517298861,23.35103299193788,18.57970384947263,14.78330295937198,11.76262270696955
"WITCH 6.0","Medium - SSP2","World","Capacity|Electricity|Solar|CSP","GW",1,7.12235217512377,,8.45895856707699,21.94359041948142,58.39747035173466,137.8720085867482,288.4787404392553,701.6636576947412,808.9935639356431,956.4623787829322,1100.421155719452,1222.602112032317,1343.34948301269,1458.58166200872,1546.17179438694,1611.397338963132,1672.934279393981,1738.853707943753
"WITCH 6.0","Medium - SSP2","World","Capacity|Electricity|Solar|PV","GW",1,741.1580054753606,,2529.372627999998,4001.86859797642,5058.560548403419,5758.677185561339,6197.529734246206,6478.30694085975,6690.091824744362,6823.518623062903,6991.231472397094,7148.349208025861,7341.146541083246,7546.819630466098,7822.074734140429,8056.030492194917,8294.031336990256,8704.488362624033
"WITCH 6.0","Medium - SSP2","World","Capacity|Electricity|Wind|Offshore","GW",1,40.64386000000003,,74.5361673066786,221.9721455015634,272.6234175178195,320.5780602382727,377.4439025880652,531.0963837908195,571.1211102674382,582.6692315748433,570.6866073006615,524.0243997751222,480.9305393634841,436.0246260829705,395.2127597647559,354.5534135531211,336.4386361164622,332.0823547647454
"WITCH 6.0","Medium - SSP2","World","Capacity|Electricity|Wind|Onshore","GW",1,688.2376789999996,,943.8236099999993,1695.766465947873,2827.046130837321,4175.644654192959,5580.470742915488,6995.212125337849,7985.814643228036,8752.289327725724,9492.389602623529,10156.70127288164,10587.83324279505,10870.5959538329,10971.69861361161,11085.50767990509,11166.20921064874,11202.62075892317
"WITCH 6.0","High - SSP5","Africa (R10)","Capacity|Electricity|Biomass","GW",1,0.5840500000000001,,0.6290100354286341,0.5004840762567231,0.398219895515427,0.360815556926289,0.308628591843872,0.312994676466607,0.382957458253385,0.434143882030914,0.478064337555878,0.490404097253438,0.6247777624332891,0.656692380760298,0.559221831569654,0.468257659852962,0.5548532293114621,1.237548294718975
"WITCH 6.0","High - SSP5","Africa (R10)","Capacity|Electricity|Coal","GW",1,47.37638,,56.4910396404163,61.51321670182273,60.22491368634311,56.59096842467632,62.5855596196978,71.99118886972114,89.25253469010003,117.5517908387232,148.7198198528649,174.1867547385388,197.1681776480552,218.4258991356871,241.4121950358789,266.3022819901907,293.0323085289352,320.8344468597376
"WITCH 6.0","High - SSP5","Africa (R10)","Capacity|Electricity|Fossil","GW",1,75.64196000000001,,150.9533996085401,201.9025124419113,236.8943012760719,269.5794469475136,375.6505151471532,505.8288760990943,671.9885793614529,875.1364889968758,1109.993721573638,1353.994878100289,1616.382439528085,1896.788175350982,2205.780925807958,2538.326097052071,2884.315895146516,3248.953965202299
"WITCH 6.0","High - SSP5","Africa (R10)","Capacity|Electricity|Gas","GW",1,20.17764,,86.05294405473462,133.698180307561,171.3454713757473,208.752400975033,309.6944379855215,431.1558693513288,580.6022040841083,755.8868663668704,959.922988813446,1178.733243216052,1418.359012573172,1677.681780459739,1963.827281080605,2271.59300007736,2590.940800290781,2927.846773730457
"WITCH 6.0","High - SSP5","Africa (R10)","Capacity|Electricity|Hydro","GW",1,29.36673,,32.59239266335994,40.10615057019175,46.61632696648665,52.25696607629075,57.14420839205341,61.37868200187288,65.04757451707027,68.22642826098232,70.98069568182554,73.36708701550883,75.43473794670821,77.22622131029014,78.77842366396752,80.123304780778,81.28855569929931,82.29816888082341
"WITCH 6.0","High - SSP5","Africa (R10)","Capacity|Electricity|Nuclear","GW",1,1.860029999999999,,1.715504868863742,1.467349073555735,1.255097373375663,1.073580047392008,0.9183168629357651,0.94387311775416,1.254555774396681,1.928673213112949,2.383339213776117,2.698956699256133,2.980248849058239,3.295552705957521,3.574035696002204,3.824105268189617,4.07304639876571,4.305602727748687
"WITCH 6.0","High - SSP5","Africa (R10)","Capacity|Electricity|Oil","GW",1,8.087940000000001,,8.409415913389234,6.691115432527496,5.323916213981576,4.236077547804201,3.37051754193383,2.681817878044373,2.133840587244633,1.697831791282131,1.350912907327605,1.074880145698169,0.8552493068570071,0.680495755556346,0.5414496914729751,0.430814984520362,0.342786326800491,0.27274461210348
"WITCH 6.0","High - SSP5","Africa (R10)","Capacity|Electricity|Solar|CSP","GW",1,0.557999999999999,,0.6592,0.9235081834948271,1.332038988170515,1.863982279518248,2.499345236141108,3.523308632832442,4.869560352817157,6.485668408182126,8.33025321338755,10.37073772952397,12.58155775921771,14.94273851105585,17.43876044615946,20.05765905508378,22.79030815104211,25.62984985300429
"WITCH 6.0","High - SSP5","Africa (R10)","Capacity|Electricity|Solar|PV","GW",1,6.875574666666668,,15.10611999999997,50.51512081278358,68.4770261036809,83.78351379732672,102.78315955685,119.3053960539345,133.8919065815523,146.9745877296026,158.8980047795054,169.9372593470758,180.3122067058744,190.198768677577,199.7379355688774,209.0429293688315,218.2049039332196,227.2974811104995
"WITCH 6.0","High - SSP5","Africa (R10)","Capacity|Electricity|Wind|Offshore","GW",1,0.00002,,0.161999999999999,0.166425973055383,0.211494848369332,0.251982248089258,0.288790857745756,0.322664833125043,0.354218082282953,0.388596060213687,0.558831007982176,5.175774304367924,12.09667096164235,20.093797987549,26.97747998402075,31.54163145785922,35.56908180388945,37.13282560386027
"WITCH 6.0","High - SSP5","Africa (R10)","Capacity|Electricity|Wind|Onshore","GW",1,3.419314999999999,,4.663950000000002,10.23932718836609,15.47656091730168,20.45238697081201,25.23029552184847,29.86290008246977,34.39388492292611,38.85960602136875,43.29040724012366,47.71170244114635,52.14486522200824,56.60796053573548,61.11634635035384,65.68316849704375,70.3197677390785,75.03601469218106
"WITCH 6.0","High - SSP5","China+ (R10)","Capacity|Electricity|Biomass","GW",1,11.62362,,18.41051591338923,14.64868528535223,11.6555115347548,9.273934588016894,7.378986540947678,5.871234248497137,4.671561793673987,3.717019057398482,2.957518552312163,2.353207194313538,1.872375101430811,1.489791688946764,1.18538175110254,0.943172059739645,0.7504532050085301,0.59711269761642
"WITCH 6.0","High - SSP5","China+ (R10)","Capacity|Electricity|Coal","GW",1,1069.260839999999,,1164.918034213813,1069.260831948468,914.58725627997,787.608774808163,706.5708576170605,604.3620814743509,516.938282390874,442.160744349359,378.2001265979961,323.4917110726717,276.6971234886926,236.6715916554582,202.4359400289066,173.1526353828109,148.1052975856532,126.6811742393638
"WITCH 6.0","High - SSP5","China+ (R10)","Capacity|Electricity|Fossil","GW",1,1192.951669999999,,1339.801970517197,1226.643831830062,1058.045295500613,901.7539556430248,797.3926922009285,681.7340312210913,587.6793749233219,498.447271360597,422.9855972427085,359.1261423899198,305.0503522707953,259.2313899363176,220.3860825817832,187.4350156442499,159.4693513992343,135.7232048192831
"WITCH 6.0","High - SSP5","China+ (R10)","Capacity|Electricity|Gas","GW",1,77.49552,,123.7542283466895,116.7006526777938,111.0883379226746,88.38959802960495,70.3289038789414,61.06635060529093,57.76722524182559,45.96361700869778,36.57184640041552,29.09910133666131,23.15326629479837,18.42234692802898,14.65809886240131,11.66300163053756,9.27989422849601,7.383728444879273
"WITCH 6.0","High - SSP5","China+ (R10)","Capacity|Electricity|Hydro","GW",1,344.280758,,372.7043228937254,405.2003048492817,433.355933141369,457.7509308246637,478.8875897474982,497.2011127172572,513.0685743055959,526.8166847960331,538.7285171332339,549.0493353815511,557.9916447005075,565.7395668159786,572.4526310778189,578.2690591616284,583.308611046516,587.6750508674037
"WITCH 6.0","High - SSP5","China+ (R10)","Capacity|Electricity|Nuclear","GW",1,49.14534333333334,,80.85278522393307,70.17924079323176,64.44873089369833,64.38610354604275,70.39646884145407,75.64795044130683,75.679608449903,69.84796827266224,61.1266198402037,52.28436865441545,44.72119041977293,38.25206125717826,32.71872185620472,27.98580585517595,23.93752826915747,20.47485295231318
"WITCH 6.0","High - SSP5","China+ (R10)","Capacity|Electricity|Oil","GW",1,46.19531,,51.12970795669461,40.68234720380018,32.36970129796812,25.7555828052567,20.49293070492665,16.3055991414495,12.97386729062238,10.32291000254028,8.213624244296868,6.535329980586846,5.199962487304351,4.137451352830452,3.292043690475301,2.619378630901414,2.084159585085083,1.658302135040022
"WITCH 6.0","High - SSP5","China+ (R10)","Capacity|Electricity|Solar|CSP","GW",1,0.4974000000000011,,0.5916800000000011,0.4772243312208531,0.393619298651639,0.367572182806771,0.39353099756832,0.476673270602297,0.606657442946959,0.677885752168183,0.8350221992063671,1.010271017925533,1.908274182341634,1.80098749198572,1.533197244182614,1.320328652418579,1.059742862286116,0.852402706939946
"WITCH 6.0","High - SSP5","China+ (R10)","Capacity|Electricity|Solar|PV","GW",1,272.1139959999992,,1118.777911999998,1666.142108710151,1837.835708059104,1800.320994394789,1662.958440859309,1562.258569312432,1490.94711674303,1443.241654813248,1414.546900868488,1401.212289707329,1305.403174514774,1229.170787409145,1168.515005001149,1120.253051267122,1038.764326019753,923.8063725064603
"WITCH 6.0","High - SSP5","China+ (R10)","Capacity|Electricity|Wind|Offshore","GW",1,15.52084,,38.93900000000008,77.79721661892444,77.79700000000004,77.79700000000004,77.79700000000004,116.655,116.6561908796247,109.7368690210052,104.0495478796118,92.45593520424315,82.9265911700376,75.0941461817365,68.65628552409368,63.36470034104283,59.01529372315127,55.44030867173394
"WITCH 6.0","High - SSP5","China+ (R10)","Capacity|Electricity|Wind|Onshore","GW",1,259.2746859999999,,405.1736199999994,600,867.4277251427683,1099.464834219584,1302.721414386402,1482.638407301979,1643.695974928851,1789.58477032,1923.346718351654,2047.490735356523,2164.08784997436,2274.849393014417,2253.386672775242,2175.676784995328,2076.249595864805,1922.813503342863
"WITCH 6.0","High - SSP5","Europe (R10)","Capacity|Electricity|Biomass","GW",1,14.60282,,15.06701591338923,11.98836444035323,9.538775480220272,7.589712351067844,6.038902340389459,4.80497017408444,3.823168031618158,3.041978049483351,2.420409036958265,1.925845555389271,1.532336496261629,1.219233355034408,0.9701067472158221,0.7718843132921871,0.614164776006862,0.488672156684671
"WITCH 6.0","High - SSP5","Europe (R10)","Capacity|Electricity|Coal","GW",1,149.9856666666667,,123.9434342138131,149.9856586151355,128.2895322595825,109.7318519606887,93.85862683136497,80.28153788769913,68.66843830129727,58.73522783451267,50.23890267658729,42.97161065347131,36.75556637932056,31.43870195508964,26.89094681389666,23.00104570413894,19.67383696621971,16.82792451926407
"WITCH 6.0","High - SSP5","Europe (R10)","Capacity|Electricity|Fossil","GW",1,380.0066136666667,,361.135155083897,374.5814203602899,306.9935210943554,251.9211585500756,206.994315856548,171.3183038082148,143.5224252872109,120.6387111950384,100.1540471365655,82.68756677370953,68.3563398040956,56.58247233344151,46.89707705448224,38.91931258219926,32.33951580335476,26.9056183809339
"WITCH 6.0","High - SSP5","Europe (R10)","Capacity|Electricity|Gas","GW",1,203.770567,,211.0185429133892,203.7705633308989,162.1340144239209,129.0050839704876,102.6454057118392,82.6899678441185,68.21269465403482,56.61920986621458,45.71060941359224,36.37053598342665,28.9389247855529,23.02581870461032,18.32094077255651,14.57741308126938,11.59880241850218,9.228812876017999
"WITCH 6.0","High - SSP5","Europe (R10)","Capacity|Electricity|Hydro","GW",1,189.687228,,192.299801962349,201.2534192742361,209.0111390208765,215.7326922848869,221.5564755300208,226.6024001778107,230.974361578065,234.7623782092063,238.0444451544836,240.8881400170471,243.3520143396007,245.4867991778958,247.3364496507706,248.9390499739665,250.3275976123298,251.5306826960512
"WITCH 6.0","High - SSP5","Europe (R10)","Capacity|Electricity|Nuclear","GW",1,118.8366766666666,,158.7391260624669,135.776769738395,116.136025552632,99.33640678849926,90.66786923944517,91.58186763884521,88.82775204301329,87.98952540695582,89.05248540229832,89.53767355937333,91.3560562164374,94.31381304596236,95.83212973338193,95.79739311064483,95.40064883838623,93.54255668774107
"WITCH 6.0","High - SSP5","Europe (R10)","Capacity|Electricity|Oil","GW",1,26.25038,,26.17317795669462,20.82519841425543,16.56997441085205,13.18422261889928,10.49028331334382,8.346798076397116,6.641292331878811,5.284273494311117,4.204535046385995,3.345420136811575,2.661848639222145,2.117951673741556,1.685189468029067,1.340853796790938,1.066876418632866,0.848880985651829
"WITCH 6.0","High - SSP5","Europe (R10)","Capacity|Electricity|Solar|CSP","GW",1,2.347180000000002,,2.811416000000002,4.518862476128795,5.801174541739084,7.41546508582952,11.35737407857627,14.9512369890266,19.53441329352051,24.74599837224146,35.97994471966897,52.18466181818028,72.52795035851116,92.31360907037525,95.99631645394592,97.0419175146696,96.78088209668357,93.7133754529645
"WITCH 6.0","High - SSP5","Europe (R10)","Capacity|Electricity|Solar|PV","GW",1,160.9028593333334,,498.212359999999,638.3997154530556,669.209921520724,638.8988674754984,578.5962633022378,538.6998780264689,515.7883311696712,506.6141405329433,495.0647910311507,488.2246071887017,492.0185916765407,504.5070926038305,524.1526776316774,539.3500590417291,540.7400297924542,531.4573201191306
"WITCH 6.0","High - SSP5","Europe (R10)","Capacity|Electricity|Wind|Offshore","GW",1,24.43447999999999,,32.92710000000007,32.9271,32.9271,32.9271,32.9271,32.9271,32.9271,32.9271,32.9271,32.9271,32.9271,32.9271,32.9271,32.9271,32.9271,32.9271
"WITCH 6.0","High - SSP5","Europe (R10)","Capacity|Electricity|Wind|Onshore","GW",1,183.565008,,220.7540799999999,364.5426115631452,494.2075775978777,612.5535520584177,721.8930671022299,824.1344070419602,920.8537750546341,1013.354615231608,1102.716377110134,1189.834602600548,1275.453880503915,1360.194938686686,1444.576917856725,1529.035684999561,1613.938891763321,1699.598357505506
"WITCH 6.0","High - SSP5","India+ (R10)","Capacity|Electricity|Biomass","GW",1,0.7810400000000001,,5.737473434018074,4.581037973393772,3.689528222717146,3.254995595744793,3.844279331157855,5.139250134630918,5.763521705130579,6.579330098680117,6.399346919154185,6.118132395576175,5.823673997171755,5.349450016128918,4.755435587082581,4.288633924493086,3.964675288396718,4.050313487806174
"WITCH 6.0","High - SSP5","India+ (R10)","Capacity|Electricity|Coal","GW",1,234.94558,,284.3477553176981,327.8828180161963,391.6409923384686,493.6398714187868,622.4291223787218,759.972099885079,877.274150790671,974.866685680886,1089.138236163867,1191.034851415603,1282.831522473934,1349.468885780529,1371.685280644845,1383.435242279824,1375.858617748881,1343.334726912019
"WITCH 6.0","High - SSP5","India+ (R10)","Capacity|Electricity|Fossil","GW",1,301.1654328,,365.977385410345,419.8553469723596,503.2675889442793,639.7225836387082,816.5613406089107,1009.345747410528,1182.413423748144,1337.822863751758,1521.245018035462,1692.6179070595,1855.649369192913,1993.050512793261,2081.966739427282,2159.681881246609,2218.560509684689,2243.270252504995
"WITCH 6.0","High - SSP5","India+ (R10)","Capacity|Electricity|Gas","GW",1,47.807073,,61.41187317925773,75.88587719728423,98.82693906120605,135.8984155922078,186.0288844152165,242.9260722713868,300.009134226179,358.8742833483961,428.8589428952848,498.9988493541172,570.761672691618,641.9455921313398,708.9797157891338,775.2108818201073,841.8777716045191,899.2797982126517
"WITCH 6.0","High - SSP5","India+ (R10)","Capacity|Electricity|Hydro","GW",1,62.207574,,65.31853589726248,65.53478923299492,65.72215850671418,65.88450164290293,66.02516127905591,66.1470335904278,66.25262792214478,66.34411845650197,66.42338897927395,66.4920716667748,66.55158069229127,66.60314134384373,66.64781525280868,66.68652225285847,66.72005931929316,66.74911697872419
"WITCH 6.0","High - SSP5","India+ (R10)","Capacity|Electricity|Nuclear","GW",1,7.57302,,12.73406846807899,13.66915614090767,16.66552525359663,21.37827202664173,26.73514105047549,31.98072880937135,36.5830908520572,41.16303972499352,47.22478679670906,53.99527790282671,61.85569524922126,70.94823518057017,80.38185640959412,91.36293896703987,100.0280877269675,114.8423284136702
"WITCH 6.0","High - SSP5","India+ (R10)","Capacity|Electricity|Oil","GW",1,18.4127798,,20.21775691338923,16.08665175887903,12.79965754460467,10.18429662771363,8.103333814972213,6.447575254061866,5.130138731293707,4.081894722475661,3.247838976310277,2.584206289779705,2.056174027360095,1.636034881391238,1.301742993303597,1.035757146677719,0.8241203312885961,0.6557273803243711
"WITCH 6.0","High - SSP5","India+ (R10)","Capacity|Electricity|Solar|CSP","GW",1,0.437074241473102,,0.514242523659741,0.76057198971741,1.071428850687194,2.030201165932085,3.522464529174227,5.457628605821363,7.764078496113539,10.38530921820583,13.27685038403383,16.55394745890883,20.1624747197149,24.05999015118674,28.21336052327986,32.59687714508911,37.19075532940143,41.97994087973229
"WITCH 6.0","High - SSP5","India+ (R10)","Capacity|Electricity|Solar|PV","GW",1,42.98778400000001,,132.2132379999999,200.4617766700423,250.9063513746467,294.2015064304224,331.8878299590604,365.193133276349,395.0964127860649,422.3787425944711,447.6637695258284,471.4499351191722,494.1361150707859,516.0420211741935,537.424435975175,558.4901316821317,579.4061508773326,600.3079881322924
"WITCH 6.0","High - SSP5","India+ (R10)","Capacity|Electricity|Wind|Offshore","GW",1,0.00002,,0.161999999999999,1.054364860444589,1.508852807733617,1.905270345470424,2.254534086183669,2.565631486241296,2.845964704405884,3.101633244845914,3.343018026895561,7.05639787931305,8.724796927899925,32.98293625539266,50.54451129103793,67.7947594134806,78.5755399510809,119.2857146999268
"WITCH 6.0","High - SSP5","India+ (R10)","Capacity|Electricity|Wind|Onshore","GW",1,40.22698600000003,,46.88604000000002,100.0968922297132,146.2377991841314,186.6282936791581,222.3544958440497,254.3107114850197,283.2336247490937,309.7304037049661,334.301802689556,357.3611522839794,379.2499691616322,400.250787675465,420.5977078891497,440.4850666687779,460.0745660610544,479.5011336737552
"WITCH 6.0","High - SSP5","Latin America (R10)","Capacity|Electricity|Biomass","GW",1,15.18226,,26.93083398387431,21.42804217751107,17.55317462635493,15.31747411718506,15.37782916872313,13.99126577114664,14.86680254700228,12.78433279605366,11.30503157836493,10.19681478819826,9.02910163692587,8.345400038553318,6.733683406726676,5.468134309737539,4.350827482413337,3.470948219901472
"WITCH 6.0","High - SSP5","Latin America (R10)","Capacity|Electricity|Coal","GW",1,17.74932,,21.7420331991777,24.19750728570573,26.31242748599915,24.24089497805714,25.12871621631843,30.48052703672334,34.39995645887284,34.30360314742442,34.78120194566699,30.94753183332081,27.90723049795248,25.26917960033889,22.57907467702503,20.04839664996848,17.64060243262552,15.30070089117247
"WITCH 6.0","High - SSP5","Latin America (R10)","Capacity|Electricity|Fossil","GW",1,152.04119,,190.7443543379266,190.5414503213796,190.4068945281809,173.4544238298986,173.4756114161487,193.0505337316736,205.6263970459182,204.2056789506453,206.7994781484311,190.7540591894803,177.7424468909123,167.0829252467403,150.6941559924436,134.8176968449108,119.0874720155837,102.9306842035708
"WITCH 6.0","High - SSP5","Latin America (R10)","Capacity|Electricity|Gas","GW",1,100.35158,,130.580097268665,135.7725528538876,139.7697454746018,129.859090737581,132.9471598450792,150.3169075558109,161.4770237915641,162.1447625902398,165.8460189748055,154.8954507704756,145.9276227299476,138.7045927002381,125.641223264583,112.8009268914561,99.8806950562634,86.38382606990619
"WITCH 6.0","High - SSP5","Latin America (R10)","Capacity|Electricity|Hydro","GW",1,197.629256,,201.1021251676045,219.1968673710613,234.8747698335398,248.4586398251241,260.2281685863773,270.4256901577547,279.2611710260332,286.9165333243424,293.5494006002795,299.2963432772985,304.2756906332697,308.5899671947121,312.3280037119458,315.5667661800387,318.3729405650044,320.8043058646875
"WITCH 6.0","High - SSP5","Latin America (R10)","Capacity|Electricity|Nuclear","GW",1,5.074363333333332,,6.408220966757963,5.853682001978947,5.792311889942593,7.30560935667861,9.802752937381356,12.49641449512638,14.76360991877412,16.44087008209914,18.47648453807878,20.14147233781345,21.57602811829747,23.2308633974218,24.52868951879831,25.76957186653183,26.89162706461273,27.90889612997334
"WITCH 6.0","High - SSP5","Latin America (R10)","Capacity|Electricity|Oil","GW",1,33.94029,,38.42222387008385,30.57139018178622,24.32472156757997,19.35443811426044,15.39973535475107,12.25309913913933,9.749416795481277,7.757313212981069,6.172257227958639,4.911076585683897,3.90759366301223,3.109152946163432,2.473858050835541,1.968373303486283,1.566174526694811,1.246157242492193
"WITCH 6.0","High - SSP5","Latin America (R10)","Capacity|Electricity|Solar|CSP","GW",1,0.256269999999999,,0.291923999999999,0.409748761405103,1.028997693730923,2.241876807049203,3.945274310976817,6.482071248083008,9.711811849177554,14.07144125245818,19.3752838934355,25.47674456517303,32.26035224433185,39.63543109189779,47.53106159053652,55.89207619529658,64.67587256516022,73.84987875272091
"WITCH 6.0","High - SSP5","Latin America (R10)","Capacity|Electricity|Solar|PV","GW",1,26.50736099999996,,116.5694640000001,194.9647580041836,248.0417838028926,294.2946660998583,335.2193253605342,372.0085824285586,405.6141571324721,436.7959989641544,466.1615396693085,494.1969270534651,521.2918785294308,547.7594581323588,573.8518143386241,599.7727040664172,625.6874595872191,651.7309208886954
"WITCH 6.0","High - SSP5","Latin America (R10)","Capacity|Electricity|Wind|Offshore","GW",1,0.00003,,0.242999999999999,25.31349255783449,40.04195520354838,72.0339093622699,125.623829056397,165.3974219226169,235.4461312397755,333.3076648784885,415.0299455381304,509.0349912717919,595.6822215430469,664.998046954446,729.5725042942594,776.0591988038245,805.2497241774872,821.0559066041576
"WITCH 6.0","High - SSP5","Latin America (R10)","Capacity|Electricity|Wind|Onshore","GW",1,33.931598,,49.28125999999999,89.9300733597609,126.2642472915603,159.12582170875,189.2087731986543,217.0854250914271,243.2281563451751,268.0272463348159,291.8055435851413,314.8305239807305,337.3242033002144,359.471286149156,381.4258653361799,403.3169298252528,425.2528934355252,447.3253186834517
"WITCH 6.0","High - SSP5","Middle East (R10)","Capacity|Electricity|Biomass","GW",1,0.08001999999999901,,0.08371139855611501,0.066606603422417,0.052996840286896,0.04300431449970801,0.036611261703803,0.029130462889888,0.023320493234344,0.018835075801766,0.015784071293009,0.013876355560335,0.012493131526083,0.009940403235577001,0.007909275290953,0.006293168812728,0.005007282241244001,0.003984141565178
"WITCH 6.0","High - SSP5","Middle East (R10)","Capacity|Electricity|Coal","GW",1,10.21704,,17.7891206614689,24.36292768235116,29.98580280028353,25.64821631078435,23.31021051276027,25.43441497816766,25.79018753165127,26.42359156404205,26.49237776555737,25.35988949272028,22.08354095250852,18.88905356413028,16.15666370333845,13.81952680352799,11.82046767699735,10.11058179410811
"WITCH 6.0","High - SSP5","Middle East (R10)","Capacity|Electricity|Fossil","GW",1,408.8396,,478.8438382803612,416.6377858909851,365.8183517955272,357.0839259986623,366.0956076081154,358.8656136635163,334.0792622607014,316.8703922029507,297.4155417240021,268.8163440231476,227.2733403544205,194.9051677604886,158.1694100896105,126.8147322669513,101.7273019761719,81.64670423884118
"WITCH 6.0","High - SSP5","Middle East (R10)","Capacity|Electricity|Gas","GW",1,356.29808,,415.8389796621977,356.2980763308989,307.2069223269856,308.659172727589,324.6628021940998,319.0116033567164,296.8158430768262,281.3179005868932,263.6595769686768,237.6770401806911,200.591295897653,172.3572253887671,139.1014802985291,110.6787999426932,88.06374116555136,70.06962952334764
"WITCH 6.0","High - SSP5","Middle East (R10)","Capacity|Electricity|Hydro","GW",1,18.929204,,19.34904210814196,21.61949633510998,23.58669539855541,25.29114383413935,26.76793615452422,28.04747944372942,29.15611943755292,30.11668298102508,30.94894803206803,31.67005088871379,32.29483902467005,32.83617679810153,33.30521032815606,33.71159699303057,34.06370427493135,34.36878204613687
"WITCH 6.0","High - SSP5","Middle East (R10)","Capacity|Electricity|Nuclear","GW",1,2.26001,,3.968494796501351,3.394433480631252,3.647967914395462,4.907121210622804,5.993775419874513,6.870437076240961,7.578291155664298,8.456147015759079,9.425043706403908,10.3996981430619,11.32643326909377,12.52054969596936,13.8272168712392,14.82634602623557,16.37633082250068,17.37705324749354
"WITCH 6.0","High - SSP5","Middle East (R10)","Capacity|Electricity|Oil","GW",1,42.32447999999999,,45.21573795669462,35.97678187773507,28.62562666825808,22.77653696028899,18.12259490125527,14.41959532863227,11.47323165222391,9.128900052015426,7.263586989767938,5.77941434973626,4.598503504258924,3.658888807591137,2.911266087742856,2.316405520730076,1.843093133623145,1.466492921385429
"WITCH 6.0","High - SSP5","Middle East (R10)","Capacity|Electricity|Solar|CSP","GW",1,1.038627999999997,,1.241153599999998,2.403659795895728,4.335010025905333,6.932157375813119,10.08583634311482,13.70978388085553,17.73605634041632,22.11130376395515,26.79380591745128,31.75111435680808,36.95817683910531,42.39584558397983,48.04969015751718,53.90905415416117,59.96630489111503,66.21623693941818
"WITCH 6.0","High - SSP5","Middle East (R10)","Capacity|Electricity|Solar|PV","GW",1,9.773837999999984,,37.04120000000002,235.4569416555285,399.5308864135179,536.4366897222299,651.886160027745,750.4280615844694,835.6858630536487,910.546908590619,977.312938151844,1037.81985462339,1093.533021652922,1145.623092080161,1195.026345231125,1242.492698462344,1288.623911557987,1333.9039879572
"WITCH 6.0","High - SSP5","Middle East (R10)","Capacity|Electricity|Wind|Offshore","GW",1,0.00001,,0.080999999999999,0.5710753997609861,1.015492591540843,1.404562800112115,12.32396102966808,45.08993213178515,101.5856766118301,156.0741750479658,213.0679994188509,271.4639999999999,344.1989999999996,395.0159999999993,429.599977632609,485.1319999999993,503.1118299332597,538.3827918743713
"WITCH 6.0","High - SSP5","Middle East (R10)","Capacity|Electricity|Wind|Onshore","GW",1,3.99585,,5.860920000000003,57.10753997609866,101.5492591540843,140.4562800112115,174.8741217195612,205.6636628594291,233.5340553813951,259.0697791311121,282.7528802442204,304.9812509648966,326.0836557427327,346.3320829678344,365.9518985472069,385.1301927371551,404.0226419548597,422.7591500094758
"WITCH 6.0","High - SSP5","North America (R10)","Capacity|Electricity|Biomass","GW",1,8.45684,,8.921074887868281,7.098226853295382,7.631891681706831,9.841175779257984,9.498997626403337,7.558062327536063,6.013719383204979,4.78493286409892,3.807224955969231,3.029292631064856,2.410315636914521,1.917814545210332,1.525946466716113,1.214149003666053,0.9660612840997661,0.768665461832543
"WITCH 6.0","High - SSP5","North America (R10)","Capacity|Electricity|Coal","GW",1,256.54572,,218.7968296240677,256.5457038969377,223.4193302654809,191.100680172733,163.4570738310173,149.1796873423451,135.1494675967576,121.4664573618989,109.2997256317934,95.81953963657264,81.9587954928908,70.1030727565888,59.96233571224053,51.28850366590394,43.86938195522055,37.52347086726246
"WITCH 6.0","High - SSP5","North America (R10)","Capacity|Electricity|Fossil","GW",1,828.8124700000001,,847.0200705080151,822.4277890246924,706.6814274355397,580.4283807271644,517.8118845144043,464.9512588739277,413.1009870600282,365.7929753362392,325.3632810109019,285.8809653617831,245.6176764496691,210.8935422196253,178.9080972384044,150.3172806864052,123.1730516977434,100.6229790775062
"WITCH 6.0","High - SSP5","North America (R10)","Capacity|Electricity|Gas","GW",1,545.07374,,602.0712349705582,545.0737326617979,466.7055265658205,376.1541429351244,343.873013184527,307.4315253586274,271.3155994147686,239.0465190418514,211.8624214710262,186.7187117702819,160.9991855438383,138.6742310456916,117.2619352439295,97.6890078690177,78.23765634303784,62.2513139025727
"WITCH 6.0","High - SSP5","North America (R10)","Capacity|Electricity|Hydro","GW",1,165.965164,,167.4547710950658,176.344568449233,184.0469924054698,190.7206355086839,196.5029077546845,201.5128658554954,205.8536646114242,209.6146808635209,212.8733537585071,215.6967792171443,218.1430914360681,220.2626598681472,222.0991263271352,223.6903035705518,225.0689538625704,226.2634635474892
"WITCH 6.0","High - SSP5","North America (R10)","Capacity|Electricity|Nuclear","GW",1,111.4993533333333,,123.6148009061205,105.7333423410875,90.43852031204523,78.41092768025797,74.96712522536126,71.96870463231676,68.32159935598774,66.3075311944594,66.32332578867545,67.5487138897471,69.300322346254,71.8611680200721,74.68427793413211,78.05498672174843,81.55990862765383,84.1590805777835
"WITCH 6.0","High - SSP5","North America (R10)","Capacity|Electricity|Oil","GW",1,27.19301,,26.15200591338924,20.80835246595678,16.55657060423842,13.17355761930707,10.48179749885987,8.34004617295508,6.63592004850203,5.279998932488928,4.201133908082178,3.342713954928407,2.65969541294006,2.116238417344898,1.683826282234283,1.339769151483486,1.066013399485013,0.8481943076710711
"WITCH 6.0","High - SSP5","North America (R10)","Capacity|Electricity|Solar|CSP","GW",1,1.723359999999997,,2.057632000000002,2.821983624407528,3.731575788365179,5.999853916809964,7.372847532240218,11.63610924610414,21.37366101644068,35.62716760981175,53.63815695009937,74.80728412081488,98.66192161065604,124.8303745957512,153.0213670898379,183.0077229694726,214.6133841482101,247.7030842566619
"WITCH 6.0","High - SSP5","North America (R10)","Capacity|Electricity|Solar|PV","GW",1,82.92155600000005,,258.5487219999999,453.1172509217491,526.6057073847683,551.9683423806529,582.3667669697886,617.0300370506377,655.3512509176655,696.8541952949266,741.1668103741555,788.0000810151773,837.1312454855313,859.147397346267,867.981799242813,872.511215728997,843.558362986865,810.5178928498647
"WITCH 6.0","High - SSP5","North America (R10)","Capacity|Electricity|Wind|Offshore","GW",1,0.03411,,0.194299999999999,2.369449240761115,3.05495743571617,3.714979023596288,4.356490456641588,4.985287589484073,5.606197442045001,6.223252296854653,6.839832838175797,7.458785846143812,8.0825209775684,8.713090358046506,9.352254046989213,10.00153389207366,10.66225784153082,11.33559641446226
"WITCH 6.0","High - SSP5","North America (R10)","Capacity|Electricity|Wind|Onshore","GW",1,132.0117959999999,,165.0039799999999,236.9449240761114,305.495743571617,371.4979023596288,435.6490456641586,498.5287589484071,560.6197442045004,622.3252296854654,683.9832838175797,745.8785846143811,808.2520977568399,871.3090358046502,935.2254046989211,1000.153389207366,1066.225784153082,1133.559641446226
"WITCH 6.0","High - SSP5","Pacific OECD (R10)","Capacity|Electricity|Biomass","GW",1,2.67744,,3.828678649913832,3.046362680175982,2.423897753700969,1.928621420761758,1.577936976419956,1.523648204003829,1.687776251041537,1.740379417419866,1.817189021999656,1.879796010740573,2.032632491787755,2.143128162089968,2.164827348336962,1.810952890815355,1.482818863097244,1.204301062358193
"WITCH 6.0","High - SSP5","Pacific OECD (R10)","Capacity|Electricity|Coal","GW",1,117.15988,,124.6190684276262,117.1598638969377,100.2121421322193,85.71598751226107,73.3167693941539,65.51517134847907,61.02838183647531,57.17224811027089,53.334870165233,49.56276021091326,45.53290795317665,40.94186198971424,35.24731866631015,30.14862932134408,25.78748921473521,22.05720840281431
"WITCH 6.0","High - SSP5","Pacific OECD (R10)","Capacity|Electricity|Fossil","GW",1,289.849264,,295.8114416594694,258.5440950585739,213.5770627168986,175.9169928429261,145.3847011005596,131.2329828701839,119.5423807973158,109.3576730314406,99.10139893826954,89.45952174739602,78.96037755289171,68.55505381024958,57.64353855387336,48.4479035112747,40.65631610475532,34.0405452494135
"WITCH 6.0","High - SSP5","Pacific OECD (R10)","Capacity|Electricity|Gas","GW",1,32.8805,,34.82451731845401,32.88049266179785,27.03180938640188,21.50838522167925,17.41131164553165,22.22920806271454,23.91144525907663,24.65322964585947,23.86000178051651,22.46640699790514,19.55866878778116,16.57821054488802,13.61602227674275,11.31313908382143,9.310172531186085,7.560485325453461
"WITCH 6.0","High - SSP5","Pacific OECD (R10)","Capacity|Electricity|Hydro","GW",1,48.427192,,49.47926282548471,53.16708271176322,56.3623357762262,59.13081212832455,61.52951456518958,63.6078322565295,65.40855766529748,66.96876764247956,68.32058683770268,69.49184914425078,70.50667079761098,71.38594692762145,72.14778178820632,72.80786152310763,73.37977714284298,73.87530436296919
"WITCH 6.0","High - SSP5","Pacific OECD (R10)","Capacity|Electricity|Nuclear","GW",1,57.29203,,49.00447015245668,41.91574456207989,35.85243625178654,30.66621382055287,27.63536637744861,26.05472338270608,23.68721218467582,21.84313483456651,20.43898713028086,19.24893627202987,18.18606390732444,17.32779114369316,16.32290670815708,15.50243195620458,14.80613049248912,13.862539285448
"WITCH 6.0","High - SSP5","Pacific OECD (R10)","Capacity|Electricity|Oil","GW",1,139.808884,,136.3678559133892,108.5037384998384,86.33311119827742,68.69262010898582,54.65662006087408,43.48860345899025,34.60255370176383,27.5321952753102,21.90652699252002,17.43035453857762,13.8688008119339,11.03498127564732,8.78019761082046,6.986135106109193,5.558654358834033,4.422851521145725
"WITCH 6.0","High - SSP5","Pacific OECD (R10)","Capacity|Electricity|Solar|CSP","GW",1,0.105137338718653,,0.11597632811523,0.105209153505417,0.10475788894741,0.104398851761508,0.104113202416224,0.3680521010102391,0.9880124255169481,1.901599924530023,3.059430798491854,4.422479858858922,5.959970733545099,7.647697383274203,9.46668853405184,11.4021454308978,13.44259674189727,15.57922632996871
"WITCH 6.0","High - SSP5","Pacific OECD (R10)","Capacity|Electricity|Solar|PV","GW",1,105.6819440000001,,262.7952100000002,327.5801286196556,354.3388528146995,377.2133103036015,399.6436776722683,398.5043662333377,402.5067805261494,410.7242656479521,422.4226406469746,424.1270332763963,426.298263163402,428.8615234134522,431.7578121917294,434.9407163905234,438.3738528229887,437.3926463056339
"WITCH 6.0","High - SSP5","Pacific OECD (R10)","Capacity|Electricity|Wind|Offshore","GW",1,0.197209999999999,,0.481767306678452,0.610095526558114,0.6729643382509091,0.7311981263759401,0.785787787903606,0.87269154620452,0.969012154696097,1.0832958181865,1.21323082575999,1.341587089406771,1.447236805352089,4.051332100767478,8.007059067399966,8.374567633153623,7.237051413871399,6.097669485157146
"WITCH 6.0","High - SSP5","Pacific OECD (R10)","Capacity|Electricity|Wind|Onshore","GW",1,15.7422,,21.30223999999999,32.14142492208531,44.29587557584459,57.61335149990932,71.97078821377598,87.269154620452,96.90121546960975,108.32958181865,121.3230825759991,134.1587089406771,144.7236805352089,154.3643814338911,159.7900628091772,162.4204657952422,161.2717900240195,160.7769108015131
"WITCH 6.0","High - SSP5","Reforming Economies (R10)","Capacity|Electricity|Biomass","GW",1,0.26642,,1.213216309257044,0.9653191676414741,0.8954577636526131,1.28583787041682,1.710794684787465,1.361227085824312,1.222877312980194,1.152173396455836,1.058333845938802,1.033737321889878,1.084544071372744,1.383549351199673,1.70885996844433,1.996740675030175,2.358029122165765,2.999599442101003
"WITCH 6.0","High - SSP5","Reforming Economies (R10)","Capacity|Electricity|Coal","GW",1,101.15094,,124.4500321645558,131.129451445954,136.8426615174251,117.0477311052409,112.9125457093461,114.3974204410564,116.9336593629035,115.8106134700705,109.8336872334319,104.8401472468803,92.42730824194193,80.65022677793542,69.83939854365433,61.56700875416926,53.35711964100028,45.6387629635127
"WITCH 6.0","High - SSP5","Reforming Economies (R10)","Capacity|Electricity|Fossil","GW",1,290.57217,,320.5198960346397,320.3083380892589,287.3665244068784,236.8149720547201,211.5676088383905,205.9257761824859,200.9329630136729,199.3076067482836,186.0339307681444,168.9071518438391,143.4034672986,121.2103998111078,102.1118895850526,87.24524432691494,73.78850751507541,61.89539435387067
"WITCH 6.0","High - SSP5","Reforming Economies (R10)","Capacity|Electricity|Gas","GW",1,188.23522,,194.8838559133892,188.2352163308989,149.7730132400139,119.169812813136,98.17970780543055,91.15013002700113,83.69836100019117,83.25754240144248,76.0097197845028,63.91541066719947,50.85554039617833,40.46420044852458,32.19612858663911,25.61747629947785,20.38304357582437,16.21816530859535
"WITCH 6.0","High - SSP5","Reforming Economies (R10)","Capacity|Electricity|Hydro","GW",1,105.423182,,123.4187754748883,123.5357491303982,123.6370990994192,123.7249121730193,123.80099641823,123.8669184060613,123.924035467124,123.9735236390039,124.0164018808188,124.0535530535395,124.0857420980549,124.1136317852689,124.137796362522,124.1587333773167,124.1768739217974,124.1925915089166
"WITCH 6.0","High - SSP5","Reforming Economies (R10)","Capacity|Electricity|Nuclear","GW",1,42.69434333333334,,59.35240927451038,54.54921590514833,53.69813649571465,58.21609937586024,70.52914001711332,77.3106106607472,81.65468136608271,86.17604874860649,90.52143405751816,98.03424468501035,103.9789176457274,110.9937036634691,118.1602621073455,127.5258928094095,137.8069929600596,143.2567642803422
"WITCH 6.0","High - SSP5","Reforming Economies (R10)","Capacity|Electricity|Oil","GW",1,1.18601,,1.186007956694616,0.9436703124059691,0.7508496494393061,0.597428136343226,0.4753553236138151,0.378225714428316,0.300942650578223,0.239450876770599,0.190523750209694,0.151593929759303,0.120618660479733,0.09597258464785101,0.076362454759118,0.06075927326782501,0.048344298250751,0.03846608176262
"WITCH 6.0","High - SSP5","Reforming Economies (R10)","Capacity|Electricity|Solar|CSP","GW",1,0.05199999999999901,,0.057199999999999,0.052,0.052,0.052,0.059974375100844,0.08960024001666801,0.121277334853526,0.167199223871583,1.153592145906608,2.912274129039977,5.310033624815035,8.241499529553392,11.6234675660549,15.39038733234141,19.4907715573334,23.8843394714257
"WITCH 6.0","High - SSP5","Reforming Economies (R10)","Capacity|Electricity|Solar|PV","GW",1,15.90446400000003,,43.70933600000003,104.6218730313749,155.7998470743935,199.3008031232259,236.7635943306882,269.4939785668527,298.5327249874629,324.7098052145973,348.6875127630976,370.9947730395206,392.0544439786856,412.2050395753612,431.7180159154698,450.8115264560083,469.661368027139,488.4096916116941
"WITCH 6.0","High - SSP5","Reforming Economies (R10)","Capacity|Electricity|Wind|Offshore","GW",1,0.00001,,0.080999999999999,0.6565144911185681,1.070984541345018,6.084441236278512,30.2640799743054,70.61632751761128,96.69880299768307,157.2612342797052,215.8564794628008,248.0296397179217,303.6929853186186,355.432394226856,399.3512840050751,428.1378540481263,456.8237746676083,497.1993097453122
"WITCH 6.0","High - SSP5","Reforming Economies (R10)","Capacity|Electricity|Wind|Onshore","GW",1,12.45083600000001,,17.94337999999999,65.65144911185688,107.0984541345018,143.4555892889602,175.6869391625143,204.5863910025551,230.8079756019928,254.8908068532397,277.2795817139266,298.3414310850108,318.3797713562844,337.6456906826789,356.3473089627405,374.6574723332674,392.7200787505289,410.655278424152
"WITCH 6.0","High - SSP5","Rest of Asia (R10)","Capacity|Electricity|Biomass","GW",1,4.86944,,7.448806863275703,5.926788146775526,4.715764334009251,3.752189668870237,3.049644249865646,2.426508798489284,2.397483055568726,2.302123368802331,2.155356586968738,2.135052778300998,1.900497625219856,1.597501631865006,1.315857648774045,1.108194264866457,1.12232680514003,1.176120070555495
"WITCH 6.0","High - SSP5","Rest of Asia (R10)","Capacity|Electricity|Coal","GW",1,90.54436,,118.5528702811972,119.4799359801895,132.1806736497832,150.9123264912373,172.1444767066633,195.4684188194947,207.9569746766519,216.2456859521898,225.1370312946936,221.8301465981801,213.1750840553202,203.9558674149685,189.210085505614,179.7629884068469,163.7696357199429,149.0375721140479
"WITCH 6.0","High - SSP5","Rest of Asia (R10)","Capacity|Electricity|Fossil","GW",1,193.1967,,238.3043887413236,228.7549487274397,242.6296708006117,269.3538968092386,300.0633975689486,335.3038598448896,352.9286950288817,361.1676483927223,368.4082099223208,362.3973715170067,348.6395407018378,336.3112410911971,313.6208202722888,297.6665895243777,273.2233433190746,250.2761124919555
"WITCH 6.0","High - SSP5","Rest of Asia (R10)","Capacity|Electricity|Gas","GW",1,93.824996,,110.3535825467371,101.7973621385007,104.4992589166201,113.7075453002797,124.1522017250365,136.8383776373047,142.5870485397219,143.0245519032823,141.76146700694,139.3659934863602,134.50867347934,131.5948861981542,123.8056381044102,117.4221441820255,109.0706270184545,100.9337348585148
"WITCH 6.0","High - SSP5","Rest of Asia (R10)","Capacity|Electricity|Hydro","GW",1,50.545122,,55.39203502884352,54.05705145078832,52.90037609778098,51.89819307901782,51.02986749354915,50.27752055864494,49.62566148650411,49.06086852966646,48.57151262786731,48.14751796623685,47.78015451474849,47.46185827731362,47.18607554945999,46.94712797786655,46.7400956433372,46.56071575989736
"WITCH 6.0","High - SSP5","Rest of Asia (R10)","Capacity|Electricity|Nuclear","GW",1,0.00004,,0.0001173439048254135,0.0001107489556814588,0.0001179548087206724,0.0001362667278392866,0.0001549611860205342,0.00017324955864342,0.0001845776833717594,0.0001941321156026127,0.0002051538651556509,0.0002192772109416949,0.0002355021267176572,0.0002565681177005575,0.0002785118951048167,0.0003046148361458789,0.0003314329265911995,0.0003621721838778348
"WITCH 6.0","High - SSP5","Rest of Asia (R10)","Capacity|Electricity|Oil","GW",1,8.827343999999998,,9.397935913389231,7.477650608749543,5.949738234208427,4.734025017721615,3.766719137248864,2.997063388090266,2.38467181250781,1.89741053725021,1.50971162068715,1.201231432466351,0.955783167177582,0.7604874780743791,0.6050966622646891,0.481456935505331,0.383080580677186,0.304805519392803
"WITCH 6.0","High - SSP5","Rest of Asia (R10)","Capacity|Electricity|Solar|CSP","GW",1,0.107302594932018,,0.118534115302015,0.10724430665932,0.115915977457743,0.1296872866523,0.147067314195638,0.203154764403461,0.272848361803232,0.614284530508041,1.344482816701416,2.590243379024989,4.263007329677577,6.292736030010197,8.624135284267139,11.21365473783446,14.02709950251137,17.03773008376887
"WITCH 6.0","High - SSP5","Rest of Asia (R10)","Capacity|Electricity|Solar|PV","GW",1,17.48862847536099,,46.39906599999999,128.7403261415239,203.815674272144,267.8500593293285,322.1119993353387,368.6819287154417,409.2172972566034,445.0390521081033,477.2004502148466,506.5418116495729,533.7340865825162,559.3135216397365,583.709244353464,607.2652127921015,630.2576817742653,652.9091018051532
"WITCH 6.0","High - SSP5","Rest of Asia (R10)","Capacity|Electricity|Wind|Offshore","GW",1,0.457129999999999,,1.264999999999993,3.471,4.052704005200866,9.788538350568516,19.64441733498109,32.92907920869776,51.87420156956388,74.74400000000001,95.6398093310285,134.6527249501331,180.1083179951235,217.6746317176671,265.3481527160843,294.2255389207953,326.557,356.3397864180379
"WITCH 6.0","High - SSP5","Rest of Asia (R10)","Capacity|Electricity|Wind|Onshore","GW",1,3.619404000000002,,6.95414,15.03911355592462,22.5631640809133,29.64835154907789,36.39556311523255,42.8882971304898,49.19577376178285,55.3754921251318,61.47533248981646,67.53528456669146,73.58886846447118,79.66430305174562,85.78546669008553,91.97268734544318,98.24339245021575,104.6126435053741
"WITCH 6.0","High - SSP5","World","Capacity|Electricity|Biomass","GW",1,59.12394999999999,,88.27033738897047,70.24991740417782,58.55521813291914,52.64776126274739,48.82261077224221,43.01829188356911,40.85318803170818,36.55524800622526,32.41425890651487,29.17615912828732,26.3227479510443,24.11250157302427,20.92723003125968,18.07641227030619,16.16921733788096,15.99726503514013
"WITCH 6.0","High - SSP5","World","Capacity|Electricity|Coal","GW",1,2094.935726666666,,2255.650217743834,2281.517915469699,2143.695732415556,2042.237303182629,2055.713958817105,2097.082548083117,2133.392033636254,2164.736648309378,2225.175979327691,2260.044942898873,2276.537257183794,2275.81434063044,2235.419239331709,2202.526258958726,2152.914757470212,2087.346569563303
"WITCH 6.0","High - SSP5","World","Capacity|Electricity|Fossil","GW",1,4113.077070466666,,4589.111900181714,4460.197518716953,4111.680638498957,3856.029737041933,3910.997674860108,4057.556983705605,4211.814488526647,4388.74730996655,4637.500224500443,4854.641908006072,5067.07535004422,5304.61088035341,5516.178736603178,5769.671753685966,6026.3412646622,6286.265460522668
"WITCH 6.0","High - SSP5","World","Capacity|Electricity|Gas","GW",1,1665.914916,,1970.789856174072,1890.11270649132,1738.381038693993,1631.103648302723,1709.923828391223,1844.8160120703,1986.396579288296,2150.788482759747,2354.063593509206,2548.240743763171,2753.65386317988,2999.448884549981,3257.408464279531,3548.565790877767,3858.643204232616,4187.156268252396
"WITCH 6.0","High - SSP5","World","Capacity|Electricity|Hydro","GW",1,1212.46141,,1279.111065116725,1360.015479375059,1430.113826246437,1490.849427377053,1543.472825921183,1589.067535165584,1628.572348016811,1662.800666702762,1692.457250686061,1718.152727628066,1740.416166183529,1759.705969499173,1776.419313712791,1790.900325791143,1803.447169087922,1814.318182513099
"WITCH 6.0","High - SSP5","World","Capacity|Electricity|Nuclear","GW",1,396.2352099999999,,496.3899980635944,432.5390447859718,387.9348698919958,365.680470119276,377.6461109326755,394.8554835039736,398.3505856782381,400.1531326253307,404.9727116278095,413.8895614207452,425.2811915233136,442.7439946784115,460.0303753467503,480.6497771960163,500.8806326335195,519.7300364746976
"WITCH 6.0","High - SSP5","World","Capacity|Electricity|Oil","GW",1,352.2264278,,362.6718262638084,288.5668967559342,229.6038673894081,182.688785556581,145.3598876517795,115.6584235521883,92.02587560209659,73.22217889742561,58.26065166354636,46.35622134402813,36.88422968054602,29.34765517298861,23.35103299193788,18.57970384947263,14.78330295937198,11.76262270696955
"WITCH 6.0","High - SSP5","World","Capacity|Electricity|Solar|CSP","GW",1,7.12235217512377,,8.45895856707699,12.58001262243498,17.96651905365502,27.13719495217272,39.48782791950448,56.89761897875574,82.97837691360644,116.7878580559323,163.7868230383827,222.0797584342585,290.5937194019164,362.1609094390702,421.4980448898334,481.831823187265,544.0377178456406,606.4460647266052
"WITCH 6.0","High - SSP5","World","Capacity|Electricity|Solar|PV","GW",1,741.1580054753606,,2529.372627999998,4000.000000020049,4714.561758820572,5044.268753056932,5204.217217373822,5361.603931248483,5542.63184115432,5743.879351490619,5949.1253580252,6152.504572019801,6275.913027360462,6392.828702052082,6513.875085450104,6634.930245256206,6673.278047379225,6657.733403286623
"WITCH 6.0","High - SSP5","World","Capacity|Electricity|Wind|Offshore","GW",1,40.64386000000003,,74.5361673066786,144.9367346684577,162.3535057717052,206.6389814927609,306.2659905838263,472.3611362357661,644.963495681907,874.8478206472656,1088.525794329236,1309.596936263321,1569.887441699289,1806.983475782461,2020.336608561569,2197.558884510355,2315.728653511879,2475.197009517019
"WITCH 6.0","High - SSP5","World","Capacity|Electricity|Wind|Onshore","GW",1,688.2376789999996,,943.8236099999993,1571.693355983062,2230.6164066506,2820.89636334551,3355.984503928428,3846.968115564189,4296.464180419961,4719.547531226358,5122.275009818151,5508.123976834585,5879.288842017668,6240.689860002259,6464.203651915781,6628.53184240444,6768.319402196489,6856.637952084498
"WITCH 6.0","High-to-Low - SSP5 (Marker)","Africa (R10)","Capacity|Electricity|Biomass","GW",1,0.5840500000000001,,0.6290100354286341,0.5004840762567231,0.398219895515427,0.360815556926289,0.308628591843872,0.312994676466607,0.382957458253385,0.434143882030914,0.478064337555878,0.8732274983102861,1.895191365317881,3.724108593484769,6.637593947771393,11.04930298673501,17.56510928267422,27.06438467879545
"WITCH 6.0","High-to-Low - SSP5 (Marker)","Africa (R10)","Capacity|Electricity|Coal","GW",1,47.37638,,56.4910396404163,61.51321670182273,60.22491368634311,56.59096842467632,62.5855596196978,71.99118886972114,89.25253469010003,117.5517908387232,148.7198198528649,128.192842885735,112.1590011145064,99.99123578117073,92.25287709407115,89.466008436459,81.87747114744035,78.01934444941578
"WITCH 6.0","High-to-Low - SSP5 (Marker)","Africa (R10)","Capacity|Electricity|Fossil","GW",1,75.64196000000001,,150.9533996085401,201.9025124419113,236.8943012760719,269.5794469475136,375.6505151471532,505.8288760990943,671.9885793614529,875.1364889968758,1109.993721573638,1280.511376255148,1189.932344588025,958.8947578419821,777.8981270266682,638.5323090219724,524.1058978183805,437.8728307130399
"WITCH 6.0","High-to-Low - SSP5 (Marker)","Africa (R10)","Capacity|Electricity|Gas","GW",1,20.17764,,86.05294405473462,133.698180307561,171.3454713757473,208.752400975033,309.6944379855215,431.1558693513288,580.6022040841083,755.8868663668704,959.922988813446,1151.243653223715,1076.918094166661,858.223026305255,685.1038002411242,548.6354856009931,441.8856403441396,359.5807416515206
"WITCH 6.0","High-to-Low - SSP5 (Marker)","Africa (R10)","Capacity|Electricity|Hydro","GW",1,29.36673,,32.59239266335994,40.10615057019175,46.61632696648665,52.25696607629075,57.14420839205341,61.37868200187288,65.04757451707027,68.22642826098232,70.98069568182554,73.36708701550883,75.43473794670821,77.22622131029014,78.77842366396752,80.123304780778,81.28855569929931,82.29816888082341
"WITCH 6.0","High-to-Low - SSP5 (Marker)","Africa (R10)","Capacity|Electricity|Nuclear","GW",1,1.860029999999999,,1.715504868863742,1.467349073555735,1.255097373375663,1.073580047392008,0.9183168629357651,0.94387311775416,1.254555774396681,1.928673213112949,2.383339213776117,2.240115576284434,2.432860906072375,3.105387347252444,2.663951876462003,2.316285164726512,2.23337028239576,2.434969496833549
"WITCH 6.0","High-to-Low - SSP5 (Marker)","Africa (R10)","Capacity|Electricity|Oil","GW",1,8.087940000000001,,8.409415913389234,6.691115432527496,5.323916213981576,4.236077547804201,3.37051754193383,2.681817878044373,2.133840587244633,1.697831791282131,1.350912907327605,1.074880145698169,0.8552493068570071,0.680495755556346,0.5414496914729751,0.430814984520362,0.342786326800491,0.27274461210348
"WITCH 6.0","High-to-Low - SSP5 (Marker)","Africa (R10)","Capacity|Electricity|Solar|CSP","GW",1,0.557999999999999,,0.6592,0.9235081834948271,1.332038988170515,1.863982279518248,2.499345236141108,3.523308632832442,4.869560352817157,6.485668408182126,8.33025321338755,28.99602955240491,45.49565029536412,101.2460637962128,190.2583246355026,286.3246491488782,362.0032747329531,429.1286551048343
"WITCH 6.0","High-to-Low - SSP5 (Marker)","Africa (R10)","Capacity|Electricity|Solar|PV","GW",1,6.875574666666668,,15.10611999999997,50.51512081278358,68.4770261036809,83.78351379732672,102.78315955685,119.3053960539345,133.8919065815523,146.9745877296026,158.8980047795054,315.12519608651,1156.411850951052,2739.668464336395,4932.543004115888,7517.505487294623,9217.5971216606,10248.25016242147
"WITCH 6.0","High-to-Low - SSP5 (Marker)","Africa (R10)","Capacity|Electricity|Wind|Offshore","GW",1,0.00002,,0.161999999999999,0.166425973055383,0.211494848369332,0.251982248089258,0.288790857745756,0.322664833125043,0.354218082282953,0.388596060213687,0.558831007982176,1.764896261659288,4.271602108082396,8.042021633984163,14.11639048573416,24.13546922611923,31.79689042969832,31.81787385213562
"WITCH 6.0","High-to-Low - SSP5 (Marker)","Africa (R10)","Capacity|Electricity|Wind|Onshore","GW",1,3.419314999999999,,4.663950000000002,10.23932718836609,15.47656091730168,20.45238697081201,25.23029552184847,29.86290008246977,34.39388492292611,38.85960602136875,43.29040724012366,176.4896261659289,427.1602108082396,804.2021633984162,1411.639048573416,2413.546922611922,3179.689042969832,3181.787385213562
"WITCH 6.0","High-to-Low - SSP5 (Marker)","China+ (R10)","Capacity|Electricity|Biomass","GW",1,11.62362,,18.41051591338923,14.64868528535223,11.6555115347548,9.273934588016894,7.378986540947678,5.871234248497137,4.671561793673987,3.717019057398482,2.957518552312163,4.044317942633463,8.420748464215556,16.94443640467281,30.96419385135847,52.50996872393675,84.57045163370782,86.32893911640478
"WITCH 6.0","High-to-Low - SSP5 (Marker)","China+ (R10)","Capacity|Electricity|Coal","GW",1,1069.260839999999,,1164.918034213813,1069.260831948468,914.58725627997,787.608774808163,706.5708576170605,604.3620814743509,516.938282390874,442.160744349359,378.2001265979961,323.4917110726717,276.704970563709,236.6783036144065,202.4416810716301,173.1575459568783,148.1094978222362,126.6847668920986
"WITCH 6.0","High-to-Low - SSP5 (Marker)","China+ (R10)","Capacity|Electricity|Fossil","GW",1,1192.951669999999,,1339.801970517197,1226.643831830062,1058.045295500613,901.7539556430248,797.3926922009285,681.7340312210913,587.6793749233219,498.447271360597,422.9855972427085,359.1261423899198,305.1246477673326,259.2909728750444,220.4338914485235,187.537387000177,159.5510982036508,135.7884989078982
"WITCH 6.0","High-to-Low - SSP5 (Marker)","China+ (R10)","Capacity|Electricity|Gas","GW",1,77.49552,,123.7542283466895,116.7006526777938,111.0883379226746,88.38959802960495,70.3289038789414,61.06635060529093,57.76722524182559,45.96361700869778,36.57184640041552,29.09910133666131,23.21971471631932,18.47521790780749,14.70016668641815,11.76046241239729,9.357440796329513,7.445429880759519
"WITCH 6.0","High-to-Low - SSP5 (Marker)","China+ (R10)","Capacity|Electricity|Hydro","GW",1,344.280758,,372.7043228937254,405.2003048492817,433.355933141369,457.7509308246637,478.8875897474982,497.2011127172572,513.0685743055959,526.8166847960331,538.7285171332339,549.0493353815511,557.9916447005075,565.7395668159786,572.4526310778189,578.2690591616284,583.308611046516,587.6750508674037
"WITCH 6.0","High-to-Low - SSP5 (Marker)","China+ (R10)","Capacity|Electricity|Nuclear","GW",1,49.14534333333334,,80.85278522393307,70.17924079323176,64.44873089369833,64.38610354604275,70.39646884145407,75.64795044130683,75.679608449903,69.84796827266224,61.1266198402037,52.28436865441544,45.36384538892733,38.80175318211536,33.1888982756583,28.38796905856571,24.28151668599187,20.76908183730037
"WITCH 6.0","High-to-Low - SSP5 (Marker)","China+ (R10)","Capacity|Electricity|Oil","GW",1,46.19531,,51.12970795669461,40.68234720380018,32.36970129796812,25.7555828052567,20.49293070492665,16.3055991414495,12.97386729062238,10.32291000254028,8.213624244296868,6.535329980586846,5.199962487304351,4.137451352830452,3.292043690475301,2.619378630901414,2.084159585085083,1.658302135040022
"WITCH 6.0","High-to-Low - SSP5 (Marker)","China+ (R10)","Capacity|Electricity|Solar|CSP","GW",1,0.4974000000000011,,0.5916800000000011,0.4772243312208531,0.393619298651639,0.367572182806771,0.39353099756832,0.476673270602297,0.606657442946959,0.677885752168183,0.8350221992063671,0.765627729082859,2.332736998490489,2.321349027582452,2.776375427972517,2.765347399716773,2.763279559237376,2.572928771715465
"WITCH 6.0","High-to-Low - SSP5 (Marker)","China+ (R10)","Capacity|Electricity|Solar|PV","GW",1,272.1139959999992,,1118.777911999998,1666.142108710151,1837.835708059104,1800.320994394789,1662.958440859309,1562.258569312432,1490.94711674303,1443.241654813248,1414.546900868488,1365.095184506368,1431.741574464482,1450.212551388438,1433.807575388578,1392.763045528077,1334.912734256035,1266.209819165261
"WITCH 6.0","High-to-Low - SSP5 (Marker)","China+ (R10)","Capacity|Electricity|Wind|Offshore","GW",1,15.52084,,38.93900000000008,77.79721661892444,77.79700000000004,77.79700000000004,77.79700000000004,116.655,116.6561908796247,109.7368690210052,104.0495478796118,92.45593520424315,82.9265911702942,75.09414618228912,68.65628552495897,63.36470034222751,59.01529372467455,55.44030867359247
"WITCH 6.0","High-to-Low - SSP5 (Marker)","China+ (R10)","Capacity|Electricity|Wind|Onshore","GW",1,259.2746859999999,,405.1736199999994,600,867.4277251427683,1099.464834219584,1302.721414386402,1482.638407301979,1643.695974928851,1789.58477032,1923.346718351654,2742.613915419001,2782.206333950602,2740.13683656064,2640.598176981032,2531.839666951599,2370.307345334041,2164.086886677115
"WITCH 6.0","High-to-Low - SSP5 (Marker)","Europe (R10)","Capacity|Electricity|Biomass","GW",1,14.60282,,15.06701591338923,11.98836444035323,9.538775480220272,7.589712351067844,6.038902340389459,4.80497017408444,3.823168031618158,3.041978049483351,2.420409036958265,2.861903674941855,10.47591889171763,26.96074848889059,55.04594265532788,87.91813036593788,93.51605144339267,115.0895234950071
"WITCH 6.0","High-to-Low - SSP5 (Marker)","Europe (R10)","Capacity|Electricity|Coal","GW",1,149.9856666666667,,123.9434342138131,149.9856586151355,128.2895322595825,109.7318519606887,93.85862683136497,80.28153788769913,68.66843830129727,58.73522783451267,50.23890267658729,42.97161065347131,36.75556637932056,32.35494550388588,27.6746514520351,23.6713838043598,20.24720752795976,17.31835435006405
"WITCH 6.0","High-to-Low - SSP5 (Marker)","Europe (R10)","Capacity|Electricity|Fossil","GW",1,380.0066136666667,,361.135155083897,374.5814203602899,306.9935210943554,251.9211585500756,206.994315856548,171.3183038082148,143.5224252872109,120.6387111950384,100.1540471365655,82.68756677370953,68.3563398040956,61.65897579334245,52.25870217372294,44.03004113997753,36.5768104199371,30.68568078561274
"WITCH 6.0","High-to-Low - SSP5 (Marker)","Europe (R10)","Capacity|Electricity|Gas","GW",1,203.770567,,211.0185429133892,203.7705633308989,162.1340144239209,129.0050839704876,102.6454057118392,82.6899678441185,68.21269465403482,56.61920986621458,45.71060941359224,36.37053598342665,28.9389247855529,27.18607861571502,22.89886125365878,19.01780353882678,15.26272647334447,12.51844544989686
"WITCH 6.0","High-to-Low - SSP5 (Marker)","Europe (R10)","Capacity|Electricity|Hydro","GW",1,189.687228,,192.299801962349,201.2534192742361,209.0111390208765,215.7326922848869,221.5564755300208,226.6024001778107,230.974361578065,234.7623782092063,238.0444451544836,240.8881400170471,243.3520143396006,245.4867991778958,247.3364496507705,248.9390499739664,250.3275976123297,251.5306826960512
"WITCH 6.0","High-to-Low - SSP5 (Marker)","Europe (R10)","Capacity|Electricity|Nuclear","GW",1,118.8366766666666,,158.7391260624669,135.776769738395,116.136025552632,99.33640678849926,90.66786923944517,91.58186763884521,88.82775204301329,87.98952540695582,89.05248540229832,77.88824763215048,76.24255047535455,87.56370806775399,89.66248568950355,92.96445994893008,94.98234685238607,101.1268455317015
"WITCH 6.0","High-to-Low - SSP5 (Marker)","Europe (R10)","Capacity|Electricity|Oil","GW",1,26.25038,,26.17317795669462,20.82519841425543,16.56997441085205,13.18422261889928,10.49028331334382,8.346798076397116,6.641292331878811,5.284273494311117,4.204535046385995,3.345420136811575,2.661848639222145,2.117951673741556,1.685189468029067,1.340853796790938,1.066876418632866,0.848880985651829
"WITCH 6.0","High-to-Low - SSP5 (Marker)","Europe (R10)","Capacity|Electricity|Solar|CSP","GW",1,2.347180000000002,,2.811416000000002,4.518862476128795,5.801174541739084,7.41546508582952,11.35737407857627,14.9512369890266,19.53441329352051,24.74599837224146,35.97994471966897,39.38365633685221,75.7660038554859,86.59352334196107,92.79491517845356,99.94882308239735,105.2158442612453,110.1929879557696
"WITCH 6.0","High-to-Low - SSP5 (Marker)","Europe (R10)","Capacity|Electricity|Solar|PV","GW",1,160.9028593333334,,498.212359999999,638.3997154530556,669.209921520724,638.8988674754984,578.5962633022378,538.6998780264689,515.7883311696712,506.6141405329433,495.0647910311507,478.7422043028147,465.7548205080796,492.8736361000186,596.3748413946473,738.9000674830658,825.8649983424508,871.2661029135722
"WITCH 6.0","High-to-Low - SSP5 (Marker)","Europe (R10)","Capacity|Electricity|Wind|Offshore","GW",1,24.43447999999999,,32.92710000000007,32.9271,32.9271,32.9271,32.9271,32.9271,32.9271,32.9271,32.9271,32.9271,32.9271,32.9271,32.9271,32.9271,32.9271,32.9271
"WITCH 6.0","High-to-Low - SSP5 (Marker)","Europe (R10)","Capacity|Electricity|Wind|Onshore","GW",1,183.565008,,220.7540799999999,364.5426115631452,494.2075775978777,612.5535520584177,721.8930671022299,824.1344070419602,920.8537750546341,1013.354615231608,1102.716377110134,1662.607261093753,1689.406261093753,1748.396389103653,1857.408000442276,1988.724021502372,2073.393692342277,2008.856791508256
"WITCH 6.0","High-to-Low - SSP5 (Marker)","India+ (R10)","Capacity|Electricity|Biomass","GW",1,0.7810400000000001,,5.737473434018074,4.581037973393772,3.689528222717146,3.254995595744793,3.844279331157855,5.139250134630918,5.763521705130579,6.579330098680117,6.399346919154185,5.941764918021835,6.797965820770026,9.231095559956815,13.68210833952803,20.83431671681299,31.70869917672404,47.80282512491091
"WITCH 6.0","High-to-Low - SSP5 (Marker)","India+ (R10)","Capacity|Electricity|Coal","GW",1,234.94558,,284.3477553176981,327.8828180161963,391.6409923384686,493.6398714187868,622.4291223787218,759.972099885079,877.274150790671,974.866685680886,1089.138236163867,934.1393010946115,805.2225410272357,700.2098231755137,608.9178577706803,530.5780801006199,463.9094510142034,396.8027812187506
"WITCH 6.0","High-to-Low - SSP5 (Marker)","India+ (R10)","Capacity|Electricity|Fossil","GW",1,301.1654328,,365.977385410345,419.8553469723596,503.2675889442793,639.7225836387082,816.5613406089107,1009.345747410528,1182.413423748144,1337.822863751758,1521.245018035462,1278.803471598108,1081.531580946179,923.882649969639,789.7735928593727,676.2349738746603,582.4744526109104,495.1248348302092
"WITCH 6.0","High-to-Low - SSP5 (Marker)","India+ (R10)","Capacity|Electricity|Gas","GW",1,47.807073,,61.41187317925773,75.88587719728423,98.82693906120605,135.8984155922078,186.0288844152165,242.9260722713868,300.009134226179,358.8742833483961,428.8589428952848,342.0799642137167,274.2528658915837,222.0367919127339,179.5539920953889,144.6211366273627,117.7408812654183,97.6663262311342
"WITCH 6.0","High-to-Low - SSP5 (Marker)","India+ (R10)","Capacity|Electricity|Hydro","GW",1,62.207574,,65.31853589726248,65.53478923299492,65.72215850671418,65.88450164290293,66.02516127905591,66.1470335904278,66.25262792214478,66.34411845650197,66.42338897927395,66.49207166677479,66.55158069229125,66.60314134384373,66.64781525280867,66.68652225285847,66.72005931929316,66.74911697872419
"WITCH 6.0","High-to-Low - SSP5 (Marker)","India+ (R10)","Capacity|Electricity|Nuclear","GW",1,7.57302,,12.73406846807899,13.66915614090767,16.66552525359663,21.37827202664173,26.73514105047549,31.98072880937135,36.5830908520572,41.16303972499352,47.22478679670906,61.74662098124249,85.25599684682754,126.0203777102921,168.5715044807471,193.6170663079246,198.5736967506242,208.1117198930913
"WITCH 6.0","High-to-Low - SSP5 (Marker)","India+ (R10)","Capacity|Electricity|Oil","GW",1,18.4127798,,20.21775691338923,16.08665175887903,12.79965754460467,10.18429662771363,8.103333814972213,6.447575254061866,5.130138731293707,4.081894722475661,3.247838976310277,2.584206289779705,2.056174027360095,1.636034881391238,1.301742993303597,1.035757146677719,0.8241203312885961,0.6557273803243711
"WITCH 6.0","High-to-Low - SSP5 (Marker)","India+ (R10)","Capacity|Electricity|Solar|CSP","GW",1,0.437074241473102,,0.514242523659741,0.76057198971741,1.071428850687194,2.030201165932085,3.522464529174227,5.457628605821363,7.764078496113539,10.38530921820583,13.27685038403383,24.49920505015797,82.76267949556328,155.6697501939618,186.0130348935912,216.5638216276403,237.2984505763908,286.4963015058354
"WITCH 6.0","High-to-Low - SSP5 (Marker)","India+ (R10)","Capacity|Electricity|Solar|PV","GW",1,42.98778400000001,,132.2132379999999,200.4617766700423,250.9063513746467,294.2015064304224,331.8878299590604,365.193133276349,395.0964127860649,422.3787425944711,447.6637695258284,800.1351493316412,1425.190840773188,2028.211340158763,2674.04453690124,3216.013798442005,3619.797767461234,3929.100986292104
"WITCH 6.0","High-to-Low - SSP5 (Marker)","India+ (R10)","Capacity|Electricity|Wind|Offshore","GW",1,0.00002,,0.161999999999999,1.054364860444589,1.508852807733617,1.905270345470424,2.254534086183669,2.565631486241296,2.845964704405884,3.101633244845914,3.343018026895561,12.03436711625854,20.34608389408235,25.5290683165471,29.4434195687505,32.04308570204094,34.93961775009472,40.27248313216322
"WITCH 6.0","High-to-Low - SSP5 (Marker)","India+ (R10)","Capacity|Electricity|Wind|Onshore","GW",1,40.22698600000003,,46.88604000000002,100.0968922297132,146.2377991841314,186.6282936791581,222.3544958440497,254.3107114850197,283.2336247490937,309.7304037049661,334.301802689556,1203.436711625854,2034.608389408236,2552.90683165471,2944.341956875049,3204.308570204094,3493.961775009472,4027.248313216322
"WITCH 6.0","High-to-Low - SSP5 (Marker)","Latin America (R10)","Capacity|Electricity|Biomass","GW",1,15.18226,,26.93083398387431,21.42804217751107,17.55317462635493,15.31747411718506,15.37782916872313,13.99126577114664,14.86680254700228,12.78433279605366,11.30503157836493,10.67006838979997,12.56952669273007,17.53309552465921,26.43857523093765,40.63954406739374,62.15354014758439,93.93611976799409
"WITCH 6.0","High-to-Low - SSP5 (Marker)","Latin America (R10)","Capacity|Electricity|Coal","GW",1,17.74932,,21.7420331991777,24.19750728570573,26.31242748599915,24.24089497805714,25.12871621631843,30.48052703672334,34.39995645887284,34.30360314742442,34.78120194566699,29.77594436392597,25.9704310801562,22.36128381302539,19.12661962206638,16.35986472092094,13.99333384442128,11.96913271727856
"WITCH 6.0","High-to-Low - SSP5 (Marker)","Latin America (R10)","Capacity|Electricity|Fossil","GW",1,152.04119,,190.7443543379266,190.5414503213796,190.4068945281809,173.4544238298986,173.4756114161487,193.0505337316736,205.6263970459182,204.2056789506453,206.7994781484311,167.06991296206,136.6977110783394,114.2728945244549,95.74500069057753,77.5986555714462,63.25487245659872,51.509379666626
"WITCH 6.0","High-to-Low - SSP5 (Marker)","Latin America (R10)","Capacity|Electricity|Gas","GW",1,100.35158,,130.580097268665,135.7725528538876,139.7697454746018,129.859090737581,132.9471598450792,150.3169075558109,161.4770237915641,162.1447625902398,165.8460189748055,132.3828920124501,106.8196863351709,88.80245776526604,74.14452301767561,59.27041754703897,47.69536408548262,38.29408970685526
"WITCH 6.0","High-to-Low - SSP5 (Marker)","Latin America (R10)","Capacity|Electricity|Hydro","GW",1,197.629256,,201.1021251676045,219.1968673710613,234.8747698335398,248.4586398251241,260.2281685863773,270.4256901577547,279.2611710260332,286.9165333243424,293.5494006002795,299.2963432772985,304.2756906332697,308.5899671947122,312.3280037119458,315.5667661800387,318.3729405650043,320.8043058646875
"WITCH 6.0","High-to-Low - SSP5 (Marker)","Latin America (R10)","Capacity|Electricity|Nuclear","GW",1,5.074363333333332,,6.408220966757963,5.853682001978947,5.792311889942593,7.30560935667861,9.802752937381356,12.49641449512638,14.76360991877412,16.44087008209914,18.47648453807878,16.17213487605962,15.14707342005408,16.63117290687136,17.05159321151209,17.77491958067852,18.18999922856657,18.75679136239532
"WITCH 6.0","High-to-Low - SSP5 (Marker)","Latin America (R10)","Capacity|Electricity|Oil","GW",1,33.94029,,38.42222387008385,30.57139018178622,24.32472156757997,19.35443811426044,15.39973535475107,12.25309913913933,9.749416795481277,7.757313212981069,6.172257227958639,4.911076585683897,3.90759366301223,3.109152946163432,2.473858050835541,1.968373303486283,1.566174526694811,1.246157242492193
"WITCH 6.0","High-to-Low - SSP5 (Marker)","Latin America (R10)","Capacity|Electricity|Solar|CSP","GW",1,0.256269999999999,,0.291923999999999,0.409748761405103,1.028997693730923,2.241876807049203,3.945274310976817,6.482071248083008,9.711811849177554,14.07144125245818,19.3752838934355,17.94379400841667,45.41734773361293,66.33728900004961,83.78893642199407,105.2597959890005,104.9043920328519,108.5626562035467
"WITCH 6.0","High-to-Low - SSP5 (Marker)","Latin America (R10)","Capacity|Electricity|Solar|PV","GW",1,26.50736099999996,,116.5694640000001,194.9647580041836,248.0417838028926,294.2946660998583,335.2193253605342,372.0085824285586,405.6141571324721,436.7959989641544,466.1615396693085,489.4961253706044,507.2118258532308,553.1330220883008,642.452971831185,726.071365898374,775.7353686797305,809.0821301351504
"WITCH 6.0","High-to-Low - SSP5 (Marker)","Latin America (R10)","Capacity|Electricity|Wind|Offshore","GW",1,0.00003,,0.242999999999999,25.31349255783449,40.04195520354838,72.0339093622699,125.623829056397,165.3974219226169,235.4461312397755,333.3076648784885,415.0299455381304,341.1724640708642,280.4654722050654,230.5674958830309,189.7931352799208,156.1179141233161,128.4386413370535,106.4939880379654
"WITCH 6.0","High-to-Low - SSP5 (Marker)","Latin America (R10)","Capacity|Electricity|Wind|Onshore","GW",1,33.931598,,49.28125999999999,89.9300733597609,126.2642472915603,159.12582170875,189.2087731986543,217.0854250914271,243.2281563451751,268.0272463348159,291.8055435851413,1071.196043931561,1412.644644413586,1677.253372310054,1941.38240107154,2171.597681577091,2304.168806792569,2400.414805009668
"WITCH 6.0","High-to-Low - SSP5 (Marker)","Middle East (R10)","Capacity|Electricity|Biomass","GW",1,0.08001999999999901,,0.08371139855611501,0.066606603422417,0.052996840286896,0.04300431449970801,0.036611261703803,0.029130462889888,0.023320493234344,0.018835075801766,0.015784071293009,0.9880589458597251,3.185915867300255,6.97937497290913,12.93313357763634,15.82663551623269,16.32349125042977,19.34332659442682
"WITCH 6.0","High-to-Low - SSP5 (Marker)","Middle East (R10)","Capacity|Electricity|Coal","GW",1,10.21704,,17.7891206614689,24.36292768235116,29.98580280028353,25.64821631078435,23.31021051276027,25.43441497816766,25.79018753165127,26.42359156404205,26.49237776555737,22.66013153103255,19.38334755537324,16.57945575906426,14.18116001281575,12.12978895276083,10.37515830196917,8.874343173664144
"WITCH 6.0","High-to-Low - SSP5 (Marker)","Middle East (R10)","Capacity|Electricity|Fossil","GW",1,408.8396,,478.8438382803612,416.6377858909851,365.8183517955272,357.0839259986623,366.0956076081154,358.8656136635163,334.0792622607014,316.8703922029507,297.4155417240021,238.2254195441123,190.902064217377,153.2049779183356,122.8899156757984,98.62602604686458,79.19757270466691,63.63423659034017
"WITCH 6.0","High-to-Low - SSP5 (Marker)","Middle East (R10)","Capacity|Electricity|Gas","GW",1,356.29808,,415.8389796621977,356.2980763308989,307.2069223269856,308.659172727589,324.6628021940998,319.0116033567164,296.8158430768262,281.3179005868932,263.6595769686768,209.7858736633435,166.9202131577448,132.9666333516802,105.7974895752398,84.17983157337369,66.9793212690746,53.29340049529059
"WITCH 6.0","High-to-Low - SSP5 (Marker)","Middle East (R10)","Capacity|Electricity|Hydro","GW",1,18.929204,,19.34904210814196,21.61949633510998,23.58669539855541,25.29114383413935,26.76793615452422,28.04747944372942,29.15611943755292,30.11668298102508,30.94894803206803,31.67005088871379,32.29483902467005,32.83617679810153,33.30521032815606,33.71159699303057,34.06370427493135,34.36878204613687
"WITCH 6.0","High-to-Low - SSP5 (Marker)","Middle East (R10)","Capacity|Electricity|Nuclear","GW",1,2.26001,,3.968494796501351,3.394433480631252,3.647967914395462,4.907121210622804,5.993775419874513,6.870437076240961,7.578291155664298,8.456147015759079,9.425043706403908,8.061667093940814,6.895509279110287,5.898041641291959,5.04486235814368,4.818058655227986,5.036089009863386,5.335567035966565
"WITCH 6.0","High-to-Low - SSP5 (Marker)","Middle East (R10)","Capacity|Electricity|Oil","GW",1,42.32447999999999,,45.21573795669462,35.97678187773507,28.62562666825808,22.77653696028899,18.12259490125527,14.41959532863227,11.47323165222391,9.128900052015426,7.263586989767938,5.77941434973626,4.598503504258924,3.658888807591137,2.911266087742856,2.316405520730076,1.843093133623145,1.466492921385429
"WITCH 6.0","High-to-Low - SSP5 (Marker)","Middle East (R10)","Capacity|Electricity|Solar|CSP","GW",1,1.038627999999997,,1.241153599999998,2.403659795895728,4.335010025905333,6.932157375813119,10.08583634311482,13.70978388085553,17.73605634041632,22.11130376395515,26.79380591745128,487.1874151766264,792.9820940982936,974.5528843305634,1186.215153238863,1338.021006423552,1416.778785962678,1446.08034528104
"WITCH 6.0","High-to-Low - SSP5 (Marker)","Middle East (R10)","Capacity|Electricity|Solar|PV","GW",1,9.773837999999984,,37.04120000000002,235.4569416555285,399.5308864135179,536.4366897222299,651.886160027745,750.4280615844694,835.6858630536487,910.546908590619,977.312938151844,1005.154974319915,1004.554543082792,983.5986580342168,948.4943740349482,1000.961297359616,1104.175921546019,1262.482027937386
"WITCH 6.0","High-to-Low - SSP5 (Marker)","Middle East (R10)","Capacity|Electricity|Wind|Offshore","GW",1,0.00001,,0.080999999999999,0.5710753997609861,1.015492591540843,1.404562800112115,12.32396102966808,45.08993213178515,101.5856766118301,156.0741750479658,213.0679994188509,175.1426955939251,143.9700768553445,118.3478125347048,97.28764962636825,79.97729578046047,65.74908911507822,54.05424643799994
"WITCH 6.0","High-to-Low - SSP5 (Marker)","Middle East (R10)","Capacity|Electricity|Wind|Onshore","GW",1,3.99585,,5.860920000000003,57.10753997609866,101.5492591540843,140.4562800112115,174.8741217195612,205.6636628594291,233.5340553813951,259.0697791311121,282.7528802442204,579.1599731624224,666.6002922527676,811.230528513294,929.5732576471953,1062.808322474683,1163.691632972895,1259.72418953995
"WITCH 6.0","High-to-Low - SSP5 (Marker)","North America (R10)","Capacity|Electricity|Biomass","GW",1,8.45684,,8.921074887868281,7.098226853295382,7.631891681706831,9.841175779257984,9.498997626403337,7.558062327536063,6.013719383204979,4.78493286409892,3.807224955969231,9.88999053570731,24.57928045974077,50.40721478544062,91.2576770402013,152.9043654929046,194.2326363119065,265.5911646592621
"WITCH 6.0","High-to-Low - SSP5 (Marker)","North America (R10)","Capacity|Electricity|Coal","GW",1,256.54572,,218.7968296240677,256.5457038969377,223.4193302654809,191.100680172733,163.4570738310173,149.1796873423451,135.1494675967576,121.4664573618989,109.2997256317934,93.48900959513787,85.06671456804364,72.77419136139214,62.24706452954299,53.24273578394821,45.54092526586381,38.95321762741317
"WITCH 6.0","High-to-Low - SSP5 (Marker)","North America (R10)","Capacity|Electricity|Fossil","GW",1,828.8124700000001,,847.0200705080151,822.4277890246924,706.6814274355397,580.4283807271644,517.8118845144043,464.9512588739277,413.1009870600282,365.7929753362392,325.3632810109019,267.9326877765012,233.6962185662308,211.6694976034054,175.3108084528687,143.3321144319346,117.4087627789736,96.15188177340868
"WITCH 6.0","High-to-Low - SSP5 (Marker)","North America (R10)","Capacity|Electricity|Gas","GW",1,545.07374,,602.0712349705582,545.0737326617979,466.7055265658205,376.1541429351244,343.873013184527,307.4315253586274,271.3155994147686,239.0465190418514,211.8624214710262,171.1009642264349,145.9698085852473,136.7790678246683,111.3799176410915,88.74960949650296,70.80182411362475,56.35046983832444
"WITCH 6.0","High-to-Low - SSP5 (Marker)","North America (R10)","Capacity|Electricity|Hydro","GW",1,165.965164,,167.4547710950658,176.344568449233,184.0469924054698,190.7206355086839,196.5029077546845,201.5128658554954,205.8536646114242,209.6146808635209,212.8733537585071,215.6967792171443,218.143091436068,220.2626598681471,222.0991263271352,223.6903035705517,225.0689538625704,226.2634635474892
"WITCH 6.0","High-to-Low - SSP5 (Marker)","North America (R10)","Capacity|Electricity|Nuclear","GW",1,111.4993533333333,,123.6148009061205,105.7333423410875,90.43852031204523,78.41092768025797,74.96712522536126,71.96870463231676,68.32159935598774,66.3075311944594,66.32332578867545,62.49908702881517,69.36554357314046,75.50164774414215,77.91559673550717,81.61517054956379,84.32503362037598,87.56209496981005
"WITCH 6.0","High-to-Low - SSP5 (Marker)","North America (R10)","Capacity|Electricity|Oil","GW",1,27.19301,,26.15200591338924,20.80835246595678,16.55657060423842,13.17355761930707,10.48179749885987,8.34004617295508,6.63592004850203,5.279998932488928,4.201133908082178,3.342713954928407,2.65969541294006,2.116238417344898,1.683826282234283,1.339769151483486,1.066013399485013,0.8481943076710711
"WITCH 6.0","High-to-Low - SSP5 (Marker)","North America (R10)","Capacity|Electricity|Solar|CSP","GW",1,1.723359999999997,,2.057632000000002,2.821983624407528,3.731575788365179,5.999853916809964,7.372847532240218,11.63610924610414,21.37366101644068,35.62716760981175,53.63815695009937,54.08951052282458,221.3978593072212,302.2195365123888,370.5683951057297,424.5491895358315,459.1288573185791,495.0355419034811
"WITCH 6.0","High-to-Low - SSP5 (Marker)","North America (R10)","Capacity|Electricity|Solar|PV","GW",1,82.92155600000005,,258.5487219999999,453.1172509217491,526.6057073847683,551.9683423806529,582.3667669697886,617.0300370506377,655.3512509176655,696.8541952949266,741.1668103741555,757.7551269587162,754.1510536855806,740.2708400049972,715.2054329426956,701.1367534876979,725.1123085750729,758.5092193336004
"WITCH 6.0","High-to-Low - SSP5 (Marker)","North America (R10)","Capacity|Electricity|Wind|Offshore","GW",1,0.03411,,0.194299999999999,2.369449240761115,3.05495743571617,3.714979023596288,4.356490456641588,4.985287589484073,5.606197442045001,6.223252296854653,6.839832838175797,10.20158619011607,11.52630080648522,12.9114692223304,13.52390410061207,14.60393422526395,15.53309325756113,16.04836354769327
"WITCH 6.0","High-to-Low - SSP5 (Marker)","North America (R10)","Capacity|Electricity|Wind|Onshore","GW",1,132.0117959999999,,165.0039799999999,236.9449240761114,305.495743571617,371.4979023596288,435.6490456641586,498.5287589484071,560.6197442045004,622.3252296854654,683.9832838175797,1020.158619011607,1152.630080648522,1291.14692223304,1352.390410061207,1460.393422526395,1553.309325756113,1604.836354769326
"WITCH 6.0","High-to-Low - SSP5 (Marker)","Pacific OECD (R10)","Capacity|Electricity|Biomass","GW",1,2.67744,,3.828678649913832,3.046362680175982,2.423897753700969,1.928621420761758,1.577936976419956,1.523648204003829,1.687776251041537,1.740379417419866,1.817189021999656,2.128117833880311,5.548511918257401,7.554596540678951,11.47372018996591,16.92624947078703,22.67236166818662,30.00358903503377
"WITCH 6.0","High-to-Low - SSP5 (Marker)","Pacific OECD (R10)","Capacity|Electricity|Coal","GW",1,117.15988,,124.6190684276262,117.1598638969377,100.2121421322193,85.71598751226107,73.3167693941539,65.51517134847907,61.02838183647531,57.17224811027089,53.334870165233,46.48705881649521,40.3551804684174,34.51761504630859,29.52448073965644,25.25362664184313,21.60057154566676,18.47594793875573
"WITCH 6.0","High-to-Low - SSP5 (Marker)","Pacific OECD (R10)","Capacity|Electricity|Fossil","GW",1,289.849264,,295.8114416594694,258.5440950585739,213.5770627168986,175.9169928429261,145.3847011005596,131.2329828701839,119.5423807973158,109.3576730314406,99.10139893826954,82.90208812654626,69.45714101381591,60.07880183936997,49.90861742556469,41.48881849896981,34.76774149081395,29.05870235248054
"WITCH 6.0","High-to-Low - SSP5 (Marker)","Pacific OECD (R10)","Capacity|Electricity|Gas","GW",1,32.8805,,34.82451731845401,32.88049266179785,27.03180938640188,21.50838522167925,17.41131164553165,22.22920806271454,23.91144525907663,24.65322964585947,23.86000178051651,18.98467477147341,15.23315973346461,14.52620551741407,11.6039390750878,9.249056751017486,7.608515586313165,6.15990289257909
"WITCH 6.0","High-to-Low - SSP5 (Marker)","Pacific OECD (R10)","Capacity|Electricity|Hydro","GW",1,48.427192,,49.47926282548471,53.16708271176322,56.3623357762262,59.13081212832455,61.52951456518958,63.6078322565295,65.40855766529748,66.96876764247956,68.32058683770268,69.49184914425078,70.50667079761098,71.38594692762145,72.14778178820632,72.80786152310763,73.37977714284298,73.87530436296916
"WITCH 6.0","High-to-Low - SSP5 (Marker)","Pacific OECD (R10)","Capacity|Electricity|Nuclear","GW",1,57.29203,,49.00447015245668,41.91574456207989,35.85243625178654,30.66621382055287,27.63536637744861,26.05472338270608,23.68721218467582,21.84313483456651,20.43898713028086,19.35328873077619,20.0079475795389,20.68993513609027,19.53603356270558,18.65867043709642,17.43196167885606,16.50977055277597
"WITCH 6.0","High-to-Low - SSP5 (Marker)","Pacific OECD (R10)","Capacity|Electricity|Oil","GW",1,139.808884,,136.3678559133892,108.5037384998384,86.33311119827742,68.69262010898582,54.65662006087408,43.48860345899025,34.60255370176383,27.5321952753102,21.90652699252002,17.43035453857762,13.8688008119339,11.03498127564732,8.78019761082046,6.986135106109193,5.558654358834033,4.422851521145725
"WITCH 6.0","High-to-Low - SSP5 (Marker)","Pacific OECD (R10)","Capacity|Electricity|Solar|CSP","GW",1,0.105137338718653,,0.11597632811523,0.105209153505417,0.10475788894741,0.104398851761508,0.104113202416224,0.3680521010102391,0.9880124255169481,1.901599924530023,3.059430798491854,2.455138087957337,19.40269130291444,19.7307770794315,21.67515647902482,38.723084470891,48.37669533571351,57.72139499090714
"WITCH 6.0","High-to-Low - SSP5 (Marker)","Pacific OECD (R10)","Capacity|Electricity|Solar|PV","GW",1,105.6819440000001,,262.7952100000002,327.5801286196556,354.3388528146995,377.2133103036015,399.6436776722683,398.5043662333377,402.5067805261494,410.7242656479521,422.4226406469746,421.7796432216584,419.8708980474532,429.7045743241119,438.627059756863,446.1198404001647,451.3237847365951,452.9983722317199
"WITCH 6.0","High-to-Low - SSP5 (Marker)","Pacific OECD (R10)","Capacity|Electricity|Wind|Offshore","GW",1,0.197209999999999,,0.481767306678452,0.610095526558114,0.6729643382509091,0.7311981263759401,0.785787787903606,0.87269154620452,0.969012154696097,1.0832958181865,1.21323082575999,1.671577787047156,2.127240877844762,2.630875340437923,2.836257505693783,2.993193604590636,3.078145218260447,2.984062864003236
"WITCH 6.0","High-to-Low - SSP5 (Marker)","Pacific OECD (R10)","Capacity|Electricity|Wind|Onshore","GW",1,15.7422,,21.30223999999999,32.14142492208531,44.29587557584459,57.61335149990932,71.97078821377598,87.269154620452,96.90121546960975,108.32958181865,121.3230825759991,167.1577787047156,212.7240877844761,263.0875340437924,283.6257505693783,299.3193604590636,307.8145218260446,298.4062864003236
"WITCH 6.0","High-to-Low - SSP5 (Marker)","Reforming Economies (R10)","Capacity|Electricity|Biomass","GW",1,0.26642,,1.213216309257044,0.9653191676414741,0.8954577636526131,1.28583787041682,1.710794684787465,1.361227085824312,1.222877312980194,1.152173396455836,1.058333845938802,1.790194407223442,3.733648723866084,7.234081609343018,12.82461180320304,21.30025812304662,33.82597080013394,52.09296267985717
"WITCH 6.0","High-to-Low - SSP5 (Marker)","Reforming Economies (R10)","Capacity|Electricity|Coal","GW",1,101.15094,,124.4500321645558,131.129451445954,136.8426615174251,117.0477311052409,112.9125457093461,114.3974204410564,116.9336593629035,115.8106134700705,109.8336872334319,94.57237418879251,82.73977595537171,70.77108074589025,60.53371322449355,51.7772287511381,44.28741067321351,37.88102977787806
"WITCH 6.0","High-to-Low - SSP5 (Marker)","Reforming Economies (R10)","Capacity|Electricity|Fossil","GW",1,290.57217,,320.5198960346397,320.3083380892589,287.3665244068784,236.8149720547201,211.5676088383905,205.9257761824859,200.9329630136729,199.3076067482836,186.0339307681444,155.2025809390231,131.9294904053404,110.9394443283906,92.51569012062211,77.27636628418858,64.77423914797275,54.42256164705201
"WITCH 6.0","High-to-Low - SSP5 (Marker)","Reforming Economies (R10)","Capacity|Electricity|Gas","GW",1,188.23522,,194.8838559133892,188.2352163308989,149.7730132400139,119.169812813136,98.17970780543055,91.15013002700113,83.69836100019117,83.25754240144248,76.0097197845028,60.47861282047128,49.06909578948891,40.07239099785248,31.90561444136945,25.43837825978267,20.43848417650848,16.50306578741133
"WITCH 6.0","High-to-Low - SSP5 (Marker)","Reforming Economies (R10)","Capacity|Electricity|Hydro","GW",1,105.423182,,123.4187754748883,123.5357491303982,123.6370990994192,123.7249121730193,123.80099641823,123.8669184060613,123.924035467124,123.9735236390039,124.0164018808188,124.0535530535395,124.0857420980549,124.1136317852689,124.137796362522,124.1587333773167,124.1768739217974,124.1925915089166
"WITCH 6.0","High-to-Low - SSP5 (Marker)","Reforming Economies (R10)","Capacity|Electricity|Nuclear","GW",1,42.69434333333334,,59.35240927451038,54.54921590514833,53.69813649571465,58.21609937586024,70.52914001711332,77.3106106607472,81.65468136608271,86.17604874860649,90.52143405751816,87.49445667464241,91.99968688909914,100.8866563118184,107.9053239188186,117.421112348028,125.7317536736257,132.0499551846408
"WITCH 6.0","High-to-Low - SSP5 (Marker)","Reforming Economies (R10)","Capacity|Electricity|Oil","GW",1,1.18601,,1.186007956694616,0.9436703124059691,0.7508496494393061,0.597428136343226,0.4753553236138151,0.378225714428316,0.300942650578223,0.239450876770599,0.190523750209694,0.151593929759303,0.120618660479733,0.09597258464785101,0.076362454759118,0.06075927326782501,0.048344298250751,0.03846608176262
"WITCH 6.0","High-to-Low - SSP5 (Marker)","Reforming Economies (R10)","Capacity|Electricity|Solar|CSP","GW",1,0.05199999999999901,,0.057199999999999,0.052,0.052,0.052,0.059974375100844,0.08960024001666801,0.121277334853526,0.167199223871583,1.153592145906608,0.928299257483251,11.56799999999999,11.20837905248937,10.92223964678852,11.58275915082257,11.57933554451257,11.57681541606137
"WITCH 6.0","High-to-Low - SSP5 (Marker)","Reforming Economies (R10)","Capacity|Electricity|Solar|PV","GW",1,15.90446400000003,,43.70933600000003,104.6218730313749,155.7998470743935,199.3008031232259,236.7635943306882,269.4939785668527,298.5327249874629,324.7098052145973,348.6875127630976,358.7333396660079,524.7716103730589,632.9494280578632,697.4828266141716,753.3253996005751,777.9217490731551,833.5020036980497
"WITCH 6.0","High-to-Low - SSP5 (Marker)","Reforming Economies (R10)","Capacity|Electricity|Wind|Offshore","GW",1,0.00001,,0.080999999999999,0.6565144911185681,1.070984541345018,6.084441236278512,30.2640799743054,70.61632751761128,96.69880299768307,157.2612342797052,215.8564794628008,177.4361049332335,145.8565639339515,119.8998307696668,98.56475194202096,81.02843156996414,66.61449222276292,54.76698698240072
"WITCH 6.0","High-to-Low - SSP5 (Marker)","Reforming Economies (R10)","Capacity|Electricity|Wind|Onshore","GW",1,12.45083600000001,,17.94337999999999,65.65144911185688,107.0984541345018,143.4555892889602,175.6869391625143,204.5863910025551,230.8079756019928,254.8908068532397,277.2795817139266,742.1853796151851,939.2008739934819,1133.925889939346,1273.392693106144,1423.114192434793,1512.604388702172,1620.706439545977
"WITCH 6.0","High-to-Low - SSP5 (Marker)","Rest of Asia (R10)","Capacity|Electricity|Biomass","GW",1,4.86944,,7.448806863275703,5.926788146775526,4.715764334009251,3.752189668870237,3.049644249865646,2.426508798489284,2.397483055568726,2.302123368802331,2.155356586968738,2.358253098270263,3.443234417978932,5.632385993325772,9.277677829796973,14.91077498506756,23.3159305027748,35.63573347683825
"WITCH 6.0","High-to-Low - SSP5 (Marker)","Rest of Asia (R10)","Capacity|Electricity|Coal","GW",1,90.54436,,118.5528702811972,119.4799359801895,132.1806736497832,150.9123264912373,172.1444767066633,195.4684188194947,207.9569746766519,216.2456859521898,225.1370312946936,193.7152345235088,168.4830122242834,147.3122756053753,129.5615641632464,111.7041610865605,95.54563222618518,81.72451006930099
"WITCH 6.0","High-to-Low - SSP5 (Marker)","Rest of Asia (R10)","Capacity|Electricity|Fossil","GW",1,193.1967,,238.3043887413236,228.7549487274397,242.6296708006117,269.3538968092386,300.0633975689486,335.3038598448896,352.9286950288817,361.1676483927223,368.4082099223208,308.3550377739947,261.2652472041704,224.0289760794014,195.1340488689444,165.8306551063177,138.8761195778499,116.4510353908556
"WITCH 6.0","High-to-Low - SSP5 (Marker)","Rest of Asia (R10)","Capacity|Electricity|Gas","GW",1,93.824996,,110.3535825467371,101.7973621385007,104.4992589166201,113.7075453002797,124.1522017250365,136.8383776373047,142.5870485397219,143.0245519032823,141.76146700694,113.4385718180195,91.82645181270948,75.95621299595174,64.96738804343343,53.64503708425184,42.94740677098756,34.4217198021618
"WITCH 6.0","High-to-Low - SSP5 (Marker)","Rest of Asia (R10)","Capacity|Electricity|Hydro","GW",1,50.545122,,55.39203502884352,54.05705145078832,52.90037609778098,51.89819307901782,51.02986749354915,50.27752055864494,49.62566148650411,49.06086852966646,48.57151262786731,48.14751796623685,47.78015451474849,47.46185827731362,47.18607554945999,46.94712797786655,46.7400956433372,46.56071575989736
"WITCH 6.0","High-to-Low - SSP5 (Marker)","Rest of Asia (R10)","Capacity|Electricity|Nuclear","GW",1,0.00004,,0.0001173439048254135,0.0001107489556814588,0.0001179548087206724,0.0001362667278392866,0.0001549611860205342,0.00017324955864342,0.0001845776833717594,0.0001941321156026127,0.0002051538651556509,0.0001823549396146112,0.0002375273133701246,0.0003814914339122936,0.0003864971415047721,0.0003609189330646544,0.0003767956500713802,0.0004197542598477668
"WITCH 6.0","High-to-Low - SSP5 (Marker)","Rest of Asia (R10)","Capacity|Electricity|Oil","GW",1,8.827343999999998,,9.397935913389231,7.477650608749543,5.949738234208427,4.734025017721615,3.766719137248864,2.997063388090266,2.38467181250781,1.89741053725021,1.50971162068715,1.201231432466351,0.955783167177582,0.7604874780743791,0.6050966622646891,0.481456935505331,0.383080580677186,0.304805519392803
"WITCH 6.0","High-to-Low - SSP5 (Marker)","Rest of Asia (R10)","Capacity|Electricity|Solar|CSP","GW",1,0.107302594932018,,0.118534115302015,0.10724430665932,0.115915977457743,0.1296872866523,0.147067314195638,0.203154764403461,0.272848361803232,0.614284530508041,1.344482816701416,1.407633773454548,3.08754201480392,3.56945695256718,3.768649036211605,12.23671579417345,18.66246707837439,18.38867571200068
"WITCH 6.0","High-to-Low - SSP5 (Marker)","Rest of Asia (R10)","Capacity|Electricity|Solar|PV","GW",1,17.48862847536099,,46.39906599999999,128.7403261415239,203.815674272144,267.8500593293285,322.1119993353387,368.6819287154417,409.2172972566034,445.0390521081033,477.2004502148466,560.7843171667996,701.9414872349225,862.1590619631909,1019.812528316747,1175.14779566059,1262.372398767392,1299.040518872112
"WITCH 6.0","High-to-Low - SSP5 (Marker)","Rest of Asia (R10)","Capacity|Electricity|Wind|Offshore","GW",1,0.457129999999999,,1.264999999999993,3.471,4.052704005200866,9.788538350568516,19.64441733498109,32.92907920869776,51.87420156956388,74.74400000000001,95.6398093310285,78.83420512580459,151.6706067784587,185.6353642389615,197.4610044939096,235.3267906030607,251.1158013429191,252.7280393022117
"WITCH 6.0","High-to-Low - SSP5 (Marker)","Rest of Asia (R10)","Capacity|Electricity|Wind|Onshore","GW",1,3.619404000000002,,6.95414,15.03911355592462,22.5631640809133,29.64835154907789,36.39556311523255,42.8882971304898,49.19577376178285,55.3754921251318,61.47533248981646,317.7353765544,441.1574789291085,649.5878718127885,724.384761625869,800.6158388325175,802.8540864451586,800.9539391899278
"WITCH 6.0","High-to-Low - SSP5 (Marker)","World","Capacity|Electricity|Biomass","GW",1,59.12394999999999,,88.27033738897047,70.24991740417782,58.55521813291914,52.64776126274739,48.82261077224221,43.01829188356911,40.85318803170818,36.55524800622526,32.41425890651487,41.54589724464845,80.64994262189462,152.2011384733617,270.5352344657269,434.8195464488549,579.8842422175147,772.8885686285303
"WITCH 6.0","High-to-Low - SSP5 (Marker)","World","Capacity|Electricity|Coal","GW",1,2094.935726666666,,2255.650217743834,2281.517915469699,2143.695732415556,2042.237303182629,2055.713958817105,2097.082548083117,2133.392033636254,2164.736648309378,2225.175979327691,1909.495218725382,1652.840540936417,1433.550210406033,1246.461669680238,1087.340424235489,945.4866593691595,816.7034282146197
"WITCH 6.0","High-to-Low - SSP5 (Marker)","World","Capacity|Electricity|Fossil","GW",1,4113.077070466666,,4589.111900181714,4460.197518716953,4111.680638498957,3856.029737041933,3910.997674860108,4057.556983705605,4211.814488526647,4388.74730996655,4637.500224500443,4220.816284139122,3668.892785590906,3077.921948773366,2571.868394742663,2150.487346976509,1800.987567209754,1510.699642657523
"WITCH 6.0","High-to-Low - SSP5 (Marker)","World","Capacity|Electricity|Gas","GW",1,1665.914916,,1970.789856174072,1890.11270649132,1738.381038693993,1631.103648302723,1709.923828391223,1844.8160120703,1986.396579288296,2150.788482759747,2354.063593509206,2264.964844069712,1979.168014973943,1615.024083194344,1302.055692070487,1044.567218891547,840.7176048812231,682.2335917359337
"WITCH 6.0","High-to-Low - SSP5 (Marker)","World","Capacity|Electricity|Hydro","GW",1,1212.46141,,1279.111065116725,1360.015479375059,1430.113826246437,1490.849427377053,1543.472825921183,1589.067535165584,1628.572348016811,1662.800666702762,1692.457250686061,1718.152727628066,1740.416166183529,1759.705969499173,1776.419313712791,1790.900325791143,1803.447169087922,1814.318182513099
"WITCH 6.0","High-to-Low - SSP5 (Marker)","World","Capacity|Electricity|Nuclear","GW",1,396.2352099999999,,496.3899980635944,432.5390447859718,387.9348698919958,365.680470119276,377.6461109326755,394.8554835039736,398.3505856782381,400.1531326253307,404.9727116278095,387.7401696032666,412.7112518854381,475.0990615390619,521.5406366061994,557.5740729696747,570.7861445783356,592.6572156187755
"WITCH 6.0","High-to-Low - SSP5 (Marker)","World","Capacity|Electricity|Oil","GW",1,352.2264278,,362.6718262638084,288.5668967559342,229.6038673894081,182.688785556581,145.3598876517795,115.6584235521883,92.02587560209659,73.22217889742561,58.26065166354636,46.35622134402813,36.88422968054602,29.34765517298861,23.35103299193788,18.57970384947263,14.78330295937198,11.76262270696955
"WITCH 6.0","High-to-Low - SSP5 (Marker)","World","Capacity|Electricity|Solar|CSP","GW",1,7.12235217512377,,8.45895856707699,12.58001262243498,17.96651905365502,27.13719495217272,39.48782791950448,56.89761897875574,82.97837691360644,116.7878580559323,163.7868230383827,657.6563094952608,1300.21260510175,1723.449009287208,2148.781180064132,2535.975192622904,2766.711382402536,2965.756302845191
"WITCH 6.0","High-to-Low - SSP5 (Marker)","World","Capacity|Electricity|Solar|PV","GW",1,741.1580054753606,,2529.372627999998,4000.000000020049,4714.561758820572,5044.268753056932,5204.217217373822,5361.603931248483,5542.63184115432,5743.879351490619,5949.1253580252,6552.801260931035,8391.60050497384,10912.78157645629,14098.84515129696,17667.94485115479,20094.81415309828,21730.44134300042
"WITCH 6.0","High-to-Low - SSP5 (Marker)","World","Capacity|Electricity|Wind|Offshore","GW",1,40.64386000000003,,74.5361673066786,144.9367346684577,162.3535057717052,206.6389814927609,306.2659905838263,472.3611362357661,644.963495681907,874.8478206472656,1088.525794329236,923.6409322831514,876.0876386296088,811.5851841219528,744.6098985279691,722.5179151770434,689.2081643981029,647.5334528301655
"WITCH 6.0","High-to-Low - SSP5 (Marker)","World","Capacity|Electricity|Wind|Onshore","GW",1,688.2376789999996,,943.8236099999993,1571.693355983062,2230.6164066506,2820.89636334551,3355.984503928428,3846.968115564189,4296.464180419961,4719.547531226358,5122.275009818151,9682.740685284427,11758.33865328277,13671.87433956974,15358.73645695311,17356.26799957453,18761.79461815058,19367.02139107043